/*--------------------------------*- C++ -*----------------------------------*\
| =========                 |                                                 |
| \\      /  F ield         | OpenFOAM: The Open Source CFD Toolbox           |
|  \\    /   O peration     | Version:  2312                                  |
|   \\  /    A nd           | Website:  www.openfoam.com                      |
|    \\/     M anipulation  |                                                 |
\*---------------------------------------------------------------------------*/
FoamFile
{
    version     2.0;
    format      ascii;
    arch        "LSB;label=64;scalar=64";
    class       volScalarField;
    location    "750";
    object      p;
}
// * * * * * * * * * * * * * * * * * * * * * * * * * * * * * * * * * * * * * //

dimensions      [1 -1 -2 0 0 0 0];

internalField   nonuniform List<scalar> 
5100
(
1.00409
1.00409
1.00409
1.00408
1.00408
1.00409
1.00409
1.0041
1.00411
1.00412
1.00413
1.00415
1.00416
1.00419
1.00421
1.00423
1.00426
1.00429
1.00432
1.00436
1.0044
1.00444
1.00449
1.00453
1.00458
1.00464
1.0047
1.00476
1.00482
1.00489
1.00497
1.00504
1.00512
1.0052
1.00528
1.00536
1.00544
1.00551
1.00558
1.00565
1.00571
1.00577
1.00583
1.00587
1.00592
1.00597
1.00602
1.00606
1.0061
1.00614
1.00617
1.00619
1.00622
1.00623
1.00625
1.00626
1.00627
1.00627
1.00627
1.00627
1.00627
1.00626
1.00625
1.00624
1.00623
1.00622
1.00621
1.00619
1.00618
1.00616
1.00615
1.00613
1.00612
1.00611
1.00609
1.00608
1.00606
1.00605
1.00604
1.00602
1.00601
1.00599
1.00598
1.00597
1.00595
1.00594
1.00592
1.0059
1.00589
1.00587
1.00585
1.00584
1.00582
1.0058
1.00578
1.00576
1.00574
1.00572
1.00571
1.00569
1.00567
1.00565
1.00563
1.00561
1.00558
1.00556
1.00554
1.00552
1.0055
1.00548
1.00545
1.00543
1.00541
1.00538
1.00535
1.00533
1.0053
1.00528
1.00525
1.00522
1.00519
1.00516
1.00513
1.0051
1.00507
1.00504
1.00501
1.00498
1.00495
1.00492
1.00489
1.00485
1.00482
1.00479
1.00476
1.00472
1.00469
1.00465
1.00462
1.00458
1.00455
1.00451
1.00447
1.00444
1.0044
1.00436
1.00432
1.00428
1.00424
1.0042
1.00416
1.00412
1.00408
1.00404
1.004
1.00396
1.00392
1.00388
1.00384
1.00379
1.00375
1.00371
1.00367
1.00362
1.00358
1.00354
1.00349
1.00345
1.00341
1.00336
1.00332
1.00327
1.00323
1.00318
1.00314
1.00309
1.00305
1.003
1.00296
1.00291
1.00287
1.00282
1.00278
1.00273
1.00269
1.00264
1.0026
1.00255
1.0025
1.00246
1.00241
1.00237
1.00232
1.00228
1.00224
1.00219
1.00215
1.0021
1.00206
1.00201
1.00197
1.00193
1.00188
1.00184
1.00179
1.00175
1.00171
1.00166
1.00162
1.00158
1.00154
1.00149
1.00145
1.00141
1.00137
1.00133
1.00129
1.00124
1.0012
1.00116
1.00112
1.00108
1.00104
1.001
1.00096
1.00092
1.00088
1.00085
1.00081
1.00077
1.00073
1.00069
1.00065
1.00061
1.00058
1.00054
1.0005
1.00046
1.00043
1.00039
1.00035
1.00031
1.00028
1.00024
1.0002
1.00017
1.00013
1.00009
1.00006
1.00001
1.00409
1.00409
1.00409
1.00409
1.00409
1.0041
1.0041
1.00411
1.00412
1.00413
1.00414
1.00415
1.00417
1.00418
1.0042
1.00422
1.00425
1.00428
1.00431
1.00435
1.00439
1.00444
1.00449
1.00454
1.0046
1.00466
1.00472
1.00479
1.00485
1.00492
1.00499
1.00505
1.00511
1.00517
1.00523
1.0053
1.00537
1.00544
1.0055
1.00557
1.00564
1.00571
1.00578
1.00586
1.00592
1.00597
1.00602
1.00606
1.0061
1.00613
1.00616
1.00619
1.00621
1.00623
1.00624
1.00625
1.00626
1.00627
1.00627
1.00626
1.00626
1.00626
1.00625
1.00624
1.00623
1.00622
1.0062
1.00619
1.00618
1.00616
1.00615
1.00613
1.00612
1.00611
1.00609
1.00608
1.00606
1.00605
1.00604
1.00602
1.00601
1.00599
1.00598
1.00597
1.00595
1.00594
1.00592
1.0059
1.00589
1.00587
1.00585
1.00584
1.00582
1.0058
1.00578
1.00576
1.00574
1.00572
1.00571
1.00569
1.00567
1.00565
1.00563
1.00561
1.00558
1.00556
1.00554
1.00552
1.0055
1.00548
1.00545
1.00543
1.0054
1.00538
1.00535
1.00533
1.0053
1.00528
1.00525
1.00522
1.00519
1.00516
1.00513
1.0051
1.00507
1.00504
1.00501
1.00498
1.00495
1.00492
1.00489
1.00485
1.00482
1.00479
1.00476
1.00472
1.00469
1.00465
1.00462
1.00458
1.00455
1.00451
1.00447
1.00444
1.0044
1.00436
1.00432
1.00428
1.00424
1.0042
1.00416
1.00412
1.00408
1.00404
1.004
1.00396
1.00392
1.00388
1.00383
1.00379
1.00375
1.00371
1.00367
1.00362
1.00358
1.00354
1.00349
1.00345
1.00341
1.00336
1.00332
1.00327
1.00323
1.00318
1.00314
1.00309
1.00305
1.003
1.00296
1.00291
1.00287
1.00282
1.00278
1.00273
1.00269
1.00264
1.0026
1.00255
1.0025
1.00246
1.00241
1.00237
1.00232
1.00228
1.00224
1.00219
1.00215
1.0021
1.00206
1.00201
1.00197
1.00193
1.00188
1.00184
1.00179
1.00175
1.00171
1.00166
1.00162
1.00158
1.00154
1.00149
1.00145
1.00141
1.00137
1.00133
1.00129
1.00124
1.0012
1.00116
1.00112
1.00108
1.00104
1.001
1.00096
1.00092
1.00088
1.00085
1.00081
1.00077
1.00073
1.00069
1.00065
1.00061
1.00058
1.00054
1.0005
1.00046
1.00043
1.00039
1.00035
1.00031
1.00028
1.00024
1.0002
1.00017
1.00013
1.00009
1.00006
1.00001
1.0041
1.00409
1.00409
1.00409
1.00409
1.00409
1.00409
1.00409
1.0041
1.00411
1.00412
1.00414
1.00417
1.00419
1.00422
1.00425
1.00428
1.00431
1.00434
1.00437
1.00441
1.00444
1.00448
1.00453
1.00457
1.00462
1.00468
1.00473
1.0048
1.00486
1.00494
1.00501
1.0051
1.00519
1.00527
1.00535
1.00543
1.0055
1.00558
1.00564
1.00571
1.00577
1.00582
1.00587
1.00592
1.00596
1.00601
1.00605
1.00609
1.00613
1.00616
1.00618
1.00621
1.00622
1.00624
1.00625
1.00626
1.00626
1.00626
1.00626
1.00626
1.00625
1.00624
1.00624
1.00622
1.00621
1.0062
1.00619
1.00617
1.00616
1.00615
1.00613
1.00612
1.0061
1.00609
1.00608
1.00606
1.00605
1.00603
1.00602
1.00601
1.00599
1.00598
1.00597
1.00595
1.00594
1.00592
1.0059
1.00589
1.00587
1.00585
1.00584
1.00582
1.0058
1.00578
1.00576
1.00574
1.00572
1.00571
1.00569
1.00567
1.00565
1.00563
1.0056
1.00558
1.00556
1.00554
1.00552
1.0055
1.00548
1.00545
1.00543
1.0054
1.00538
1.00535
1.00533
1.0053
1.00528
1.00525
1.00522
1.00519
1.00516
1.00513
1.0051
1.00507
1.00504
1.00501
1.00498
1.00495
1.00492
1.00489
1.00485
1.00482
1.00479
1.00476
1.00472
1.00469
1.00465
1.00462
1.00458
1.00455
1.00451
1.00447
1.00444
1.0044
1.00436
1.00432
1.00428
1.00424
1.0042
1.00416
1.00412
1.00408
1.00404
1.004
1.00396
1.00392
1.00388
1.00383
1.00379
1.00375
1.00371
1.00367
1.00362
1.00358
1.00354
1.00349
1.00345
1.00341
1.00336
1.00332
1.00327
1.00323
1.00318
1.00314
1.00309
1.00305
1.003
1.00296
1.00291
1.00287
1.00282
1.00278
1.00273
1.00269
1.00264
1.0026
1.00255
1.0025
1.00246
1.00241
1.00237
1.00232
1.00228
1.00224
1.00219
1.00215
1.0021
1.00206
1.00201
1.00197
1.00193
1.00188
1.00184
1.00179
1.00175
1.00171
1.00166
1.00162
1.00158
1.00154
1.00149
1.00145
1.00141
1.00137
1.00133
1.00129
1.00124
1.0012
1.00116
1.00112
1.00108
1.00104
1.001
1.00096
1.00092
1.00088
1.00085
1.00081
1.00077
1.00073
1.00069
1.00065
1.00061
1.00058
1.00054
1.0005
1.00046
1.00043
1.00039
1.00035
1.00031
1.00028
1.00024
1.0002
1.00017
1.00013
1.00009
1.00006
1.00001
1.00409
1.00408
1.00408
1.00409
1.00409
1.00409
1.0041
1.00412
1.00413
1.00414
1.00416
1.00417
1.00418
1.00418
1.0042
1.00422
1.00424
1.00427
1.0043
1.00434
1.00438
1.00442
1.00447
1.00452
1.00458
1.00464
1.0047
1.00477
1.00484
1.0049
1.00497
1.00504
1.0051
1.00517
1.00524
1.00531
1.00538
1.00545
1.00552
1.00559
1.00566
1.00572
1.00579
1.00585
1.0059
1.00596
1.006
1.00605
1.00608
1.00612
1.00615
1.00617
1.0062
1.00621
1.00623
1.00624
1.00625
1.00625
1.00626
1.00625
1.00625
1.00625
1.00624
1.00623
1.00622
1.00621
1.0062
1.00618
1.00617
1.00616
1.00614
1.00613
1.00612
1.0061
1.00609
1.00608
1.00606
1.00605
1.00603
1.00602
1.00601
1.00599
1.00598
1.00597
1.00595
1.00594
1.00592
1.00591
1.00589
1.00587
1.00585
1.00584
1.00582
1.0058
1.00578
1.00576
1.00574
1.00573
1.00571
1.00569
1.00567
1.00565
1.00563
1.00561
1.00558
1.00556
1.00554
1.00552
1.0055
1.00548
1.00545
1.00543
1.00541
1.00538
1.00536
1.00533
1.0053
1.00528
1.00525
1.00522
1.00519
1.00516
1.00513
1.0051
1.00507
1.00504
1.00501
1.00498
1.00495
1.00492
1.00489
1.00485
1.00482
1.00479
1.00476
1.00472
1.00469
1.00465
1.00462
1.00458
1.00455
1.00451
1.00447
1.00444
1.0044
1.00436
1.00432
1.00428
1.00424
1.0042
1.00416
1.00412
1.00408
1.00404
1.004
1.00396
1.00392
1.00388
1.00383
1.00379
1.00375
1.00371
1.00367
1.00362
1.00358
1.00354
1.00349
1.00345
1.00341
1.00336
1.00332
1.00327
1.00323
1.00318
1.00314
1.00309
1.00305
1.003
1.00296
1.00291
1.00287
1.00282
1.00278
1.00273
1.00269
1.00264
1.0026
1.00255
1.0025
1.00246
1.00241
1.00237
1.00232
1.00228
1.00224
1.00219
1.00215
1.0021
1.00206
1.00201
1.00197
1.00193
1.00188
1.00184
1.00179
1.00175
1.00171
1.00166
1.00162
1.00158
1.00154
1.00149
1.00145
1.00141
1.00137
1.00133
1.00129
1.00124
1.0012
1.00116
1.00112
1.00108
1.00104
1.001
1.00096
1.00092
1.00088
1.00085
1.00081
1.00077
1.00073
1.00069
1.00065
1.00061
1.00058
1.00054
1.0005
1.00046
1.00043
1.00039
1.00035
1.00031
1.00028
1.00024
1.0002
1.00017
1.00013
1.00009
1.00006
1.00001
1.00408
1.00408
1.00407
1.00408
1.00408
1.00408
1.00408
1.00409
1.00409
1.0041
1.00411
1.00413
1.00415
1.00417
1.0042
1.00423
1.00425
1.00428
1.00431
1.00435
1.00438
1.00442
1.00446
1.00451
1.00456
1.00461
1.00467
1.00473
1.0048
1.00486
1.00494
1.00501
1.00509
1.00517
1.00524
1.00532
1.0054
1.00547
1.00554
1.00561
1.00567
1.00573
1.00579
1.00584
1.0059
1.00594
1.00599
1.00603
1.00607
1.0061
1.00614
1.00616
1.00618
1.0062
1.00622
1.00623
1.00624
1.00624
1.00625
1.00624
1.00624
1.00624
1.00623
1.00622
1.00621
1.0062
1.00619
1.00618
1.00616
1.00615
1.00614
1.00612
1.00611
1.0061
1.00608
1.00607
1.00606
1.00604
1.00603
1.00602
1.00601
1.00599
1.00598
1.00596
1.00595
1.00593
1.00592
1.0059
1.00589
1.00587
1.00585
1.00584
1.00582
1.0058
1.00578
1.00576
1.00574
1.00572
1.00571
1.00569
1.00567
1.00565
1.00563
1.0056
1.00558
1.00556
1.00554
1.00552
1.0055
1.00548
1.00545
1.00543
1.0054
1.00538
1.00535
1.00533
1.0053
1.00528
1.00525
1.00522
1.00519
1.00516
1.00513
1.0051
1.00507
1.00504
1.00501
1.00498
1.00495
1.00492
1.00489
1.00485
1.00482
1.00479
1.00475
1.00472
1.00469
1.00465
1.00462
1.00458
1.00455
1.00451
1.00447
1.00444
1.0044
1.00436
1.00432
1.00428
1.00424
1.0042
1.00416
1.00412
1.00408
1.00404
1.004
1.00396
1.00392
1.00388
1.00383
1.00379
1.00375
1.00371
1.00367
1.00362
1.00358
1.00354
1.00349
1.00345
1.00341
1.00336
1.00332
1.00327
1.00323
1.00318
1.00314
1.00309
1.00305
1.003
1.00296
1.00291
1.00287
1.00282
1.00278
1.00273
1.00269
1.00264
1.0026
1.00255
1.0025
1.00246
1.00241
1.00237
1.00232
1.00228
1.00224
1.00219
1.00215
1.0021
1.00206
1.00201
1.00197
1.00193
1.00188
1.00184
1.00179
1.00175
1.00171
1.00166
1.00162
1.00158
1.00154
1.00149
1.00145
1.00141
1.00137
1.00133
1.00129
1.00124
1.0012
1.00116
1.00112
1.00108
1.00104
1.001
1.00096
1.00092
1.00088
1.00085
1.00081
1.00077
1.00073
1.00069
1.00065
1.00061
1.00058
1.00054
1.0005
1.00046
1.00043
1.00039
1.00035
1.00031
1.00028
1.00024
1.0002
1.00017
1.00013
1.00009
1.00006
1.00001
1.00406
1.00405
1.00406
1.00406
1.00407
1.00407
1.00408
1.00409
1.0041
1.00411
1.00413
1.00414
1.00415
1.00417
1.00419
1.00421
1.00423
1.00426
1.00429
1.00433
1.00437
1.00441
1.00445
1.0045
1.00456
1.00461
1.00467
1.00474
1.0048
1.00487
1.00494
1.00501
1.00509
1.00516
1.00523
1.0053
1.00538
1.00545
1.00552
1.00558
1.00565
1.00571
1.00577
1.00583
1.00588
1.00593
1.00598
1.00602
1.00605
1.00609
1.00611
1.00614
1.00616
1.00618
1.00619
1.00621
1.00621
1.00622
1.00622
1.00623
1.00622
1.00622
1.00622
1.00621
1.0062
1.00619
1.00618
1.00617
1.00616
1.00615
1.00613
1.00612
1.00611
1.0061
1.00608
1.00607
1.00606
1.00605
1.00603
1.00602
1.00601
1.00599
1.00598
1.00597
1.00595
1.00594
1.00592
1.00591
1.00589
1.00587
1.00586
1.00584
1.00582
1.0058
1.00579
1.00577
1.00575
1.00573
1.00571
1.00569
1.00567
1.00565
1.00563
1.00561
1.00559
1.00557
1.00554
1.00552
1.0055
1.00548
1.00545
1.00543
1.00541
1.00538
1.00536
1.00533
1.0053
1.00528
1.00525
1.00522
1.00519
1.00516
1.00513
1.0051
1.00507
1.00504
1.00501
1.00498
1.00495
1.00492
1.00489
1.00485
1.00482
1.00479
1.00476
1.00472
1.00469
1.00465
1.00462
1.00458
1.00455
1.00451
1.00447
1.00444
1.0044
1.00436
1.00432
1.00428
1.00424
1.0042
1.00416
1.00412
1.00408
1.00404
1.004
1.00396
1.00392
1.00388
1.00383
1.00379
1.00375
1.00371
1.00367
1.00362
1.00358
1.00354
1.00349
1.00345
1.00341
1.00336
1.00332
1.00327
1.00323
1.00318
1.00314
1.00309
1.00305
1.003
1.00296
1.00291
1.00287
1.00282
1.00278
1.00273
1.00269
1.00264
1.0026
1.00255
1.0025
1.00246
1.00241
1.00237
1.00233
1.00228
1.00224
1.00219
1.00215
1.0021
1.00206
1.00201
1.00197
1.00193
1.00188
1.00184
1.00179
1.00175
1.00171
1.00166
1.00162
1.00158
1.00154
1.00149
1.00145
1.00141
1.00137
1.00133
1.00129
1.00124
1.0012
1.00116
1.00112
1.00108
1.00104
1.001
1.00096
1.00092
1.00088
1.00085
1.00081
1.00077
1.00073
1.00069
1.00065
1.00061
1.00058
1.00054
1.0005
1.00046
1.00043
1.00039
1.00035
1.00031
1.00028
1.00024
1.0002
1.00017
1.00013
1.00009
1.00006
1.00001
1.00403
1.00404
1.00403
1.00404
1.00405
1.00406
1.00407
1.00407
1.00408
1.0041
1.00411
1.00412
1.00414
1.00416
1.00418
1.00421
1.00423
1.00426
1.00429
1.00433
1.00436
1.0044
1.00445
1.0045
1.00455
1.0046
1.00466
1.00473
1.00479
1.00486
1.00493
1.00501
1.00508
1.00516
1.00523
1.0053
1.00538
1.00545
1.00552
1.00558
1.00564
1.0057
1.00576
1.00581
1.00586
1.00591
1.00595
1.00599
1.00603
1.00606
1.0061
1.00612
1.00614
1.00616
1.00618
1.00619
1.0062
1.0062
1.0062
1.0062
1.0062
1.00619
1.00619
1.00618
1.00617
1.00617
1.00616
1.00615
1.00614
1.00613
1.00612
1.0061
1.00609
1.00608
1.00607
1.00606
1.00605
1.00603
1.00602
1.00601
1.006
1.00599
1.00597
1.00596
1.00595
1.00593
1.00592
1.0059
1.00589
1.00587
1.00585
1.00584
1.00582
1.0058
1.00578
1.00576
1.00574
1.00573
1.00571
1.00569
1.00567
1.00565
1.00563
1.00561
1.00558
1.00556
1.00554
1.00552
1.0055
1.00548
1.00545
1.00543
1.0054
1.00538
1.00535
1.00533
1.0053
1.00527
1.00525
1.00522
1.00519
1.00516
1.00513
1.0051
1.00507
1.00504
1.00501
1.00498
1.00495
1.00492
1.00489
1.00485
1.00482
1.00479
1.00475
1.00472
1.00469
1.00465
1.00462
1.00458
1.00454
1.00451
1.00447
1.00443
1.0044
1.00436
1.00432
1.00428
1.00424
1.0042
1.00416
1.00412
1.00408
1.00404
1.004
1.00396
1.00392
1.00388
1.00383
1.00379
1.00375
1.00371
1.00366
1.00362
1.00358
1.00354
1.00349
1.00345
1.0034
1.00336
1.00332
1.00327
1.00323
1.00318
1.00314
1.00309
1.00305
1.003
1.00296
1.00291
1.00287
1.00282
1.00278
1.00273
1.00269
1.00264
1.0026
1.00255
1.0025
1.00246
1.00241
1.00237
1.00233
1.00228
1.00224
1.00219
1.00215
1.0021
1.00206
1.00201
1.00197
1.00193
1.00188
1.00184
1.00179
1.00175
1.00171
1.00166
1.00162
1.00158
1.00154
1.00149
1.00145
1.00141
1.00137
1.00133
1.00129
1.00124
1.0012
1.00116
1.00112
1.00108
1.00104
1.001
1.00096
1.00092
1.00088
1.00085
1.00081
1.00077
1.00073
1.00069
1.00065
1.00061
1.00058
1.00054
1.0005
1.00046
1.00043
1.00039
1.00035
1.00031
1.00028
1.00024
1.0002
1.00017
1.00013
1.00009
1.00006
1.00001
1.00396
1.00398
1.00401
1.00402
1.00404
1.00405
1.00406
1.00407
1.00409
1.0041
1.00411
1.00413
1.00414
1.00416
1.00418
1.0042
1.00423
1.00426
1.00429
1.00432
1.00436
1.0044
1.00445
1.0045
1.00455
1.00461
1.00467
1.00473
1.0048
1.00487
1.00494
1.00501
1.00508
1.00515
1.00522
1.0053
1.00537
1.00543
1.0055
1.00557
1.00563
1.00569
1.00574
1.0058
1.00585
1.00589
1.00593
1.00596
1.00599
1.00602
1.00605
1.00607
1.00609
1.00611
1.00612
1.00614
1.00615
1.00616
1.00616
1.00617
1.00618
1.00618
1.00618
1.00617
1.00617
1.00616
1.00615
1.00615
1.00614
1.00613
1.00612
1.00611
1.0061
1.00609
1.00608
1.00607
1.00605
1.00604
1.00603
1.00602
1.00601
1.00599
1.00598
1.00597
1.00595
1.00594
1.00592
1.00591
1.00589
1.00588
1.00586
1.00584
1.00583
1.00581
1.00579
1.00577
1.00575
1.00573
1.00572
1.0057
1.00568
1.00565
1.00563
1.00561
1.00559
1.00557
1.00555
1.00553
1.0055
1.00548
1.00546
1.00543
1.00541
1.00538
1.00536
1.00533
1.00531
1.00528
1.00525
1.00522
1.00519
1.00517
1.00514
1.00511
1.00508
1.00505
1.00502
1.00498
1.00495
1.00492
1.00489
1.00486
1.00482
1.00479
1.00476
1.00472
1.00469
1.00465
1.00462
1.00458
1.00455
1.00451
1.00447
1.00444
1.0044
1.00436
1.00432
1.00428
1.00424
1.0042
1.00416
1.00412
1.00408
1.00404
1.004
1.00396
1.00392
1.00388
1.00384
1.00379
1.00375
1.00371
1.00367
1.00362
1.00358
1.00354
1.00349
1.00345
1.00341
1.00336
1.00332
1.00327
1.00323
1.00318
1.00314
1.00309
1.00305
1.003
1.00296
1.00291
1.00287
1.00282
1.00278
1.00273
1.00269
1.00264
1.0026
1.00255
1.00251
1.00246
1.00242
1.00237
1.00233
1.00228
1.00224
1.00219
1.00215
1.0021
1.00206
1.00201
1.00197
1.00193
1.00188
1.00184
1.00179
1.00175
1.00171
1.00166
1.00162
1.00158
1.00154
1.00149
1.00145
1.00141
1.00137
1.00133
1.00129
1.00124
1.0012
1.00116
1.00112
1.00108
1.00104
1.001
1.00096
1.00092
1.00088
1.00085
1.00081
1.00077
1.00073
1.00069
1.00065
1.00061
1.00058
1.00054
1.0005
1.00046
1.00043
1.00039
1.00035
1.00031
1.00028
1.00024
1.0002
1.00017
1.00013
1.00009
1.00006
1.00001
1.00386
1.00396
1.00398
1.00402
1.00404
1.00405
1.00407
1.00408
1.00409
1.0041
1.00412
1.00413
1.00415
1.00417
1.00419
1.00421
1.00424
1.00427
1.0043
1.00433
1.00437
1.00441
1.00445
1.0045
1.00456
1.00461
1.00467
1.00474
1.0048
1.00487
1.00494
1.00501
1.00509
1.00516
1.00523
1.0053
1.00537
1.00543
1.00549
1.00555
1.00561
1.00566
1.00571
1.00576
1.00581
1.00585
1.00589
1.00593
1.00597
1.00601
1.00603
1.00606
1.00608
1.0061
1.00611
1.00612
1.00613
1.00613
1.00613
1.00613
1.00612
1.00612
1.00612
1.00612
1.00611
1.00611
1.0061
1.0061
1.00609
1.00609
1.00608
1.00607
1.00606
1.00605
1.00605
1.00604
1.00603
1.00602
1.00601
1.006
1.00598
1.00597
1.00596
1.00595
1.00594
1.00592
1.00591
1.00589
1.00588
1.00586
1.00585
1.00583
1.00581
1.0058
1.00578
1.00576
1.00574
1.00573
1.00571
1.00569
1.00567
1.00565
1.00563
1.00561
1.00559
1.00556
1.00554
1.00552
1.0055
1.00547
1.00545
1.00543
1.0054
1.00538
1.00535
1.00533
1.0053
1.00527
1.00524
1.00522
1.00519
1.00516
1.00513
1.0051
1.00507
1.00504
1.00501
1.00498
1.00495
1.00492
1.00489
1.00485
1.00482
1.00479
1.00475
1.00472
1.00468
1.00465
1.00461
1.00458
1.00454
1.00451
1.00447
1.00443
1.0044
1.00436
1.00432
1.00428
1.00424
1.0042
1.00416
1.00412
1.00408
1.00404
1.004
1.00396
1.00392
1.00388
1.00383
1.00379
1.00375
1.00371
1.00366
1.00362
1.00358
1.00354
1.00349
1.00345
1.0034
1.00336
1.00332
1.00327
1.00323
1.00318
1.00314
1.00309
1.00305
1.003
1.00296
1.00291
1.00287
1.00282
1.00278
1.00273
1.00269
1.00264
1.0026
1.00255
1.0025
1.00246
1.00241
1.00237
1.00232
1.00228
1.00224
1.00219
1.00215
1.0021
1.00206
1.00201
1.00197
1.00192
1.00188
1.00184
1.00179
1.00175
1.00171
1.00166
1.00162
1.00158
1.00154
1.00149
1.00145
1.00141
1.00137
1.00133
1.00129
1.00124
1.0012
1.00116
1.00112
1.00108
1.00104
1.001
1.00096
1.00092
1.00088
1.00084
1.00081
1.00077
1.00073
1.00069
1.00065
1.00061
1.00058
1.00054
1.0005
1.00046
1.00043
1.00039
1.00035
1.00031
1.00028
1.00024
1.0002
1.00017
1.00013
1.00009
1.00006
1.00001
1.00362
1.00394
1.00397
1.00403
1.00405
1.00407
1.00408
1.00409
1.0041
1.00411
1.00413
1.00414
1.00416
1.00417
1.00419
1.00422
1.00424
1.00427
1.00431
1.00434
1.00439
1.00443
1.00448
1.00453
1.00458
1.00464
1.0047
1.00476
1.00482
1.00489
1.00495
1.00502
1.00508
1.00515
1.00522
1.00528
1.00535
1.00542
1.00548
1.00555
1.0056
1.00566
1.00571
1.00575
1.00579
1.00583
1.00586
1.00588
1.0059
1.00592
1.00595
1.00597
1.00599
1.00601
1.00602
1.00604
1.00605
1.00607
1.00609
1.0061
1.00611
1.00612
1.00612
1.00612
1.00612
1.00612
1.00612
1.00611
1.00611
1.00611
1.0061
1.00609
1.00609
1.00608
1.00607
1.00606
1.00605
1.00604
1.00603
1.00602
1.00601
1.006
1.00599
1.00597
1.00596
1.00594
1.00593
1.00592
1.0059
1.00589
1.00587
1.00585
1.00584
1.00582
1.0058
1.00578
1.00576
1.00575
1.00573
1.00571
1.00569
1.00567
1.00564
1.00562
1.0056
1.00558
1.00556
1.00553
1.00551
1.00549
1.00546
1.00544
1.00541
1.00539
1.00536
1.00533
1.00531
1.00528
1.00525
1.00523
1.0052
1.00517
1.00514
1.00511
1.00508
1.00505
1.00502
1.00499
1.00496
1.00492
1.00489
1.00486
1.00483
1.00479
1.00476
1.00472
1.00469
1.00465
1.00462
1.00458
1.00455
1.00451
1.00447
1.00444
1.0044
1.00436
1.00432
1.00428
1.00424
1.0042
1.00416
1.00412
1.00408
1.00404
1.004
1.00396
1.00392
1.00388
1.00384
1.00379
1.00375
1.00371
1.00367
1.00362
1.00358
1.00354
1.00349
1.00345
1.00341
1.00336
1.00332
1.00327
1.00323
1.00318
1.00314
1.00309
1.00305
1.003
1.00296
1.00291
1.00287
1.00282
1.00278
1.00273
1.00269
1.00264
1.0026
1.00255
1.00251
1.00246
1.00242
1.00237
1.00233
1.00228
1.00224
1.00219
1.00215
1.0021
1.00206
1.00201
1.00197
1.00193
1.00188
1.00184
1.00179
1.00175
1.00171
1.00166
1.00162
1.00158
1.00154
1.00149
1.00145
1.00141
1.00137
1.00133
1.00129
1.00125
1.0012
1.00116
1.00112
1.00108
1.00104
1.001
1.00096
1.00092
1.00088
1.00084
1.00081
1.00077
1.00073
1.00069
1.00065
1.00061
1.00058
1.00054
1.0005
1.00046
1.00043
1.00039
1.00035
1.00031
1.00028
1.00024
1.0002
1.00017
1.00013
1.00009
1.00006
1.00001
1.00518
1.00503
1.00495
1.00482
1.00469
1.00455
1.0044
1.00424
1.00408
1.00388
1.00522
1.00505
1.00495
1.00483
1.00469
1.00456
1.00441
1.00425
1.00409
1.00393
1.00525
1.00507
1.00497
1.00485
1.00472
1.00459
1.00446
1.00432
1.00419
1.00409
1.00529
1.00512
1.005
1.00489
1.00476
1.00464
1.00452
1.00439
1.00428
1.00419
1.00535
1.00518
1.00506
1.00495
1.00483
1.00472
1.00462
1.00452
1.00443
1.00437
1.0054
1.00522
1.0051
1.005
1.00489
1.00478
1.00468
1.00459
1.0045
1.00443
1.00544
1.00526
1.00515
1.00506
1.00495
1.00485
1.00476
1.00467
1.00459
1.00453
1.00546
1.00529
1.00519
1.0051
1.00499
1.00489
1.0048
1.00471
1.00463
1.00456
1.00547
1.0053
1.00522
1.00511
1.00501
1.00492
1.00482
1.00474
1.00466
1.00459
1.00545
1.0053
1.00522
1.00512
1.00502
1.00492
1.00483
1.00474
1.00466
1.00459
1.00381
1.00398
1.004
1.00404
1.00406
1.00408
1.00409
1.00411
1.00412
1.00413
1.00414
1.00416
1.00418
1.0042
1.00422
1.00425
1.00428
1.0043
1.00433
1.00437
1.0044
1.00444
1.00449
1.00453
1.00459
1.00464
1.0047
1.00477
1.00484
1.00491
1.00498
1.00505
1.00512
1.00518
1.00525
1.00531
1.00536
1.00541
1.00545
1.00549
1.00554
1.00558
1.00563
1.00568
1.00572
1.00578
1.00583
1.00588
1.00591
1.00594
1.00596
1.00598
1.006
1.00601
1.00603
1.00604
1.00604
1.00604
1.00604
1.00604
1.00603
1.00604
1.00604
1.00605
1.00605
1.00605
1.00605
1.00605
1.00605
1.00605
1.00605
1.00605
1.00604
1.00604
1.00603
1.00602
1.00602
1.00601
1.006
1.00599
1.00598
1.00597
1.00596
1.00594
1.00593
1.00592
1.00591
1.00589
1.00588
1.00586
1.00585
1.00583
1.00582
1.0058
1.00578
1.00577
1.00575
1.00573
1.00571
1.00569
1.00567
1.00565
1.00563
1.00561
1.00559
1.00557
1.00555
1.00552
1.0055
1.00548
1.00545
1.00543
1.0054
1.00538
1.00535
1.00533
1.0053
1.00527
1.00525
1.00522
1.00519
1.00516
1.00513
1.0051
1.00507
1.00504
1.00501
1.00498
1.00495
1.00492
1.00489
1.00485
1.00482
1.00479
1.00475
1.00472
1.00469
1.00465
1.00461
1.00458
1.00454
1.00451
1.00447
1.00443
1.00439
1.00436
1.00432
1.00428
1.00424
1.0042
1.00416
1.00412
1.00408
1.00404
1.004
1.00396
1.00392
1.00388
1.00383
1.00379
1.00375
1.00371
1.00367
1.00362
1.00358
1.00354
1.00349
1.00345
1.0034
1.00336
1.00332
1.00327
1.00323
1.00318
1.00314
1.00309
1.00305
1.003
1.00296
1.00291
1.00287
1.00282
1.00278
1.00273
1.00269
1.00264
1.0026
1.00255
1.00251
1.00246
1.00241
1.00237
1.00232
1.00228
1.00224
1.00219
1.00215
1.0021
1.00206
1.00201
1.00197
1.00192
1.00188
1.00184
1.00179
1.00175
1.00171
1.00166
1.00162
1.00158
1.00154
1.00149
1.00145
1.00141
1.00137
1.00133
1.00129
1.00124
1.0012
1.00116
1.00112
1.00108
1.00104
1.001
1.00096
1.00092
1.00088
1.00084
1.00081
1.00077
1.00073
1.00069
1.00065
1.00061
1.00058
1.00054
1.0005
1.00046
1.00043
1.00039
1.00035
1.00031
1.00028
1.00024
1.0002
1.00017
1.00013
1.00009
1.00006
1.00001
1.00386
1.00398
1.00401
1.00405
1.00407
1.00409
1.0041
1.00411
1.00412
1.00414
1.00415
1.00417
1.00419
1.00421
1.00423
1.00426
1.00429
1.00432
1.00436
1.00441
1.00445
1.0045
1.00455
1.0046
1.00466
1.00471
1.00477
1.00482
1.00487
1.00491
1.00496
1.00502
1.00507
1.00513
1.0052
1.00527
1.00535
1.00542
1.00549
1.00555
1.00559
1.00564
1.00568
1.00571
1.00574
1.00576
1.00577
1.00578
1.0058
1.00583
1.00585
1.00587
1.00589
1.00591
1.00592
1.00594
1.00596
1.00597
1.00599
1.006
1.00602
1.00603
1.00604
1.00604
1.00605
1.00605
1.00606
1.00606
1.00606
1.00606
1.00606
1.00606
1.00606
1.00605
1.00605
1.00604
1.00603
1.00602
1.00602
1.00601
1.006
1.00598
1.00597
1.00596
1.00595
1.00594
1.00592
1.00591
1.00589
1.00588
1.00586
1.00585
1.00583
1.00582
1.0058
1.00578
1.00577
1.00575
1.00573
1.00571
1.00569
1.00567
1.00565
1.00563
1.0056
1.00558
1.00556
1.00553
1.00551
1.00549
1.00546
1.00544
1.00541
1.00539
1.00536
1.00533
1.00531
1.00528
1.00525
1.00522
1.0052
1.00517
1.00514
1.00511
1.00508
1.00505
1.00502
1.00499
1.00496
1.00492
1.00489
1.00486
1.00483
1.00479
1.00476
1.00472
1.00469
1.00465
1.00462
1.00458
1.00455
1.00451
1.00447
1.00443
1.0044
1.00436
1.00432
1.00428
1.00424
1.0042
1.00416
1.00412
1.00408
1.00404
1.004
1.00396
1.00392
1.00388
1.00384
1.00379
1.00375
1.00371
1.00367
1.00362
1.00358
1.00354
1.00349
1.00345
1.00341
1.00336
1.00332
1.00327
1.00323
1.00318
1.00314
1.00309
1.00305
1.003
1.00296
1.00291
1.00287
1.00282
1.00278
1.00273
1.00269
1.00264
1.0026
1.00255
1.00251
1.00246
1.00242
1.00237
1.00233
1.00228
1.00224
1.00219
1.00215
1.0021
1.00206
1.00201
1.00197
1.00192
1.00188
1.00184
1.00179
1.00175
1.00171
1.00166
1.00162
1.00158
1.00154
1.00149
1.00145
1.00141
1.00137
1.00133
1.00129
1.00125
1.0012
1.00116
1.00112
1.00108
1.00104
1.001
1.00096
1.00092
1.00088
1.00084
1.00081
1.00077
1.00073
1.00069
1.00065
1.00061
1.00058
1.00054
1.0005
1.00046
1.00043
1.00039
1.00035
1.00031
1.00028
1.00024
1.0002
1.00017
1.00013
1.00009
1.00006
1.00001
1.00405
1.00407
1.00409
1.00411
1.00413
1.00414
1.00416
1.00417
1.00418
1.0042
1.00421
1.00423
1.00425
1.00428
1.0043
1.00433
1.00436
1.00438
1.00439
1.00442
1.00445
1.00449
1.00454
1.00458
1.00463
1.00469
1.00476
1.00483
1.00493
1.00501
1.00507
1.00513
1.00518
1.00524
1.00529
1.00533
1.00535
1.00537
1.0054
1.00544
1.00548
1.00552
1.00556
1.0056
1.00564
1.00568
1.00572
1.00576
1.0058
1.00582
1.00585
1.00587
1.00589
1.00591
1.00592
1.00594
1.00595
1.00596
1.00597
1.00597
1.00598
1.00599
1.006
1.006
1.00601
1.00602
1.00602
1.00603
1.00603
1.00603
1.00603
1.00603
1.00603
1.00603
1.00603
1.00602
1.00602
1.00601
1.006
1.00599
1.00598
1.00597
1.00596
1.00595
1.00594
1.00593
1.00591
1.0059
1.00589
1.00587
1.00586
1.00584
1.00583
1.00581
1.00579
1.00578
1.00576
1.00574
1.00572
1.0057
1.00569
1.00566
1.00564
1.00562
1.0056
1.00558
1.00555
1.00553
1.00551
1.00548
1.00546
1.00543
1.00541
1.00538
1.00536
1.00533
1.0053
1.00528
1.00525
1.00522
1.00519
1.00516
1.00514
1.00511
1.00508
1.00505
1.00502
1.00499
1.00495
1.00492
1.00489
1.00486
1.00482
1.00479
1.00476
1.00472
1.00469
1.00465
1.00462
1.00458
1.00454
1.00451
1.00447
1.00443
1.00439
1.00436
1.00432
1.00428
1.00424
1.0042
1.00416
1.00412
1.00408
1.00404
1.004
1.00396
1.00392
1.00388
1.00384
1.00379
1.00375
1.00371
1.00367
1.00362
1.00358
1.00354
1.00349
1.00345
1.0034
1.00336
1.00332
1.00327
1.00323
1.00318
1.00314
1.00309
1.00305
1.003
1.00296
1.00291
1.00287
1.00282
1.00278
1.00273
1.00269
1.00264
1.0026
1.00255
1.00251
1.00246
1.00242
1.00237
1.00233
1.00228
1.00224
1.00219
1.00215
1.0021
1.00206
1.00201
1.00197
1.00192
1.00188
1.00184
1.00179
1.00175
1.00171
1.00166
1.00162
1.00158
1.00154
1.00149
1.00145
1.00141
1.00137
1.00133
1.00129
1.00125
1.0012
1.00116
1.00112
1.00108
1.00104
1.001
1.00096
1.00092
1.00088
1.00084
1.00081
1.00077
1.00073
1.00069
1.00065
1.00061
1.00058
1.00054
1.0005
1.00046
1.00043
1.00039
1.00035
1.00031
1.00028
1.00024
1.0002
1.00017
1.00013
1.00009
1.00006
1.00001
1.00414
1.00412
1.00411
1.00412
1.00413
1.00414
1.00415
1.00416
1.00417
1.00418
1.0042
1.00421
1.00423
1.00425
1.00428
1.00432
1.00436
1.00443
1.0045
1.00454
1.00459
1.00463
1.00468
1.00473
1.00478
1.00483
1.00487
1.0049
1.00491
1.00494
1.00499
1.00503
1.00508
1.00513
1.00519
1.00524
1.00529
1.00536
1.00541
1.00547
1.00551
1.00555
1.00559
1.00563
1.00566
1.00568
1.00571
1.00573
1.00575
1.00577
1.00579
1.00581
1.00583
1.00585
1.00587
1.00588
1.0059
1.00592
1.00593
1.00595
1.00596
1.00597
1.00598
1.00599
1.006
1.00601
1.00602
1.00602
1.00603
1.00603
1.00603
1.00603
1.00603
1.00603
1.00603
1.00603
1.00602
1.00601
1.00601
1.006
1.00599
1.00598
1.00597
1.00596
1.00594
1.00593
1.00592
1.0059
1.00589
1.00588
1.00586
1.00585
1.00583
1.00582
1.0058
1.00578
1.00577
1.00575
1.00573
1.00571
1.00569
1.00567
1.00565
1.00563
1.00561
1.00558
1.00556
1.00554
1.00551
1.00549
1.00546
1.00544
1.00541
1.00538
1.00536
1.00533
1.00531
1.00528
1.00525
1.00522
1.0052
1.00517
1.00514
1.00511
1.00508
1.00505
1.00502
1.00499
1.00496
1.00493
1.00489
1.00486
1.00483
1.00479
1.00476
1.00472
1.00469
1.00465
1.00462
1.00458
1.00454
1.00451
1.00447
1.00443
1.0044
1.00436
1.00432
1.00428
1.00424
1.0042
1.00416
1.00412
1.00408
1.00404
1.004
1.00396
1.00392
1.00388
1.00384
1.0038
1.00375
1.00371
1.00367
1.00362
1.00358
1.00354
1.00349
1.00345
1.0034
1.00336
1.00332
1.00327
1.00323
1.00318
1.00314
1.00309
1.00305
1.003
1.00296
1.00291
1.00287
1.00282
1.00278
1.00273
1.00269
1.00264
1.0026
1.00255
1.00251
1.00246
1.00242
1.00237
1.00233
1.00228
1.00224
1.00219
1.00215
1.0021
1.00206
1.00201
1.00197
1.00192
1.00188
1.00184
1.00179
1.00175
1.00171
1.00166
1.00162
1.00158
1.00154
1.00149
1.00145
1.00141
1.00137
1.00133
1.00129
1.00125
1.0012
1.00116
1.00112
1.00108
1.00104
1.001
1.00096
1.00092
1.00088
1.00084
1.00081
1.00077
1.00073
1.00069
1.00065
1.00061
1.00058
1.00054
1.0005
1.00046
1.00043
1.00039
1.00035
1.00031
1.00028
1.00024
1.0002
1.00017
1.00013
1.00009
1.00006
1.00001
1.00432
1.0043
1.00429
1.00428
1.00428
1.00428
1.00429
1.0043
1.00431
1.00432
1.00434
1.00436
1.00438
1.0044
1.00443
1.00445
1.00446
1.00446
1.00446
1.00449
1.00453
1.00457
1.00461
1.00466
1.0047
1.00475
1.0048
1.00485
1.00492
1.00499
1.00505
1.00511
1.00516
1.0052
1.00525
1.00529
1.00533
1.00537
1.0054
1.00544
1.00547
1.00551
1.00554
1.00558
1.00561
1.00564
1.00567
1.0057
1.00573
1.00576
1.00578
1.00581
1.00583
1.00584
1.00586
1.00588
1.00589
1.00591
1.00592
1.00593
1.00594
1.00595
1.00597
1.00598
1.00599
1.00599
1.006
1.00601
1.00601
1.00602
1.00602
1.00603
1.00603
1.00603
1.00602
1.00602
1.00602
1.00601
1.006
1.00599
1.00599
1.00598
1.00596
1.00595
1.00594
1.00593
1.00592
1.0059
1.00589
1.00588
1.00586
1.00585
1.00583
1.00582
1.0058
1.00578
1.00577
1.00575
1.00573
1.00571
1.00569
1.00567
1.00565
1.00563
1.00561
1.00558
1.00556
1.00554
1.00551
1.00549
1.00546
1.00544
1.00541
1.00538
1.00536
1.00533
1.0053
1.00528
1.00525
1.00522
1.0052
1.00517
1.00514
1.00511
1.00508
1.00505
1.00502
1.00499
1.00496
1.00493
1.00489
1.00486
1.00483
1.00479
1.00476
1.00472
1.00469
1.00465
1.00462
1.00458
1.00454
1.00451
1.00447
1.00443
1.0044
1.00436
1.00432
1.00428
1.00424
1.0042
1.00416
1.00412
1.00408
1.00404
1.004
1.00396
1.00392
1.00388
1.00384
1.0038
1.00375
1.00371
1.00367
1.00362
1.00358
1.00354
1.00349
1.00345
1.0034
1.00336
1.00332
1.00327
1.00323
1.00318
1.00314
1.00309
1.00305
1.003
1.00296
1.00291
1.00287
1.00282
1.00278
1.00273
1.00269
1.00264
1.0026
1.00255
1.00251
1.00246
1.00242
1.00237
1.00233
1.00228
1.00224
1.00219
1.00215
1.0021
1.00206
1.00201
1.00197
1.00192
1.00188
1.00184
1.00179
1.00175
1.00171
1.00166
1.00162
1.00158
1.00154
1.00149
1.00145
1.00141
1.00137
1.00133
1.00129
1.00125
1.0012
1.00116
1.00112
1.00108
1.00104
1.001
1.00096
1.00092
1.00088
1.00084
1.00081
1.00077
1.00073
1.00069
1.00065
1.00061
1.00058
1.00054
1.0005
1.00046
1.00043
1.00039
1.00035
1.00031
1.00028
1.00024
1.0002
1.00017
1.00013
1.00009
1.00006
1.00001
1.00437
1.00432
1.00429
1.00427
1.00426
1.00425
1.00425
1.00425
1.00425
1.00426
1.00427
1.00429
1.00431
1.00433
1.00435
1.00438
1.00441
1.00446
1.00452
1.00457
1.00462
1.00466
1.00471
1.00475
1.0048
1.00484
1.00489
1.00493
1.00497
1.005
1.00504
1.00508
1.00513
1.00517
1.00521
1.00525
1.0053
1.00534
1.00539
1.00543
1.00547
1.0055
1.00554
1.00557
1.00561
1.00564
1.00566
1.00569
1.00572
1.00574
1.00576
1.00578
1.0058
1.00582
1.00584
1.00586
1.00587
1.00589
1.0059
1.00592
1.00593
1.00595
1.00596
1.00597
1.00598
1.00599
1.006
1.00601
1.00601
1.00602
1.00602
1.00602
1.00603
1.00603
1.00602
1.00602
1.00602
1.00601
1.006
1.006
1.00599
1.00598
1.00597
1.00596
1.00594
1.00593
1.00592
1.00591
1.00589
1.00588
1.00586
1.00585
1.00584
1.00582
1.0058
1.00579
1.00577
1.00575
1.00573
1.00571
1.00569
1.00567
1.00565
1.00563
1.00561
1.00559
1.00556
1.00554
1.00551
1.00549
1.00546
1.00544
1.00541
1.00539
1.00536
1.00533
1.00531
1.00528
1.00525
1.00522
1.0052
1.00517
1.00514
1.00511
1.00508
1.00505
1.00502
1.00499
1.00496
1.00493
1.00489
1.00486
1.00483
1.00479
1.00476
1.00472
1.00469
1.00465
1.00462
1.00458
1.00454
1.00451
1.00447
1.00443
1.0044
1.00436
1.00432
1.00428
1.00424
1.0042
1.00416
1.00412
1.00408
1.00404
1.004
1.00396
1.00392
1.00388
1.00384
1.0038
1.00375
1.00371
1.00367
1.00362
1.00358
1.00354
1.00349
1.00345
1.0034
1.00336
1.00332
1.00327
1.00323
1.00318
1.00314
1.00309
1.00305
1.003
1.00296
1.00291
1.00287
1.00282
1.00278
1.00273
1.00269
1.00264
1.0026
1.00255
1.00251
1.00246
1.00242
1.00237
1.00233
1.00228
1.00224
1.00219
1.00215
1.0021
1.00206
1.00201
1.00197
1.00192
1.00188
1.00184
1.00179
1.00175
1.00171
1.00166
1.00162
1.00158
1.00154
1.00149
1.00145
1.00141
1.00137
1.00133
1.00129
1.00125
1.0012
1.00116
1.00112
1.00108
1.00104
1.001
1.00096
1.00092
1.00088
1.00084
1.00081
1.00077
1.00073
1.00069
1.00065
1.00061
1.00058
1.00054
1.0005
1.00046
1.00043
1.00039
1.00035
1.00031
1.00028
1.00024
1.0002
1.00017
1.00013
1.00009
1.00006
1.00001
1.00447
1.00443
1.0044
1.00438
1.00436
1.00435
1.00434
1.00434
1.00434
1.00435
1.00436
1.00438
1.0044
1.00442
1.00444
1.00447
1.0045
1.00453
1.00455
1.00458
1.00461
1.00465
1.00469
1.00473
1.00477
1.00481
1.00486
1.0049
1.00495
1.005
1.00504
1.00509
1.00514
1.00518
1.00522
1.00527
1.00531
1.00535
1.00538
1.00542
1.00546
1.00549
1.00552
1.00556
1.00559
1.00562
1.00565
1.00568
1.00571
1.00573
1.00575
1.00578
1.0058
1.00582
1.00584
1.00585
1.00587
1.00589
1.0059
1.00591
1.00593
1.00594
1.00595
1.00596
1.00598
1.00599
1.00599
1.006
1.00601
1.00601
1.00602
1.00602
1.00602
1.00602
1.00602
1.00602
1.00601
1.00601
1.006
1.00599
1.00599
1.00598
1.00597
1.00596
1.00594
1.00593
1.00592
1.00591
1.00589
1.00588
1.00587
1.00585
1.00584
1.00582
1.0058
1.00579
1.00577
1.00575
1.00573
1.00571
1.00569
1.00567
1.00565
1.00563
1.00561
1.00559
1.00556
1.00554
1.00551
1.00549
1.00546
1.00544
1.00541
1.00539
1.00536
1.00533
1.00531
1.00528
1.00525
1.00522
1.0052
1.00517
1.00514
1.00511
1.00508
1.00505
1.00502
1.00499
1.00496
1.00493
1.00489
1.00486
1.00483
1.00479
1.00476
1.00472
1.00469
1.00465
1.00462
1.00458
1.00454
1.00451
1.00447
1.00443
1.0044
1.00436
1.00432
1.00428
1.00424
1.0042
1.00416
1.00412
1.00408
1.00404
1.004
1.00396
1.00392
1.00388
1.00384
1.0038
1.00375
1.00371
1.00367
1.00362
1.00358
1.00354
1.00349
1.00345
1.0034
1.00336
1.00332
1.00327
1.00323
1.00318
1.00314
1.00309
1.00305
1.003
1.00296
1.00291
1.00287
1.00282
1.00278
1.00273
1.00269
1.00264
1.0026
1.00255
1.00251
1.00246
1.00242
1.00237
1.00233
1.00228
1.00224
1.00219
1.00215
1.0021
1.00206
1.00201
1.00197
1.00192
1.00188
1.00184
1.00179
1.00175
1.00171
1.00166
1.00162
1.00158
1.00154
1.00149
1.00145
1.00141
1.00137
1.00133
1.00129
1.00125
1.0012
1.00116
1.00112
1.00108
1.00104
1.001
1.00096
1.00092
1.00088
1.00084
1.00081
1.00077
1.00073
1.00069
1.00065
1.00061
1.00058
1.00054
1.0005
1.00046
1.00043
1.00039
1.00035
1.00031
1.00028
1.00024
1.0002
1.00017
1.00013
1.00009
1.00006
1.00001
1.0045
1.00445
1.00441
1.00438
1.00436
1.00434
1.00433
1.00432
1.00432
1.00433
1.00434
1.00435
1.00437
1.00439
1.00441
1.00444
1.00447
1.0045
1.00454
1.00458
1.00462
1.00466
1.0047
1.00475
1.00479
1.00483
1.00487
1.00492
1.00496
1.005
1.00504
1.00508
1.00513
1.00517
1.00521
1.00525
1.00529
1.00533
1.00537
1.00541
1.00545
1.00548
1.00552
1.00555
1.00558
1.00562
1.00564
1.00567
1.0057
1.00572
1.00575
1.00577
1.00579
1.00581
1.00583
1.00585
1.00586
1.00588
1.0059
1.00591
1.00593
1.00594
1.00595
1.00596
1.00597
1.00598
1.00599
1.006
1.00601
1.00601
1.00602
1.00602
1.00602
1.00602
1.00602
1.00602
1.00601
1.00601
1.006
1.006
1.00599
1.00598
1.00597
1.00596
1.00595
1.00593
1.00592
1.00591
1.00589
1.00588
1.00587
1.00585
1.00584
1.00582
1.00581
1.00579
1.00577
1.00575
1.00574
1.00572
1.0057
1.00568
1.00565
1.00563
1.00561
1.00559
1.00556
1.00554
1.00551
1.00549
1.00546
1.00544
1.00541
1.00539
1.00536
1.00533
1.00531
1.00528
1.00525
1.00523
1.0052
1.00517
1.00514
1.00511
1.00508
1.00505
1.00502
1.00499
1.00496
1.00493
1.00489
1.00486
1.00483
1.00479
1.00476
1.00472
1.00469
1.00465
1.00462
1.00458
1.00455
1.00451
1.00447
1.00443
1.0044
1.00436
1.00432
1.00428
1.00424
1.0042
1.00416
1.00412
1.00408
1.00404
1.004
1.00396
1.00392
1.00388
1.00384
1.0038
1.00375
1.00371
1.00367
1.00362
1.00358
1.00354
1.00349
1.00345
1.0034
1.00336
1.00332
1.00327
1.00323
1.00318
1.00314
1.00309
1.00305
1.003
1.00296
1.00291
1.00287
1.00282
1.00278
1.00273
1.00269
1.00264
1.0026
1.00255
1.00251
1.00246
1.00242
1.00237
1.00233
1.00228
1.00224
1.00219
1.00215
1.0021
1.00206
1.00201
1.00197
1.00192
1.00188
1.00184
1.00179
1.00175
1.00171
1.00166
1.00162
1.00158
1.00154
1.00149
1.00145
1.00141
1.00137
1.00133
1.00129
1.00125
1.0012
1.00116
1.00112
1.00108
1.00104
1.001
1.00096
1.00092
1.00088
1.00084
1.00081
1.00077
1.00073
1.00069
1.00065
1.00061
1.00058
1.00054
1.0005
1.00046
1.00043
1.00039
1.00035
1.00031
1.00028
1.00024
1.0002
1.00017
1.00013
1.00009
1.00006
1.00001
1.00453
1.00448
1.00444
1.0044
1.00438
1.00436
1.00435
1.00434
1.00434
1.00435
1.00436
1.00437
1.00439
1.00441
1.00443
1.00446
1.00449
1.00452
1.00455
1.00459
1.00462
1.00466
1.0047
1.00474
1.00478
1.00482
1.00486
1.00491
1.00495
1.00499
1.00504
1.00508
1.00512
1.00517
1.00521
1.00525
1.00529
1.00533
1.00537
1.00541
1.00544
1.00548
1.00551
1.00555
1.00558
1.00561
1.00564
1.00567
1.0057
1.00572
1.00574
1.00577
1.00579
1.00581
1.00583
1.00585
1.00586
1.00588
1.0059
1.00591
1.00592
1.00594
1.00595
1.00596
1.00597
1.00598
1.00599
1.006
1.00601
1.00601
1.00602
1.00602
1.00602
1.00602
1.00602
1.00602
1.00601
1.00601
1.006
1.006
1.00599
1.00598
1.00597
1.00596
1.00595
1.00593
1.00592
1.00591
1.0059
1.00588
1.00587
1.00585
1.00584
1.00582
1.00581
1.00579
1.00577
1.00575
1.00574
1.00572
1.0057
1.00568
1.00565
1.00563
1.00561
1.00559
1.00556
1.00554
1.00551
1.00549
1.00546
1.00544
1.00541
1.00539
1.00536
1.00533
1.00531
1.00528
1.00525
1.00523
1.0052
1.00517
1.00514
1.00511
1.00508
1.00505
1.00502
1.00499
1.00496
1.00493
1.00489
1.00486
1.00483
1.00479
1.00476
1.00472
1.00469
1.00465
1.00462
1.00458
1.00455
1.00451
1.00447
1.00443
1.0044
1.00436
1.00432
1.00428
1.00424
1.0042
1.00416
1.00412
1.00408
1.00404
1.004
1.00396
1.00392
1.00388
1.00384
1.0038
1.00375
1.00371
1.00367
1.00362
1.00358
1.00354
1.00349
1.00345
1.0034
1.00336
1.00332
1.00327
1.00323
1.00318
1.00314
1.00309
1.00305
1.003
1.00296
1.00291
1.00287
1.00282
1.00278
1.00273
1.00269
1.00264
1.0026
1.00255
1.00251
1.00246
1.00242
1.00237
1.00233
1.00228
1.00224
1.00219
1.00215
1.0021
1.00206
1.00201
1.00197
1.00192
1.00188
1.00184
1.00179
1.00175
1.00171
1.00166
1.00162
1.00158
1.00154
1.00149
1.00145
1.00141
1.00137
1.00133
1.00129
1.00125
1.0012
1.00116
1.00112
1.00108
1.00104
1.001
1.00096
1.00092
1.00088
1.00084
1.00081
1.00077
1.00073
1.00069
1.00065
1.00061
1.00058
1.00054
1.0005
1.00046
1.00043
1.00039
1.00035
1.00031
1.00028
1.00024
1.0002
1.00017
1.00013
1.00009
1.00006
1.00001
1.00453
1.00448
1.00443
1.00439
1.00437
1.00435
1.00433
1.00433
1.00432
1.00433
1.00434
1.00435
1.00437
1.00439
1.00441
1.00444
1.00447
1.0045
1.00454
1.00457
1.00461
1.00465
1.00469
1.00473
1.00477
1.00481
1.00486
1.0049
1.00494
1.00499
1.00503
1.00507
1.00512
1.00516
1.0052
1.00524
1.00528
1.00532
1.00536
1.0054
1.00544
1.00547
1.00551
1.00554
1.00558
1.00561
1.00564
1.00567
1.00569
1.00572
1.00574
1.00577
1.00579
1.00581
1.00583
1.00585
1.00586
1.00588
1.0059
1.00591
1.00593
1.00594
1.00595
1.00596
1.00598
1.00599
1.00599
1.006
1.00601
1.00602
1.00602
1.00602
1.00602
1.00602
1.00602
1.00602
1.00602
1.00601
1.006
1.006
1.00599
1.00598
1.00597
1.00596
1.00595
1.00594
1.00592
1.00591
1.0059
1.00588
1.00587
1.00585
1.00584
1.00582
1.00581
1.00579
1.00577
1.00576
1.00574
1.00572
1.0057
1.00568
1.00566
1.00563
1.00561
1.00559
1.00556
1.00554
1.00552
1.00549
1.00547
1.00544
1.00541
1.00539
1.00536
1.00534
1.00531
1.00528
1.00525
1.00523
1.0052
1.00517
1.00514
1.00511
1.00508
1.00505
1.00502
1.00499
1.00496
1.00493
1.00489
1.00486
1.00483
1.00479
1.00476
1.00473
1.00469
1.00465
1.00462
1.00458
1.00455
1.00451
1.00447
1.00443
1.0044
1.00436
1.00432
1.00428
1.00424
1.0042
1.00416
1.00413
1.00409
1.00404
1.004
1.00396
1.00392
1.00388
1.00384
1.0038
1.00375
1.00371
1.00367
1.00362
1.00358
1.00354
1.00349
1.00345
1.0034
1.00336
1.00332
1.00327
1.00323
1.00318
1.00314
1.00309
1.00305
1.003
1.00296
1.00291
1.00287
1.00282
1.00278
1.00273
1.00269
1.00264
1.0026
1.00255
1.00251
1.00246
1.00242
1.00237
1.00233
1.00228
1.00224
1.00219
1.00215
1.0021
1.00206
1.00201
1.00197
1.00192
1.00188
1.00184
1.00179
1.00175
1.00171
1.00166
1.00162
1.00158
1.00154
1.00149
1.00145
1.00141
1.00137
1.00133
1.00129
1.00125
1.0012
1.00116
1.00112
1.00108
1.00104
1.001
1.00096
1.00092
1.00088
1.00084
1.00081
1.00077
1.00073
1.00069
1.00065
1.00061
1.00058
1.00054
1.0005
1.00046
1.00043
1.00039
1.00035
1.00031
1.00028
1.00024
1.0002
1.00017
1.00013
1.00009
1.00006
1.00001
)
;

boundaryField
{
    inlet
    {
        type            zeroGradient;
    }
    outlet
    {
        type            totalPressure;
        rho             rho;
        psi             none;
        gamma           1;
        p0              uniform 1;
        value           uniform 1;
    }
    walls
    {
        type            zeroGradient;
    }
    symwall
    {
        type            empty;
    }
}


// ************************************************************************* //
