/*--------------------------------*- C++ -*----------------------------------*\
| =========                 |                                                 |
| \\      /  F ield         | OpenFOAM: The Open Source CFD Toolbox           |
|  \\    /   O peration     | Version:  2312                                  |
|   \\  /    A nd           | Website:  www.openfoam.com                      |
|    \\/     M anipulation  |                                                 |
\*---------------------------------------------------------------------------*/
FoamFile
{
    version     2.0;
    format      ascii;
    arch        "LSB;label=64;scalar=64";
    class       volScalarField;
    location    "500";
    object      p;
}
// * * * * * * * * * * * * * * * * * * * * * * * * * * * * * * * * * * * * * //

dimensions      [1 -1 -2 0 0 0 0];

internalField   nonuniform List<scalar> 
5100
(
0.988099
0.988097
0.988096
0.988098
0.988103
0.988112
0.988123
0.988139
0.988158
0.988182
0.988209
0.988242
0.988277
0.98832
0.98836
0.988415
0.988457
0.988517
0.98857
0.988632
0.988693
0.98876
0.988827
0.988899
0.988972
0.989049
0.989128
0.989211
0.989296
0.989387
0.989482
0.989583
0.98969
0.9898
0.989907
0.990025
0.99013
0.990258
0.990355
0.990485
0.990587
0.990705
0.990801
0.990909
0.990978
0.99107
0.991152
0.991237
0.991314
0.991386
0.991454
0.991516
0.991576
0.991628
0.99168
0.991724
0.991772
0.991809
0.991856
0.991888
0.991933
0.991968
0.992008
0.992045
0.992083
0.99212
0.992158
0.992195
0.992231
0.992267
0.992303
0.992338
0.992372
0.992406
0.992438
0.992471
0.992502
0.992534
0.992562
0.992597
0.992622
0.992659
0.992686
0.99272
0.992749
0.992782
0.992813
0.992846
0.992879
0.992912
0.992946
0.99298
0.993014
0.993049
0.993083
0.993117
0.99315
0.993184
0.993216
0.99325
0.99328
0.993314
0.993341
0.993376
0.993403
0.993435
0.993463
0.993493
0.993522
0.993552
0.993581
0.99361
0.99364
0.99367
0.993701
0.993732
0.993764
0.993795
0.993829
0.99386
0.993895
0.993926
0.993964
0.993993
0.994031
0.994063
0.994099
0.994132
0.994166
0.9942
0.994234
0.994268
0.994302
0.994336
0.994371
0.994405
0.99444
0.994474
0.99451
0.994545
0.994583
0.994618
0.994659
0.994692
0.994736
0.994774
0.994816
0.994856
0.994898
0.99494
0.994982
0.995025
0.995068
0.995112
0.995156
0.9952
0.995245
0.99529
0.995335
0.99538
0.995427
0.995472
0.99552
0.995564
0.995617
0.995656
0.995712
0.995757
0.995809
0.995858
0.995909
0.995959
0.99601
0.996061
0.996112
0.996163
0.996215
0.996268
0.99632
0.996373
0.996426
0.99648
0.996533
0.996588
0.99664
0.9967
0.996745
0.996807
0.996858
0.996915
0.996969
0.997025
0.997079
0.997133
0.997188
0.997242
0.997296
0.99735
0.997404
0.997459
0.997512
0.997567
0.99762
0.997675
0.997728
0.997784
0.997835
0.997895
0.997941
0.998001
0.998052
0.998108
0.998161
0.998215
0.998267
0.99832
0.998372
0.998424
0.998475
0.998526
0.998577
0.998627
0.998677
0.998727
0.998777
0.998826
0.998877
0.998924
0.998979
0.999022
0.999077
0.999123
0.999174
0.999222
0.999271
0.999319
0.999368
0.999415
0.999463
0.999511
0.999558
0.999605
0.999651
0.999698
0.999744
0.999791
0.999836
0.999885
0.999927
0.999982
0.988104
0.988102
0.988102
0.988105
0.988111
0.988121
0.988134
0.988151
0.98817
0.988193
0.988218
0.988248
0.988277
0.988315
0.988349
0.988401
0.988443
0.988504
0.988558
0.988624
0.988688
0.988758
0.988829
0.988904
0.988981
0.989062
0.989144
0.989232
0.989319
0.989411
0.989499
0.989595
0.989669
0.989762
0.989852
0.98996
0.990055
0.990176
0.990269
0.990392
0.990495
0.990612
0.990722
0.990831
0.990962
0.991066
0.991161
0.991245
0.991323
0.991395
0.991461
0.991521
0.991577
0.991627
0.991678
0.991721
0.991768
0.991805
0.991853
0.991884
0.99193
0.991964
0.992005
0.992042
0.99208
0.992118
0.992156
0.992193
0.99223
0.992266
0.992302
0.992338
0.992372
0.992406
0.992439
0.992472
0.992503
0.992535
0.992563
0.992599
0.992623
0.99266
0.992686
0.992721
0.99275
0.992782
0.992814
0.992846
0.992879
0.992913
0.992946
0.99298
0.993014
0.993049
0.993083
0.993117
0.99315
0.993185
0.993216
0.993251
0.99328
0.993315
0.993341
0.993377
0.993403
0.993436
0.993464
0.993494
0.993523
0.993552
0.993581
0.993611
0.99364
0.99367
0.993701
0.993732
0.993764
0.993795
0.993829
0.99386
0.993896
0.993925
0.993965
0.993992
0.994032
0.994063
0.994099
0.994132
0.994167
0.994201
0.994235
0.994269
0.994303
0.994337
0.994371
0.994405
0.99444
0.994475
0.994511
0.994545
0.994583
0.994617
0.99466
0.994692
0.994736
0.994773
0.994816
0.994856
0.994898
0.99494
0.994982
0.995025
0.995068
0.995112
0.995156
0.9952
0.995245
0.99529
0.995335
0.995381
0.995427
0.995472
0.99552
0.995564
0.995618
0.995655
0.995713
0.995757
0.995809
0.995858
0.995909
0.995959
0.99601
0.996061
0.996112
0.996164
0.996216
0.996268
0.99632
0.996373
0.996426
0.99648
0.996533
0.996589
0.996639
0.996701
0.996744
0.996808
0.996858
0.996916
0.996969
0.997025
0.997079
0.997134
0.997188
0.997242
0.997296
0.997351
0.997405
0.997459
0.997513
0.997567
0.99762
0.997675
0.997728
0.997784
0.997835
0.997895
0.99794
0.998002
0.998052
0.998108
0.998161
0.998215
0.998267
0.99832
0.998372
0.998424
0.998476
0.998527
0.998577
0.998627
0.998678
0.998727
0.998777
0.998825
0.998877
0.998924
0.99898
0.999021
0.999077
0.999123
0.999174
0.999222
0.999271
0.999319
0.999368
0.999416
0.999463
0.999511
0.999558
0.999605
0.999651
0.999698
0.999744
0.999791
0.999836
0.999885
0.999927
0.999983
0.988105
0.988101
0.988102
0.988104
0.98811
0.988117
0.988126
0.988138
0.988154
0.988176
0.988204
0.98824
0.988279
0.988327
0.988372
0.98843
0.988473
0.988531
0.988582
0.988641
0.9887
0.988764
0.988829
0.988898
0.988968
0.989041
0.989116
0.989195
0.989277
0.989363
0.989457
0.989554
0.989674
0.989787
0.989898
0.990016
0.990121
0.99025
0.990347
0.990475
0.990577
0.990693
0.990792
0.990893
0.990979
0.991067
0.991152
0.991234
0.991311
0.991383
0.99145
0.991512
0.99157
0.991622
0.991673
0.991717
0.991765
0.991801
0.991849
0.99188
0.991926
0.99196
0.992001
0.992038
0.992077
0.992114
0.992152
0.99219
0.992227
0.992264
0.9923
0.992336
0.992371
0.992405
0.992438
0.992472
0.992502
0.992535
0.992563
0.992599
0.992622
0.99266
0.992686
0.992721
0.99275
0.992782
0.992813
0.992846
0.992879
0.992912
0.992946
0.99298
0.993014
0.993049
0.993083
0.993117
0.993151
0.993185
0.993217
0.993251
0.99328
0.993316
0.993341
0.993378
0.993404
0.993437
0.993464
0.993494
0.993523
0.993552
0.993581
0.993611
0.99364
0.99367
0.993701
0.993732
0.993764
0.993795
0.993828
0.99386
0.993896
0.993925
0.993965
0.993992
0.994033
0.994062
0.994099
0.994132
0.994167
0.994201
0.994235
0.994269
0.994303
0.994337
0.994371
0.994405
0.99444
0.994475
0.994511
0.994545
0.994583
0.994617
0.99466
0.994691
0.994736
0.994773
0.994816
0.994856
0.994898
0.99494
0.994982
0.995025
0.995068
0.995112
0.995156
0.9952
0.995245
0.99529
0.995335
0.995381
0.995427
0.995472
0.995521
0.995563
0.995619
0.995655
0.995714
0.995756
0.99581
0.995858
0.995909
0.995959
0.99601
0.996061
0.996112
0.996163
0.996215
0.996268
0.99632
0.996373
0.996426
0.99648
0.996533
0.996589
0.996639
0.996701
0.996743
0.996808
0.996858
0.996916
0.99697
0.997025
0.997079
0.997134
0.997188
0.997242
0.997296
0.997351
0.997405
0.997459
0.997513
0.997567
0.99762
0.997675
0.997728
0.997784
0.997835
0.997896
0.997939
0.998002
0.998052
0.998109
0.998161
0.998215
0.998268
0.99832
0.998372
0.998424
0.998476
0.998527
0.998577
0.998627
0.998678
0.998727
0.998777
0.998825
0.998878
0.998924
0.998981
0.999021
0.999078
0.999123
0.999174
0.999222
0.999271
0.99932
0.999368
0.999416
0.999463
0.999511
0.999558
0.999605
0.999651
0.999698
0.999744
0.999791
0.999836
0.999886
0.999926
0.999984
0.988103
0.988094
0.988097
0.9881
0.988107
0.988117
0.988134
0.988155
0.988178
0.988203
0.988227
0.988255
0.98828
0.988313
0.988343
0.988394
0.988435
0.988495
0.988551
0.988617
0.988681
0.988753
0.988823
0.988898
0.988975
0.989055
0.989136
0.989221
0.989307
0.989395
0.989483
0.989574
0.98966
0.989758
0.989854
0.989964
0.990063
0.990187
0.990282
0.99041
0.990514
0.990634
0.990741
0.990852
0.990956
0.991055
0.991147
0.991232
0.99131
0.991381
0.991448
0.991508
0.991565
0.991616
0.991666
0.991709
0.991756
0.991793
0.991841
0.991872
0.991919
0.991953
0.991995
0.992032
0.992072
0.99211
0.992149
0.992187
0.992225
0.992262
0.992299
0.992335
0.99237
0.992405
0.992438
0.992472
0.992503
0.992536
0.992564
0.992601
0.992623
0.992662
0.992687
0.992722
0.992751
0.992783
0.992815
0.992847
0.99288
0.992913
0.992947
0.992981
0.993015
0.99305
0.993084
0.993118
0.993152
0.993186
0.993218
0.993252
0.993282
0.993317
0.993343
0.993379
0.993405
0.993438
0.993466
0.993496
0.993524
0.993553
0.993582
0.993611
0.993641
0.993671
0.993702
0.993732
0.993764
0.993795
0.993829
0.99386
0.993897
0.993925
0.993966
0.993992
0.994033
0.994063
0.9941
0.994133
0.994168
0.994202
0.994236
0.99427
0.994304
0.994338
0.994372
0.994406
0.99444
0.994475
0.994511
0.994546
0.994583
0.994618
0.99466
0.994692
0.994736
0.994774
0.994816
0.994856
0.994898
0.99494
0.994982
0.995025
0.995068
0.995112
0.995156
0.995201
0.995245
0.99529
0.995336
0.995381
0.995427
0.995472
0.995521
0.995563
0.995619
0.995654
0.995715
0.995756
0.995811
0.995858
0.995909
0.995959
0.99601
0.996061
0.996112
0.996163
0.996216
0.996268
0.99632
0.996373
0.996426
0.99648
0.996533
0.996589
0.99664
0.996701
0.996743
0.996809
0.996858
0.996916
0.99697
0.997025
0.997079
0.997134
0.997188
0.997242
0.997297
0.997351
0.997405
0.997459
0.997513
0.997567
0.99762
0.997675
0.997728
0.997784
0.997835
0.997896
0.997938
0.998003
0.998052
0.998109
0.998162
0.998215
0.998268
0.99832
0.998372
0.998424
0.998476
0.998527
0.998577
0.998627
0.998677
0.998726
0.998777
0.998826
0.998878
0.998923
0.998982
0.99902
0.999078
0.999123
0.999175
0.999223
0.999272
0.99932
0.999368
0.999415
0.999463
0.999511
0.999558
0.999605
0.999651
0.999698
0.999744
0.999791
0.999836
0.999886
0.999926
0.999985
0.988093
0.988085
0.988085
0.988088
0.988094
0.988102
0.988111
0.988123
0.988138
0.988159
0.988185
0.988219
0.988256
0.988304
0.988347
0.988404
0.988448
0.98851
0.988562
0.988627
0.988687
0.988755
0.988822
0.988893
0.988964
0.989039
0.989116
0.989196
0.989279
0.989365
0.989456
0.989551
0.989652
0.989756
0.98986
0.989974
0.990076
0.990203
0.990296
0.990427
0.990528
0.990645
0.990749
0.990855
0.990953
0.991048
0.991136
0.991219
0.991297
0.991369
0.991436
0.991497
0.991554
0.991605
0.991656
0.991699
0.991746
0.991782
0.99183
0.99186
0.991907
0.99194
0.991983
0.99202
0.99206
0.992099
0.992138
0.992177
0.992215
0.992253
0.99229
0.992327
0.992363
0.992398
0.992432
0.992467
0.992499
0.992531
0.99256
0.992598
0.99262
0.99266
0.992685
0.99272
0.992749
0.992782
0.992813
0.992846
0.992879
0.992912
0.992946
0.99298
0.993015
0.993049
0.993084
0.993118
0.993152
0.993186
0.993218
0.993252
0.993282
0.993316
0.993343
0.993378
0.993405
0.993437
0.993466
0.993495
0.993524
0.993553
0.993582
0.993611
0.993641
0.993671
0.993701
0.993732
0.993764
0.993795
0.993829
0.99386
0.993896
0.993925
0.993965
0.993991
0.994033
0.994063
0.9941
0.994133
0.994168
0.994201
0.994236
0.99427
0.994304
0.994338
0.994372
0.994406
0.99444
0.994475
0.99451
0.994546
0.994583
0.994618
0.994659
0.994693
0.994734
0.994774
0.994815
0.994856
0.994898
0.99494
0.994982
0.995025
0.995068
0.995112
0.995156
0.9952
0.995245
0.99529
0.995336
0.995381
0.995427
0.995472
0.99552
0.995562
0.995619
0.995653
0.995716
0.995756
0.995811
0.995858
0.995909
0.995959
0.99601
0.996061
0.996112
0.996163
0.996216
0.996268
0.99632
0.996373
0.996426
0.996479
0.996532
0.996588
0.996639
0.996702
0.996743
0.996809
0.996858
0.996917
0.99697
0.997025
0.99708
0.997134
0.997188
0.997243
0.997297
0.997351
0.997405
0.997459
0.997513
0.997567
0.99762
0.997675
0.997728
0.997784
0.997835
0.997897
0.997938
0.998003
0.998053
0.998109
0.998162
0.998216
0.998268
0.99832
0.998373
0.998425
0.998476
0.998527
0.998577
0.998627
0.998677
0.998726
0.998777
0.998826
0.998878
0.998923
0.998983
0.99902
0.999079
0.999123
0.999175
0.999223
0.999272
0.99932
0.999368
0.999415
0.999463
0.999511
0.999558
0.999605
0.999651
0.999698
0.999744
0.999791
0.999836
0.999885
0.999925
0.999986
0.988069
0.988058
0.988067
0.988072
0.988081
0.98809
0.988103
0.98812
0.988141
0.988165
0.988191
0.988221
0.988253
0.988292
0.98833
0.988383
0.988428
0.988491
0.988546
0.988613
0.988677
0.988748
0.988817
0.988891
0.988965
0.989042
0.98912
0.989201
0.989284
0.98937
0.989458
0.989549
0.989642
0.989741
0.989841
0.989951
0.990051
0.990177
0.990268
0.990402
0.990504
0.990622
0.990728
0.990835
0.990936
0.991032
0.991122
0.991204
0.991281
0.991351
0.991416
0.991476
0.991532
0.991583
0.991632
0.991677
0.991724
0.991763
0.991812
0.991845
0.991894
0.991929
0.991973
0.992012
0.992053
0.992093
0.992132
0.992172
0.992211
0.99225
0.992287
0.992325
0.992361
0.992397
0.992432
0.992466
0.992499
0.992532
0.992561
0.9926
0.992622
0.992663
0.992688
0.992723
0.992753
0.992786
0.992818
0.992851
0.992884
0.992917
0.992951
0.992985
0.993019
0.993053
0.993087
0.993121
0.993155
0.993188
0.993222
0.993253
0.993288
0.993314
0.993349
0.993378
0.993409
0.993439
0.993468
0.993497
0.993526
0.993555
0.993585
0.993614
0.993643
0.993673
0.993704
0.993734
0.993766
0.993797
0.993831
0.993861
0.993898
0.993926
0.993967
0.993992
0.994035
0.994064
0.994101
0.994134
0.994169
0.994202
0.994236
0.99427
0.994304
0.994338
0.994372
0.994407
0.994441
0.994476
0.994511
0.994547
0.994583
0.994621
0.994657
0.994699
0.994733
0.994777
0.994815
0.994858
0.994898
0.99494
0.994983
0.995025
0.995068
0.995112
0.995156
0.9952
0.995245
0.99529
0.995336
0.995381
0.995427
0.995472
0.99552
0.995562
0.99562
0.995653
0.995717
0.995756
0.995812
0.995858
0.99591
0.99596
0.996011
0.996061
0.996113
0.996164
0.996216
0.996268
0.99632
0.996373
0.996426
0.99648
0.996532
0.996588
0.996639
0.996702
0.996743
0.996809
0.996858
0.996917
0.99697
0.997025
0.99708
0.997134
0.997189
0.997243
0.997297
0.997351
0.997405
0.997459
0.997513
0.997567
0.99762
0.997675
0.997728
0.997784
0.997836
0.997896
0.997939
0.998003
0.998053
0.99811
0.998162
0.998216
0.998268
0.99832
0.998372
0.998424
0.998476
0.998527
0.998577
0.998627
0.998677
0.998726
0.998776
0.998826
0.998878
0.998923
0.998984
0.999021
0.999079
0.999124
0.999175
0.999224
0.999272
0.99932
0.999368
0.999415
0.999463
0.99951
0.999557
0.999604
0.999651
0.999698
0.999744
0.999791
0.999835
0.999885
0.999925
0.999986
0.988035
0.988046
0.988042
0.988051
0.98806
0.988071
0.988084
0.988099
0.988118
0.988142
0.988169
0.988203
0.988239
0.988284
0.988326
0.988382
0.988428
0.988493
0.988547
0.988615
0.988679
0.988749
0.988818
0.988891
0.988964
0.989039
0.989116
0.989196
0.989278
0.989363
0.989452
0.989544
0.989639
0.98974
0.989841
0.989952
0.990052
0.990177
0.990266
0.990399
0.990498
0.990612
0.990716
0.99082
0.990917
0.99101
0.991097
0.99118
0.991257
0.991329
0.991395
0.991456
0.991513
0.991565
0.991615
0.991659
0.991705
0.991742
0.991788
0.991819
0.991867
0.991901
0.991946
0.991984
0.992026
0.992066
0.992107
0.992147
0.992187
0.992227
0.992265
0.992304
0.992341
0.992378
0.992414
0.992449
0.992483
0.992518
0.992548
0.992589
0.992612
0.992654
0.99268
0.992717
0.992748
0.992781
0.992814
0.992848
0.992881
0.992915
0.992949
0.992983
0.993017
0.993051
0.993085
0.993119
0.993153
0.993185
0.993219
0.993249
0.993286
0.993309
0.993347
0.993374
0.993407
0.993436
0.993466
0.993495
0.993524
0.993554
0.993583
0.993613
0.993642
0.993673
0.993703
0.993734
0.993766
0.993797
0.99383
0.993861
0.993897
0.993925
0.993965
0.99399
0.994034
0.994062
0.9941
0.994132
0.994167
0.9942
0.994235
0.994269
0.994303
0.994337
0.994371
0.994405
0.99444
0.994475
0.99451
0.994547
0.994582
0.994621
0.994655
0.9947
0.99473
0.994777
0.994814
0.994858
0.994898
0.99494
0.994982
0.995024
0.995068
0.995111
0.995155
0.9952
0.995245
0.995289
0.995335
0.99538
0.995426
0.995471
0.99552
0.995562
0.99562
0.995653
0.995717
0.995757
0.995812
0.995858
0.99591
0.99596
0.99601
0.996061
0.996112
0.996164
0.996216
0.996268
0.99632
0.996373
0.996425
0.996479
0.996531
0.996588
0.996639
0.996702
0.996743
0.996809
0.996859
0.996918
0.996971
0.997026
0.99708
0.997135
0.997189
0.997243
0.997297
0.997351
0.997405
0.997459
0.997513
0.997567
0.997621
0.997675
0.997728
0.997783
0.997837
0.997896
0.997941
0.998002
0.998055
0.998111
0.998163
0.998216
0.998269
0.998321
0.998373
0.998424
0.998476
0.998526
0.998577
0.998626
0.998676
0.998726
0.998776
0.998826
0.998878
0.998923
0.998984
0.999021
0.999079
0.999124
0.999176
0.999224
0.999272
0.99932
0.999367
0.999415
0.999463
0.99951
0.999557
0.999604
0.999651
0.999697
0.999743
0.99979
0.999835
0.999885
0.999925
0.999987
0.98796
0.98798
0.988014
0.988029
0.988046
0.988061
0.988076
0.988095
0.988115
0.98814
0.988167
0.9882
0.988235
0.988278
0.98832
0.988376
0.988421
0.988489
0.988546
0.988615
0.98868
0.988752
0.988823
0.988897
0.988971
0.989047
0.989125
0.989204
0.989286
0.98937
0.989456
0.989546
0.989639
0.989738
0.989836
0.989945
0.990043
0.990167
0.990253
0.990386
0.990486
0.990597
0.9907
0.990801
0.990896
0.990984
0.991066
0.991142
0.991213
0.99128
0.991343
0.991402
0.991458
0.991511
0.991563
0.991612
0.991663
0.991709
0.991764
0.991801
0.991856
0.991893
0.991939
0.99198
0.992022
0.992063
0.992104
0.992145
0.992185
0.992225
0.992264
0.992303
0.992341
0.992378
0.992415
0.992452
0.992487
0.992524
0.992554
0.992597
0.992621
0.992664
0.992691
0.992729
0.99276
0.992794
0.992827
0.992861
0.992894
0.992927
0.992961
0.992994
0.993028
0.993061
0.993094
0.993127
0.99316
0.993191
0.993226
0.993254
0.993291
0.993313
0.993352
0.993378
0.993411
0.99344
0.993471
0.9935
0.99353
0.99356
0.993589
0.993619
0.993649
0.993679
0.99371
0.993741
0.993772
0.993803
0.993836
0.993867
0.993901
0.99393
0.99397
0.993995
0.994036
0.994065
0.994102
0.994133
0.994168
0.994202
0.994236
0.99427
0.994304
0.994338
0.994372
0.994407
0.994442
0.994477
0.994512
0.994549
0.994584
0.994623
0.994657
0.994703
0.994731
0.994781
0.994816
0.99486
0.9949
0.994942
0.994984
0.995026
0.995069
0.995112
0.995156
0.9952
0.995245
0.995289
0.995335
0.99538
0.995426
0.995471
0.99552
0.995562
0.99562
0.995653
0.995717
0.995757
0.995813
0.99586
0.995911
0.995962
0.996012
0.996063
0.996114
0.996165
0.996217
0.996269
0.996321
0.996374
0.996426
0.99648
0.996531
0.996588
0.996638
0.996703
0.996744
0.996809
0.996859
0.996918
0.996971
0.997026
0.99708
0.997135
0.997189
0.997243
0.997297
0.997352
0.997406
0.997459
0.997513
0.997567
0.997621
0.997674
0.99773
0.997782
0.997842
0.997889
0.997947
0.998002
0.998057
0.99811
0.998163
0.998216
0.998268
0.99832
0.998372
0.998424
0.998475
0.998526
0.998576
0.998626
0.998676
0.998726
0.998776
0.998826
0.998879
0.998924
0.998985
0.999021
0.999079
0.999124
0.999176
0.999224
0.999273
0.99932
0.999368
0.999415
0.999462
0.999509
0.999557
0.999604
0.99965
0.999697
0.999743
0.99979
0.999834
0.999885
0.999925
0.999987
0.987853
0.987973
0.987979
0.988024
0.988038
0.988057
0.988072
0.988091
0.988112
0.988137
0.988165
0.988199
0.988235
0.98828
0.988324
0.988383
0.988428
0.988498
0.988555
0.988623
0.988689
0.988759
0.988829
0.988902
0.988976
0.989052
0.989129
0.989209
0.989291
0.989378
0.989466
0.989558
0.989652
0.98975
0.989848
0.989955
0.99005
0.990168
0.990248
0.990373
0.990466
0.99057
0.990666
0.990761
0.990852
0.990942
0.991029
0.991113
0.99119
0.991261
0.991326
0.991386
0.991443
0.991497
0.991547
0.991592
0.991635
0.991673
0.99172
0.991749
0.991803
0.991839
0.991886
0.991928
0.991971
0.992014
0.992056
0.992098
0.992139
0.99218
0.99222
0.99226
0.992299
0.992338
0.992376
0.992415
0.992452
0.992491
0.992524
0.992569
0.992594
0.99264
0.99267
0.992709
0.992743
0.992779
0.992814
0.992849
0.992883
0.992917
0.992951
0.992985
0.993019
0.993052
0.993085
0.993118
0.993151
0.993182
0.993216
0.993243
0.993282
0.993304
0.993342
0.993368
0.993402
0.993431
0.993462
0.993492
0.993522
0.993553
0.993583
0.993613
0.993644
0.993675
0.993705
0.993737
0.993768
0.9938
0.993832
0.993864
0.993897
0.993927
0.993965
0.993992
0.994031
0.994061
0.994098
0.994129
0.994164
0.994197
0.994231
0.994265
0.994299
0.994334
0.994368
0.994403
0.994438
0.994474
0.994509
0.994547
0.994582
0.994622
0.994655
0.994702
0.99473
0.99478
0.994814
0.994859
0.994898
0.99494
0.994982
0.995025
0.995067
0.99511
0.995154
0.995198
0.995243
0.995288
0.995333
0.995378
0.995424
0.99547
0.995519
0.995562
0.995619
0.995653
0.995716
0.995757
0.995813
0.995859
0.995911
0.995961
0.996011
0.996062
0.996113
0.996164
0.996216
0.996268
0.99632
0.996373
0.996425
0.996479
0.99653
0.996588
0.996638
0.996702
0.996743
0.996809
0.996859
0.996918
0.996972
0.997027
0.997081
0.997135
0.997189
0.997243
0.997297
0.997352
0.997406
0.99746
0.997514
0.997567
0.997622
0.997675
0.99773
0.997782
0.997843
0.997886
0.997949
0.998001
0.998057
0.99811
0.998164
0.998217
0.998269
0.998321
0.998373
0.998424
0.998475
0.998526
0.998576
0.998626
0.998675
0.998725
0.998776
0.998825
0.998879
0.998924
0.998985
0.999021
0.999079
0.999124
0.999176
0.999225
0.999272
0.99932
0.999368
0.999415
0.999462
0.999509
0.999556
0.999603
0.99965
0.999696
0.999742
0.99979
0.999834
0.999884
0.999925
0.999987
0.987629
0.987941
0.987968
0.988027
0.988046
0.988064
0.988081
0.988099
0.988119
0.988144
0.988172
0.988206
0.988243
0.988286
0.98833
0.988388
0.988434
0.988506
0.988565
0.988636
0.988705
0.988777
0.98885
0.988924
0.989
0.989077
0.989155
0.989235
0.989314
0.989395
0.989477
0.989564
0.989654
0.98975
0.989844
0.989951
0.990043
0.990164
0.990246
0.990372
0.990465
0.990567
0.99066
0.99075
0.990832
0.990904
0.99097
0.991035
0.9911
0.991164
0.991227
0.991287
0.991347
0.991405
0.991465
0.991522
0.991587
0.991641
0.991711
0.991746
0.991807
0.991846
0.991896
0.991939
0.991984
0.992027
0.99207
0.992111
0.992153
0.992194
0.992235
0.992275
0.992315
0.992355
0.992394
0.992435
0.992472
0.992514
0.992547
0.992594
0.992621
0.992668
0.992698
0.992739
0.992773
0.992809
0.992843
0.992878
0.992911
0.992945
0.992977
0.99301
0.993042
0.993074
0.993106
0.993136
0.993168
0.993197
0.993231
0.993257
0.993294
0.993316
0.993354
0.99338
0.993414
0.993443
0.993474
0.993505
0.993535
0.993566
0.993596
0.993627
0.993658
0.993689
0.993719
0.993751
0.993781
0.993813
0.993844
0.993876
0.993908
0.993937
0.993976
0.994
0.994039
0.994068
0.994103
0.994134
0.994168
0.994201
0.994235
0.994268
0.994303
0.994337
0.994372
0.994407
0.994443
0.994479
0.994514
0.994552
0.994587
0.994627
0.994661
0.994707
0.994735
0.994785
0.994819
0.994864
0.994903
0.994945
0.994986
0.995028
0.99507
0.995113
0.995156
0.9952
0.995244
0.995288
0.995333
0.995378
0.995425
0.99547
0.995519
0.995562
0.995619
0.995654
0.995716
0.995759
0.995814
0.995862
0.995914
0.995964
0.996015
0.996066
0.996117
0.996168
0.996219
0.996271
0.996323
0.996375
0.996427
0.99648
0.996531
0.996588
0.996638
0.996701
0.996742
0.996808
0.996858
0.996917
0.996971
0.997026
0.997081
0.997135
0.99719
0.997244
0.997298
0.997352
0.997407
0.99746
0.997514
0.997568
0.997622
0.997675
0.997731
0.997782
0.997844
0.997886
0.997952
0.998001
0.998058
0.99811
0.998164
0.998217
0.998268
0.99832
0.998372
0.998423
0.998475
0.998525
0.998576
0.998626
0.998676
0.998726
0.998776
0.998826
0.998879
0.998925
0.998985
0.999021
0.99908
0.999125
0.999177
0.999225
0.999273
0.99932
0.999368
0.999415
0.999461
0.999509
0.999557
0.999604
0.999648
0.999694
0.999741
0.999789
0.999834
0.999884
0.999925
0.999987
0.989058
0.988916
0.988838
0.988716
0.988599
0.988471
0.988335
0.988182
0.988041
0.987856
0.989091
0.988931
0.988839
0.988723
0.988602
0.988476
0.988343
0.988196
0.988055
0.987907
0.989116
0.988957
0.988855
0.988747
0.988628
0.988508
0.988385
0.988258
0.988147
0.988055
0.989158
0.988998
0.988886
0.988781
0.988668
0.988555
0.988442
0.988331
0.988231
0.98815
0.989211
0.989054
0.988941
0.988843
0.988735
0.988633
0.988536
0.988447
0.988372
0.988316
0.989256
0.989099
0.988984
0.988892
0.988789
0.988692
0.9886
0.988514
0.988437
0.988373
0.989298
0.989138
0.989033
0.988949
0.988847
0.988756
0.988671
0.988592
0.988524
0.988467
0.989323
0.98916
0.989069
0.988983
0.988882
0.988795
0.988711
0.988634
0.988564
0.988504
0.989333
0.989173
0.989094
0.989
0.988904
0.988817
0.988734
0.988658
0.98859
0.98853
0.989311
0.989173
0.989099
0.989
0.988911
0.988822
0.988738
0.988661
0.988592
0.98853
0.987802
0.987972
0.987994
0.988035
0.988056
0.988075
0.988093
0.988113
0.988135
0.988162
0.988192
0.988227
0.988266
0.988312
0.988359
0.988417
0.988464
0.988533
0.98859
0.988653
0.988718
0.988786
0.988857
0.98893
0.989005
0.989081
0.98916
0.989243
0.989331
0.989423
0.989513
0.989605
0.989698
0.989794
0.989888
0.989982
0.990068
0.990158
0.990217
0.990325
0.990401
0.990494
0.990582
0.990673
0.990767
0.990864
0.990955
0.991035
0.991103
0.991168
0.991232
0.991292
0.991351
0.991406
0.991459
0.991507
0.991552
0.991589
0.991639
0.991674
0.991736
0.991777
0.991829
0.991875
0.991922
0.991966
0.99201
0.992054
0.992096
0.992138
0.99218
0.992222
0.992263
0.992304
0.992345
0.992387
0.992427
0.99247
0.992507
0.992556
0.992585
0.992635
0.992669
0.992711
0.992748
0.992786
0.992823
0.992859
0.992894
0.992929
0.992963
0.992996
0.993028
0.99306
0.993092
0.993123
0.993155
0.993183
0.993217
0.993243
0.99328
0.993302
0.99334
0.993366
0.9934
0.99343
0.993462
0.993493
0.993524
0.993555
0.993586
0.993618
0.993649
0.993681
0.993712
0.993744
0.993775
0.993807
0.993837
0.993871
0.993899
0.993936
0.993963
0.993998
0.99403
0.994063
0.994096
0.994128
0.994161
0.994195
0.994228
0.994262
0.994296
0.994331
0.994366
0.994401
0.994437
0.994474
0.99451
0.994548
0.994584
0.994624
0.994658
0.994704
0.994733
0.994782
0.994816
0.994861
0.9949
0.994942
0.994984
0.995025
0.995068
0.99511
0.995154
0.995197
0.995242
0.995286
0.995331
0.995376
0.995423
0.995468
0.995518
0.995561
0.995618
0.995654
0.995714
0.995758
0.995813
0.995861
0.995912
0.995962
0.996012
0.996063
0.996114
0.996165
0.996217
0.996269
0.996321
0.996373
0.996425
0.996479
0.99653
0.996588
0.996638
0.996703
0.996743
0.996808
0.996859
0.996918
0.996971
0.997027
0.997081
0.997135
0.997189
0.997243
0.997297
0.997351
0.997405
0.99746
0.997515
0.997568
0.997622
0.997675
0.997731
0.997782
0.997845
0.997884
0.997953
0.998001
0.99806
0.998111
0.998165
0.998218
0.99827
0.998322
0.998374
0.998425
0.998475
0.998526
0.998576
0.998625
0.998675
0.998725
0.998775
0.998825
0.998879
0.998924
0.998984
0.99902
0.999079
0.999124
0.999176
0.999224
0.999273
0.999321
0.999368
0.999415
0.999463
0.999509
0.999555
0.999601
0.999649
0.999696
0.99974
0.999788
0.999834
0.999885
0.999925
0.999986
0.987847
0.987969
0.988001
0.988036
0.988062
0.988081
0.9881
0.988121
0.988144
0.98817
0.9882
0.988236
0.988274
0.98832
0.988366
0.988426
0.988476
0.988552
0.988622
0.988693
0.988764
0.988838
0.988913
0.988989
0.989067
0.989145
0.989222
0.989298
0.989363
0.989428
0.989504
0.989586
0.989671
0.989759
0.989853
0.989955
0.990065
0.990193
0.99028
0.990392
0.990467
0.990552
0.990627
0.990697
0.990755
0.990806
0.990857
0.990914
0.99098
0.991045
0.99111
0.991174
0.991237
0.991299
0.991363
0.991425
0.991493
0.99155
0.991623
0.991665
0.991732
0.991776
0.99183
0.991877
0.991924
0.99197
0.992014
0.992058
0.992101
0.992143
0.992185
0.992227
0.992269
0.992312
0.992353
0.992397
0.992437
0.992483
0.99252
0.992571
0.992601
0.992653
0.992687
0.992731
0.992768
0.992807
0.992844
0.99288
0.992915
0.992949
0.992982
0.993014
0.993046
0.993077
0.993107
0.993136
0.993167
0.993194
0.993227
0.993252
0.993289
0.993311
0.993348
0.993375
0.993408
0.993438
0.99347
0.993501
0.993533
0.993565
0.993597
0.993628
0.99366
0.993692
0.993723
0.993754
0.993786
0.993817
0.993847
0.993879
0.993908
0.993945
0.99397
0.994005
0.994034
0.994068
0.994099
0.994132
0.994164
0.994197
0.99423
0.994264
0.994298
0.994333
0.994368
0.994404
0.99444
0.994477
0.994513
0.994552
0.994588
0.994628
0.994663
0.994709
0.994738
0.994787
0.99482
0.994865
0.994904
0.994946
0.994987
0.995028
0.99507
0.995112
0.995155
0.995198
0.995242
0.995287
0.995332
0.995377
0.995423
0.995468
0.995519
0.995562
0.995619
0.995655
0.995715
0.99576
0.995814
0.995863
0.995914
0.995964
0.996015
0.996066
0.996117
0.996168
0.99622
0.996271
0.996323
0.996375
0.996426
0.99648
0.996532
0.996589
0.996638
0.996702
0.996742
0.996808
0.996858
0.996917
0.996971
0.997026
0.997081
0.997135
0.99719
0.997244
0.997298
0.997352
0.997406
0.99746
0.997514
0.997569
0.997623
0.997676
0.997732
0.997783
0.997845
0.997884
0.997953
0.998002
0.99806
0.99811
0.998164
0.998217
0.998269
0.998321
0.998372
0.998424
0.998475
0.998525
0.998576
0.998626
0.998676
0.998726
0.998777
0.998826
0.998879
0.998925
0.998985
0.999023
0.99908
0.999125
0.999177
0.999225
0.999273
0.99932
0.999368
0.999414
0.999462
0.999509
0.999555
0.999601
0.999647
0.999695
0.99974
0.999787
0.999834
0.999885
0.999925
0.999987
0.98802
0.988049
0.988074
0.988098
0.988119
0.988138
0.988158
0.98818
0.988205
0.988234
0.988267
0.988305
0.988347
0.988395
0.988445
0.988498
0.988546
0.98859
0.988638
0.988692
0.988755
0.988822
0.988891
0.988963
0.989039
0.989119
0.989208
0.989305
0.989427
0.989533
0.989619
0.989705
0.989791
0.989877
0.989957
0.990032
0.990089
0.990144
0.990192
0.990285
0.990355
0.990433
0.990508
0.990585
0.990664
0.990747
0.990827
0.990903
0.990973
0.991041
0.991107
0.991171
0.991234
0.991296
0.991358
0.991416
0.991476
0.991526
0.991591
0.99163
0.991695
0.991739
0.991793
0.991841
0.99189
0.991937
0.991983
0.992027
0.992071
0.992114
0.992157
0.9922
0.992243
0.992287
0.992329
0.992375
0.992415
0.992464
0.992502
0.992555
0.992587
0.99264
0.992676
0.992722
0.99276
0.992801
0.992838
0.992875
0.992911
0.992945
0.992979
0.993011
0.993042
0.993073
0.993103
0.993133
0.993163
0.99319
0.993222
0.993247
0.993283
0.993305
0.993342
0.993369
0.993403
0.993433
0.993465
0.993497
0.993529
0.993561
0.993594
0.993626
0.993658
0.99369
0.993722
0.993753
0.993784
0.993816
0.993846
0.993878
0.993906
0.993942
0.993966
0.994004
0.994031
0.994065
0.994096
0.994129
0.994161
0.994194
0.994227
0.994261
0.994295
0.99433
0.994366
0.994402
0.994438
0.994475
0.994512
0.99455
0.994587
0.994628
0.994661
0.994708
0.994738
0.994786
0.994819
0.994864
0.994903
0.994945
0.994986
0.995027
0.995069
0.995111
0.995154
0.995197
0.995241
0.995286
0.995331
0.995376
0.995422
0.995468
0.995519
0.995561
0.995618
0.995655
0.995714
0.995759
0.995813
0.995862
0.995913
0.995963
0.996014
0.996065
0.996116
0.996167
0.996219
0.99627
0.996322
0.996374
0.996426
0.99648
0.996531
0.996588
0.996637
0.996703
0.996743
0.996808
0.996858
0.996917
0.996971
0.997026
0.99708
0.997135
0.997189
0.997244
0.997298
0.997352
0.997407
0.997461
0.997515
0.997569
0.997624
0.997677
0.997732
0.997783
0.997846
0.997884
0.997953
0.998002
0.99806
0.998111
0.998165
0.998218
0.99827
0.998322
0.998373
0.998424
0.998475
0.998526
0.998576
0.998626
0.998676
0.998726
0.998776
0.998825
0.998877
0.998925
0.998982
0.999022
0.999079
0.999125
0.999176
0.999224
0.999272
0.99932
0.999367
0.999414
0.999461
0.999508
0.999555
0.999601
0.999648
0.999694
0.99974
0.999788
0.999834
0.999884
0.999925
0.999986
0.988103
0.988092
0.988097
0.988108
0.988123
0.98814
0.988158
0.988178
0.9882
0.988226
0.988256
0.98829
0.988329
0.988374
0.988425
0.988487
0.988566
0.988652
0.988753
0.988814
0.988883
0.988955
0.989029
0.989103
0.989179
0.989251
0.989319
0.989376
0.989419
0.989471
0.989548
0.989627
0.989707
0.989788
0.989869
0.989953
0.990039
0.990139
0.99022
0.990318
0.990392
0.990468
0.990538
0.990607
0.990671
0.990733
0.990794
0.990855
0.990917
0.99098
0.991044
0.991109
0.991175
0.991239
0.991305
0.991368
0.991437
0.991493
0.991567
0.991612
0.991682
0.99173
0.991787
0.991836
0.991886
0.991933
0.991979
0.992024
0.992069
0.992112
0.992155
0.992199
0.992242
0.992286
0.992329
0.992375
0.992417
0.992466
0.992504
0.992558
0.992591
0.992645
0.992681
0.992729
0.992767
0.992808
0.992846
0.992883
0.992919
0.992953
0.992987
0.993019
0.99305
0.99308
0.993109
0.993138
0.993168
0.993194
0.993227
0.993251
0.993287
0.993309
0.993346
0.993371
0.993407
0.993436
0.993469
0.9935
0.993533
0.993565
0.993598
0.99363
0.993663
0.993695
0.993726
0.993758
0.993789
0.993821
0.99385
0.993883
0.993909
0.993945
0.993968
0.994007
0.994032
0.994067
0.994097
0.99413
0.994162
0.994194
0.994228
0.994261
0.994296
0.994331
0.994366
0.994403
0.994439
0.994476
0.994513
0.994552
0.994589
0.994631
0.994663
0.994711
0.99474
0.994787
0.994821
0.994866
0.994905
0.994946
0.994987
0.995028
0.99507
0.995112
0.995155
0.995198
0.995242
0.995286
0.995331
0.995376
0.995423
0.995468
0.995519
0.995561
0.995619
0.995656
0.995716
0.99576
0.995813
0.995862
0.995913
0.995964
0.996015
0.996066
0.996117
0.996168
0.99622
0.996272
0.996323
0.996375
0.996427
0.99648
0.996532
0.996589
0.996637
0.996703
0.996743
0.996808
0.996858
0.996916
0.996971
0.997026
0.99708
0.997135
0.997189
0.997244
0.997298
0.997353
0.997407
0.997461
0.997516
0.99757
0.997624
0.997677
0.997733
0.997784
0.997846
0.997885
0.997953
0.998002
0.99806
0.998111
0.998165
0.998217
0.998269
0.998321
0.998373
0.998424
0.998475
0.998526
0.998576
0.998627
0.998677
0.998726
0.998776
0.998826
0.998877
0.998928
0.998981
0.999024
0.999078
0.999126
0.999176
0.999224
0.999272
0.999319
0.999367
0.999414
0.999461
0.999508
0.999554
0.999601
0.999647
0.999694
0.99974
0.999788
0.999834
0.999884
0.999925
0.999986
0.988281
0.988263
0.988258
0.98826
0.988268
0.988279
0.988295
0.988315
0.98834
0.988368
0.988402
0.98844
0.988481
0.988525
0.988571
0.988608
0.988643
0.988653
0.988695
0.98875
0.988816
0.988881
0.988951
0.989021
0.989095
0.989169
0.989248
0.989332
0.989425
0.989526
0.989619
0.989704
0.989787
0.989867
0.989945
0.990018
0.990093
0.990151
0.990224
0.990287
0.990355
0.990421
0.990488
0.990555
0.990623
0.990692
0.990761
0.990831
0.990899
0.990966
0.991033
0.991099
0.991166
0.991231
0.991298
0.991359
0.991426
0.991481
0.991552
0.991596
0.991665
0.991712
0.99177
0.991819
0.99187
0.991918
0.991965
0.992011
0.992056
0.9921
0.992144
0.992189
0.992232
0.992277
0.992321
0.992367
0.99241
0.992459
0.992499
0.992553
0.992587
0.992642
0.992678
0.992726
0.992765
0.992807
0.992845
0.992883
0.992919
0.992953
0.992986
0.993018
0.99305
0.993079
0.993109
0.993137
0.993168
0.993194
0.993227
0.993249
0.993286
0.993307
0.993346
0.99337
0.993406
0.993435
0.993468
0.9935
0.993533
0.993565
0.993598
0.99363
0.993663
0.993695
0.993727
0.993759
0.993789
0.993821
0.99385
0.993883
0.993909
0.993944
0.993967
0.994006
0.994032
0.994066
0.994096
0.994129
0.994161
0.994193
0.994226
0.99426
0.994295
0.99433
0.994366
0.994402
0.994438
0.994476
0.994513
0.994552
0.994588
0.994631
0.994662
0.994711
0.99474
0.994787
0.994821
0.994865
0.994905
0.994946
0.994987
0.995028
0.995069
0.995112
0.995154
0.995198
0.995241
0.995285
0.99533
0.995376
0.995423
0.995468
0.995519
0.995561
0.99562
0.995656
0.995716
0.995759
0.995813
0.995862
0.995913
0.995963
0.996014
0.996066
0.996117
0.996168
0.99622
0.996271
0.996323
0.996375
0.996427
0.99648
0.996532
0.996588
0.996637
0.996703
0.996743
0.996808
0.996858
0.996916
0.99697
0.997026
0.99708
0.997135
0.997189
0.997244
0.997298
0.997353
0.997407
0.997462
0.997516
0.99757
0.997625
0.997678
0.997733
0.997784
0.997846
0.997885
0.997953
0.998002
0.99806
0.998111
0.998165
0.998217
0.998269
0.998321
0.998373
0.998424
0.998475
0.998526
0.998577
0.998627
0.998677
0.998727
0.998776
0.998827
0.998875
0.99893
0.998972
0.999027
0.999075
0.999126
0.999175
0.999223
0.999271
0.999319
0.999366
0.999414
0.99946
0.999507
0.999554
0.999601
0.999647
0.999694
0.99974
0.999788
0.999834
0.999884
0.999925
0.999986
0.988324
0.98829
0.988268
0.988256
0.988252
0.988254
0.988261
0.988274
0.988291
0.988313
0.98834
0.988371
0.988407
0.988446
0.988492
0.988539
0.988608
0.988659
0.988757
0.988827
0.9889
0.98897
0.989042
0.989113
0.989187
0.98926
0.989335
0.989407
0.989478
0.989543
0.989616
0.98969
0.989763
0.989837
0.989912
0.989982
0.990063
0.990125
0.99021
0.990278
0.990351
0.990419
0.990487
0.990554
0.99062
0.990685
0.99075
0.990814
0.990879
0.990944
0.99101
0.991076
0.991143
0.991208
0.991276
0.991338
0.991408
0.991464
0.991538
0.991584
0.991654
0.991704
0.991763
0.991814
0.991865
0.991914
0.991962
0.992008
0.992054
0.992099
0.992143
0.992188
0.992232
0.992277
0.992321
0.992367
0.992411
0.99246
0.9925
0.992554
0.992588
0.992644
0.99268
0.992728
0.992767
0.992809
0.992847
0.992885
0.992921
0.992955
0.992989
0.993021
0.993052
0.993081
0.993111
0.993139
0.993169
0.993196
0.993228
0.993251
0.993288
0.99331
0.993348
0.993371
0.993408
0.993436
0.99347
0.993502
0.993534
0.993567
0.9936
0.993632
0.993665
0.993697
0.993728
0.99376
0.99379
0.993823
0.993851
0.993884
0.99391
0.993945
0.993968
0.994006
0.994033
0.994066
0.994097
0.994129
0.994161
0.994194
0.994227
0.994261
0.994295
0.99433
0.994366
0.994402
0.994439
0.994477
0.994513
0.994553
0.994589
0.994632
0.994663
0.994712
0.994741
0.994788
0.994822
0.994866
0.994905
0.994946
0.994987
0.995028
0.99507
0.995112
0.995155
0.995198
0.995241
0.995286
0.995331
0.995376
0.995423
0.995469
0.99552
0.995561
0.99562
0.995657
0.995716
0.995759
0.995813
0.995862
0.995913
0.995964
0.996015
0.996066
0.996117
0.996169
0.99622
0.996272
0.996323
0.996376
0.996427
0.99648
0.996532
0.996589
0.996638
0.996703
0.996743
0.996807
0.996858
0.996916
0.99697
0.997025
0.99708
0.997135
0.997189
0.997244
0.997299
0.997353
0.997408
0.997462
0.997517
0.99757
0.997625
0.997678
0.997734
0.997784
0.997846
0.997885
0.997953
0.998001
0.998059
0.99811
0.998164
0.998217
0.998269
0.998321
0.998373
0.998424
0.998475
0.998526
0.998577
0.998627
0.998677
0.998727
0.998776
0.998828
0.998875
0.998931
0.998971
0.999028
0.999074
0.999126
0.999174
0.999223
0.999271
0.999319
0.999366
0.999413
0.99946
0.999507
0.999554
0.999601
0.999647
0.999694
0.99974
0.999788
0.999834
0.999884
0.999925
0.999986
0.988423
0.988391
0.988369
0.988357
0.988349
0.988347
0.988353
0.988365
0.988382
0.988404
0.988431
0.988464
0.988501
0.988541
0.988586
0.98863
0.988683
0.988721
0.98878
0.988829
0.988891
0.988953
0.98902
0.989088
0.989159
0.989231
0.989306
0.989382
0.98946
0.98954
0.989619
0.989696
0.989774
0.989848
0.989925
0.989993
0.990073
0.99013
0.99021
0.990271
0.990341
0.990405
0.990472
0.990537
0.990604
0.99067
0.990736
0.990803
0.990869
0.990936
0.991003
0.99107
0.991137
0.991203
0.991271
0.991333
0.991403
0.991458
0.991531
0.991578
0.991647
0.991697
0.991756
0.991807
0.991859
0.991908
0.991957
0.992004
0.99205
0.992095
0.99214
0.992185
0.99223
0.992275
0.99232
0.992367
0.992411
0.99246
0.9925
0.992554
0.992588
0.992643
0.99268
0.992727
0.992767
0.992808
0.992847
0.992884
0.99292
0.992955
0.992988
0.99302
0.993052
0.993081
0.993111
0.993139
0.99317
0.993196
0.993229
0.993252
0.993288
0.99331
0.993348
0.993372
0.993408
0.993437
0.99347
0.993502
0.993535
0.993567
0.9936
0.993632
0.993665
0.993697
0.993728
0.99376
0.99379
0.993823
0.993851
0.993884
0.99391
0.993944
0.993968
0.994005
0.994032
0.994066
0.994096
0.994129
0.994161
0.994194
0.994227
0.994261
0.994295
0.99433
0.994366
0.994403
0.994439
0.994477
0.994513
0.994553
0.994589
0.994632
0.994663
0.994711
0.994741
0.994788
0.994822
0.994865
0.994905
0.994946
0.994987
0.995028
0.99507
0.995112
0.995155
0.995198
0.995241
0.995286
0.995331
0.995376
0.995423
0.995469
0.99552
0.995561
0.99562
0.995657
0.995716
0.99576
0.995813
0.995862
0.995913
0.995964
0.996015
0.996066
0.996117
0.996169
0.99622
0.996272
0.996323
0.996376
0.996427
0.99648
0.996533
0.996589
0.996638
0.996702
0.996743
0.996807
0.996858
0.996915
0.99697
0.997025
0.99708
0.997135
0.997189
0.997244
0.997299
0.997353
0.997408
0.997462
0.997517
0.997571
0.997625
0.997678
0.997734
0.997785
0.997846
0.997886
0.997952
0.998001
0.998058
0.99811
0.998164
0.998217
0.998269
0.998321
0.998373
0.998424
0.998476
0.998526
0.998577
0.998627
0.998677
0.998727
0.998776
0.998828
0.998875
0.998931
0.99897
0.999029
0.999073
0.999126
0.999173
0.999222
0.99927
0.999318
0.999366
0.999413
0.99946
0.999507
0.999554
0.999601
0.999647
0.999694
0.999741
0.999788
0.999834
0.999884
0.999925
0.999985
0.988454
0.988413
0.988383
0.988361
0.988348
0.988342
0.988342
0.98835
0.988364
0.988383
0.988408
0.988437
0.988472
0.98851
0.988556
0.988598
0.988658
0.9887
0.988774
0.988831
0.988899
0.988964
0.989033
0.989103
0.989175
0.989248
0.989321
0.989395
0.989469
0.989543
0.989617
0.98969
0.989765
0.989836
0.989912
0.989978
0.990059
0.990116
0.990198
0.990261
0.990333
0.990399
0.990467
0.990533
0.9906
0.990666
0.990732
0.990798
0.990864
0.99093
0.990997
0.991063
0.991131
0.991196
0.991265
0.991326
0.991395
0.991453
0.991524
0.991574
0.991641
0.991692
0.991751
0.991803
0.991856
0.991905
0.991955
0.992002
0.992049
0.992095
0.99214
0.992186
0.992231
0.992277
0.992322
0.992368
0.992412
0.992461
0.992502
0.992555
0.99259
0.992644
0.992681
0.992728
0.992767
0.992809
0.992847
0.992884
0.99292
0.992955
0.992988
0.99302
0.993052
0.993081
0.993112
0.99314
0.99317
0.993197
0.993229
0.993253
0.993289
0.993311
0.993349
0.993373
0.99341
0.993438
0.993472
0.993503
0.993536
0.993568
0.993601
0.993633
0.993665
0.993697
0.993728
0.99376
0.99379
0.993822
0.993851
0.993883
0.99391
0.993944
0.993969
0.994005
0.994033
0.994066
0.994096
0.994129
0.994161
0.994194
0.994227
0.994261
0.994296
0.994331
0.994367
0.994403
0.994439
0.994477
0.994514
0.994553
0.994589
0.994632
0.994664
0.99471
0.994741
0.994787
0.994823
0.994865
0.994905
0.994946
0.994987
0.995028
0.99507
0.995112
0.995155
0.995198
0.995242
0.995286
0.995331
0.995376
0.995423
0.995469
0.995519
0.995562
0.99562
0.995657
0.995715
0.99576
0.995813
0.995862
0.995913
0.995964
0.996015
0.996066
0.996117
0.996168
0.99622
0.996272
0.996324
0.996376
0.996428
0.996481
0.996533
0.996589
0.996639
0.996701
0.996744
0.996807
0.996858
0.996915
0.996969
0.997025
0.99708
0.997135
0.997189
0.997244
0.997299
0.997353
0.997408
0.997462
0.997517
0.997571
0.997625
0.997678
0.997734
0.997785
0.997846
0.997888
0.997952
0.998001
0.998057
0.99811
0.998164
0.998216
0.998269
0.998321
0.998373
0.998424
0.998475
0.998526
0.998577
0.998627
0.998677
0.998728
0.998776
0.998828
0.998874
0.998931
0.99897
0.999028
0.999073
0.999125
0.999173
0.999222
0.99927
0.999318
0.999366
0.999413
0.99946
0.999507
0.999554
0.999601
0.999647
0.999694
0.999741
0.999788
0.999834
0.999884
0.999925
0.999984
0.988479
0.988438
0.988406
0.988383
0.988369
0.988361
0.988361
0.988369
0.988382
0.988401
0.988426
0.988455
0.988491
0.988528
0.988574
0.988616
0.988673
0.988714
0.98878
0.988833
0.988897
0.988959
0.989026
0.989094
0.989164
0.989236
0.989309
0.989383
0.989458
0.989533
0.989609
0.989684
0.98976
0.989832
0.989909
0.989975
0.990056
0.990114
0.990194
0.990256
0.990328
0.990393
0.990462
0.990528
0.990595
0.990661
0.990728
0.990794
0.990861
0.990927
0.990995
0.991061
0.99113
0.991195
0.991263
0.991326
0.991395
0.991453
0.991522
0.991572
0.99164
0.991691
0.99175
0.991801
0.991855
0.991904
0.991954
0.992001
0.992048
0.992095
0.992141
0.992186
0.992232
0.992278
0.992322
0.992369
0.992413
0.992462
0.992503
0.992556
0.992591
0.992644
0.992682
0.992729
0.992768
0.992809
0.992847
0.992884
0.99292
0.992955
0.992988
0.99302
0.993051
0.993081
0.993112
0.99314
0.993171
0.993197
0.99323
0.993254
0.993289
0.993312
0.993349
0.993374
0.99341
0.993439
0.993472
0.993503
0.993536
0.993568
0.993601
0.993633
0.993665
0.993697
0.993728
0.99376
0.99379
0.993822
0.99385
0.993883
0.99391
0.993944
0.993969
0.994004
0.994032
0.994065
0.994096
0.994129
0.994161
0.994194
0.994227
0.994261
0.994296
0.994331
0.994367
0.994403
0.99444
0.994477
0.994514
0.994553
0.994589
0.994631
0.994664
0.99471
0.994741
0.994787
0.994823
0.994865
0.994904
0.994946
0.994986
0.995028
0.99507
0.995112
0.995155
0.995198
0.995242
0.995286
0.995331
0.995377
0.995423
0.995469
0.995519
0.995563
0.995619
0.995657
0.995715
0.99576
0.995813
0.995862
0.995913
0.995963
0.996015
0.996066
0.996117
0.996168
0.99622
0.996272
0.996324
0.996376
0.996428
0.996481
0.996533
0.996588
0.996639
0.9967
0.996744
0.996806
0.996858
0.996915
0.996969
0.997025
0.997079
0.997135
0.997189
0.997244
0.997299
0.997353
0.997408
0.997462
0.997517
0.997571
0.997625
0.997678
0.997734
0.997785
0.997845
0.997889
0.997951
0.998001
0.998057
0.99811
0.998163
0.998216
0.998269
0.998321
0.998373
0.998424
0.998475
0.998526
0.998577
0.998627
0.998677
0.998728
0.998776
0.998828
0.998875
0.99893
0.998971
0.999028
0.999073
0.999125
0.999173
0.999222
0.99927
0.999318
0.999366
0.999413
0.99946
0.999507
0.999554
0.999601
0.999647
0.999694
0.999741
0.999788
0.999834
0.999884
0.999926
0.999983
0.988478
0.988434
0.9884
0.988373
0.988357
0.988346
0.988345
0.988352
0.988363
0.988382
0.988407
0.988436
0.988471
0.988509
0.988554
0.988597
0.988654
0.988698
0.988764
0.988819
0.988886
0.98895
0.989018
0.989087
0.989159
0.989231
0.989304
0.989378
0.989453
0.989528
0.989603
0.989676
0.989752
0.989823
0.989901
0.989967
0.990048
0.990107
0.990187
0.99025
0.990323
0.990389
0.990458
0.990525
0.990592
0.990659
0.990726
0.990792
0.99086
0.990926
0.990994
0.99106
0.991128
0.991194
0.991261
0.991324
0.991392
0.991451
0.991519
0.991571
0.991637
0.991689
0.991748
0.9918
0.991853
0.991903
0.991953
0.992001
0.992048
0.992095
0.992141
0.992187
0.992232
0.992279
0.992324
0.992371
0.992415
0.992464
0.992505
0.992557
0.992593
0.992645
0.992683
0.992729
0.992768
0.99281
0.992847
0.992885
0.99292
0.992955
0.992988
0.99302
0.993051
0.993081
0.993112
0.99314
0.993171
0.993198
0.993229
0.993255
0.993289
0.993313
0.993349
0.993376
0.993411
0.99344
0.993473
0.993504
0.993537
0.993569
0.993601
0.993634
0.993665
0.993697
0.993728
0.99376
0.99379
0.993822
0.99385
0.993882
0.99391
0.993943
0.99397
0.994004
0.994033
0.994065
0.994096
0.994129
0.994161
0.994194
0.994228
0.994262
0.994296
0.994331
0.994367
0.994404
0.99444
0.994478
0.994514
0.994553
0.994589
0.99463
0.994665
0.994709
0.994742
0.994786
0.994823
0.994865
0.994904
0.994945
0.994986
0.995028
0.99507
0.995112
0.995155
0.995198
0.995242
0.995286
0.995331
0.995377
0.995424
0.995469
0.995519
0.995563
0.995618
0.995658
0.995714
0.995761
0.995813
0.995862
0.995913
0.995964
0.996015
0.996066
0.996117
0.996168
0.99622
0.996272
0.996323
0.996376
0.996428
0.996481
0.996533
0.996588
0.996639
0.996699
0.996745
0.996806
0.996858
0.996915
0.996969
0.997025
0.997079
0.997134
0.997189
0.997244
0.997299
0.997353
0.997408
0.997462
0.997517
0.997571
0.997625
0.997678
0.997734
0.997785
0.997845
0.99789
0.997951
0.998001
0.998057
0.998109
0.998163
0.998216
0.998269
0.998321
0.998373
0.998424
0.998475
0.998526
0.998577
0.998627
0.998677
0.998727
0.998776
0.998828
0.998875
0.998929
0.998972
0.999027
0.999073
0.999125
0.999173
0.999222
0.99927
0.999318
0.999366
0.999413
0.99946
0.999507
0.999554
0.999601
0.999647
0.999694
0.99974
0.999789
0.999834
0.999884
0.999926
0.999982
)
;

boundaryField
{
    inlet
    {
        type            zeroGradient;
    }
    outlet
    {
        type            totalPressure;
        rho             rho;
        psi             none;
        gamma           1;
        p0              uniform 1;
        value           uniform 1;
    }
    walls
    {
        type            zeroGradient;
    }
    symwall
    {
        type            empty;
    }
}


// ************************************************************************* //
