/*--------------------------------*- C++ -*----------------------------------*\
| =========                 |                                                 |
| \\      /  F ield         | OpenFOAM: The Open Source CFD Toolbox           |
|  \\    /   O peration     | Version:  2312                                  |
|   \\  /    A nd           | Website:  www.openfoam.com                      |
|    \\/     M anipulation  |                                                 |
\*---------------------------------------------------------------------------*/
FoamFile
{
    version     2.0;
    format      ascii;
    arch        "LSB;label=64;scalar=64";
    class       volScalarField;
    location    "500";
    object      T;
}
// * * * * * * * * * * * * * * * * * * * * * * * * * * * * * * * * * * * * * //

dimensions      [0 0 0 1 0 0 0];

internalField   nonuniform List<scalar> 
5100
(
0.985136
0.985382
0.985849
0.986477
0.987185
0.987893
0.988546
0.989118
0.989605
0.990016
0.990361
0.990648
0.990878
0.991052
0.991185
0.991315
0.991662
0.991787
0.991943
0.992082
0.992214
0.992341
0.992461
0.992577
0.992688
0.992797
0.992903
0.993005
0.993105
0.993202
0.993297
0.993387
0.993472
0.993549
0.993625
0.993705
0.993821
0.993949
0.994341
0.994263
0.994248
0.994281
0.994337
0.994415
0.994484
0.994557
0.994625
0.994695
0.99476
0.994824
0.994885
0.994944
0.995002
0.995057
0.995109
0.995155
0.995183
0.995199
0.995153
0.995542
0.995683
0.995771
0.995824
0.99587
0.995912
0.995954
0.995997
0.996043
0.996091
0.99614
0.996188
0.996233
0.996274
0.996309
0.996336
0.99636
0.996379
0.996391
0.996416
0.996487
0.996918
0.996832
0.996756
0.996692
0.996653
0.996628
0.996615
0.99661
0.996612
0.996621
0.996634
0.996651
0.996671
0.996691
0.996713
0.996733
0.996754
0.996778
0.996809
0.996847
0.996906
0.997022
0.997448
0.997491
0.997466
0.997427
0.997402
0.997394
0.997405
0.997433
0.997474
0.997523
0.997576
0.997629
0.99768
0.997728
0.99777
0.997801
0.997816
0.997808
0.99777
0.997691
0.997543
0.997829
0.997987
0.998072
0.998099
0.998099
0.998082
0.998057
0.998032
0.998013
0.998004
0.998005
0.998016
0.998032
0.998052
0.99807
0.998083
0.99809
0.998079
0.998047
0.99802
0.998304
0.998452
0.998561
0.998633
0.998679
0.998701
0.998716
0.998731
0.99875
0.998776
0.998808
0.998844
0.998883
0.998922
0.998959
0.998989
0.999012
0.999024
0.999033
0.99904
0.999063
0.999139
0.999536
0.999577
0.999554
0.999505
0.999462
0.999431
0.999404
0.999384
0.999372
0.999368
0.999374
0.999388
0.999407
0.999427
0.999446
0.999463
0.999478
0.999497
0.999517
0.99955
0.999631
1.00001
1.0001
1.00009
1.00005
1
0.999965
0.999931
0.999908
0.999897
0.999898
0.999908
0.999925
0.999946
0.999968
0.999988
1.00001
1.00002
1.00003
1.00004
1.00001
0.999956
0.999886
1.00017
1.00032
1.00043
1.00049
1.00052
1.00052
1.00052
1.00052
1.00053
1.00055
1.00058
1.00062
1.00067
1.00073
1.00079
1.00085
1.0009
1.00095
1.00097
1.00095
1.00092
1.00126
1.00146
1.00162
1.00174
1.00182
1.00186
1.00189
1.00192
1.00196
1.002
1.00204
1.00209
1.00214
1.0022
1.00224
1.00229
1.00232
1.00235
1.00233
1.00223
1.00199
0.985213
0.985473
0.985967
0.986629
0.987362
0.988081
0.98873
0.989286
0.989753
0.990143
0.990467
0.990731
0.990937
0.991092
0.991218
0.991358
0.991694
0.991803
0.991949
0.99208
0.992205
0.992325
0.99244
0.992551
0.992658
0.992762
0.992865
0.992965
0.993064
0.99316
0.993255
0.993348
0.993435
0.993513
0.99359
0.993669
0.993778
0.993908
0.994309
0.994239
0.994234
0.994261
0.994316
0.994374
0.994445
0.994509
0.994572
0.994629
0.994682
0.99473
0.994775
0.994816
0.994855
0.994891
0.994923
0.99495
0.994959
0.994947
0.994853
0.99516
0.995317
0.995424
0.995492
0.995552
0.995608
0.995664
0.995722
0.995783
0.995848
0.995915
0.995985
0.996055
0.996123
0.996187
0.996244
0.996297
0.996344
0.996381
0.996421
0.996488
0.996944
0.996922
0.996879
0.996825
0.996789
0.996763
0.996747
0.996737
0.996731
0.996727
0.996725
0.996724
0.996723
0.996721
0.99672
0.996716
0.99671
0.996705
0.996705
0.99671
0.99673
0.996788
0.997186
0.997271
0.997279
0.997259
0.997234
0.99722
0.997223
0.997241
0.997275
0.99732
0.997373
0.997431
0.99749
0.997552
0.997612
0.997666
0.997707
0.99773
0.997725
0.997688
0.99751
0.997741
0.997913
0.998039
0.998113
0.998155
0.998166
0.99816
0.998143
0.99812
0.998096
0.998076
0.998061
0.99805
0.998042
0.998035
0.998023
0.998007
0.997981
0.997938
0.997869
0.998085
0.998198
0.998303
0.998392
0.998465
0.998513
0.998545
0.998573
0.9986
0.998631
0.998665
0.998705
0.998748
0.998795
0.998844
0.998889
0.998928
0.998956
0.99898
0.998999
0.999026
0.99908
0.999491
0.99957
0.999581
0.999557
0.999525
0.999499
0.999474
0.999449
0.999425
0.999404
0.99939
0.999383
0.999383
0.999387
0.999391
0.999394
0.999396
0.999402
0.999411
0.999431
0.999471
0.999825
0.999956
1.00001
1
0.999979
0.999952
0.999927
0.999906
0.999893
0.99989
0.999895
0.999906
0.999922
0.999941
0.999959
0.999975
0.99999
1
1.00001
1.00001
0.999962
0.999859
1.00008
1.00021
1.00033
1.00042
1.00048
1.00051
1.00052
1.00052
1.00052
1.00053
1.00053
1.00055
1.00057
1.0006
1.00063
1.00067
1.00071
1.00075
1.00078
1.00076
1.00068
1.00093
1.00112
1.00129
1.00144
1.00157
1.00166
1.00172
1.00177
1.00181
1.00185
1.00189
1.00193
1.00197
1.00202
1.00207
1.00211
1.00215
1.00218
1.00218
1.00212
1.00189
0.985352
0.985624
0.986149
0.986844
0.987598
0.988316
0.988946
0.989476
0.989913
0.990273
0.990569
0.990806
0.990988
0.991125
0.991244
0.991385
0.99171
0.991806
0.991941
0.992064
0.992184
0.992299
0.992412
0.992522
0.992629
0.992736
0.992842
0.992948
0.993054
0.993159
0.993264
0.993365
0.993465
0.993561
0.993654
0.99374
0.993839
0.993931
0.994417
0.994382
0.994394
0.99442
0.994466
0.994518
0.994566
0.994611
0.994648
0.994679
0.994704
0.994722
0.994733
0.994738
0.994737
0.994732
0.994721
0.994704
0.994668
0.994602
0.994433
0.994635
0.994744
0.994827
0.994879
0.994927
0.994975
0.99503
0.995093
0.995164
0.995245
0.995334
0.995432
0.995537
0.995648
0.99576
0.995872
0.995982
0.996088
0.996182
0.996275
0.996374
0.996826
0.996938
0.996964
0.996956
0.996955
0.996954
0.996958
0.996962
0.996965
0.996964
0.996957
0.996945
0.996926
0.996899
0.996866
0.996826
0.99678
0.996727
0.996671
0.996613
0.996568
0.996556
0.996845
0.996928
0.99695
0.996934
0.996907
0.996878
0.996865
0.996867
0.996884
0.996918
0.996964
0.99702
0.997083
0.997155
0.997232
0.997312
0.997386
0.997448
0.997498
0.997519
0.997358
0.997567
0.997751
0.997918
0.998048
0.998156
0.998228
0.998271
0.998289
0.998286
0.998271
0.998244
0.99821
0.998171
0.99813
0.998084
0.998031
0.997973
0.997904
0.997821
0.997701
0.997849
0.997888
0.997942
0.998003
0.998074
0.998132
0.998177
0.998216
0.998254
0.998295
0.99834
0.998388
0.99844
0.998497
0.998558
0.998622
0.998685
0.998741
0.998794
0.998838
0.998888
0.998958
0.999385
0.9995
0.999566
0.999574
0.999567
0.99956
0.99955
0.999532
0.999508
0.999478
0.999445
0.999414
0.999389
0.999367
0.999345
0.999319
0.999289
0.999265
0.999247
0.999245
0.999251
0.999547
0.999667
0.99976
0.999803
0.999805
0.999801
0.999798
0.999792
0.99979
0.999794
0.999802
0.999815
0.999831
0.99985
0.999867
0.999882
0.999895
0.999908
0.999929
0.999939
0.999918
0.999817
1
1.00008
1.00018
1.00028
1.00037
1.00044
1.00048
1.0005
1.0005
1.0005
1.00049
1.00048
1.00046
1.00045
1.00044
1.00043
1.00043
1.00044
1.00045
1.00043
1.00031
1.0005
1.00062
1.00076
1.00091
1.00106
1.0012
1.00131
1.0014
1.00147
1.00153
1.00158
1.00163
1.00167
1.00171
1.00175
1.00179
1.00183
1.00187
1.00189
1.00186
1.00166
0.985539
0.985814
0.986355
0.987065
0.987819
0.988519
0.989119
0.989612
0.990016
0.990347
0.990618
0.990838
0.991009
0.99114
0.991261
0.991403
0.991721
0.991814
0.991942
0.992063
0.992186
0.992307
0.992426
0.992545
0.992664
0.992783
0.992905
0.993028
0.993154
0.993283
0.993415
0.993549
0.993682
0.993814
0.993944
0.994063
0.994181
0.994217
0.99476
0.994835
0.994902
0.994955
0.995012
0.995064
0.995109
0.995142
0.995162
0.995166
0.995159
0.995138
0.995101
0.995052
0.994991
0.994922
0.994843
0.994757
0.994652
0.99451
0.994257
0.994346
0.994344
0.994336
0.994307
0.994274
0.994247
0.994236
0.994241
0.994266
0.994315
0.994386
0.994477
0.99459
0.994723
0.994873
0.995036
0.995209
0.995389
0.995566
0.995743
0.99591
0.996362
0.996618
0.996781
0.996882
0.996967
0.997041
0.997111
0.997175
0.997232
0.997278
0.997309
0.997322
0.997319
0.997299
0.997261
0.997205
0.997131
0.997039
0.99693
0.996805
0.996668
0.99654
0.996719
0.996716
0.996693
0.996638
0.996572
0.996501
0.996443
0.996401
0.996381
0.99638
0.996396
0.996432
0.996483
0.996547
0.996624
0.996711
0.996804
0.996897
0.996999
0.997105
0.997023
0.997229
0.997436
0.997645
0.997833
0.99801
0.998159
0.998279
0.998369
0.998429
0.998459
0.998462
0.998451
0.998422
0.998375
0.998311
0.998232
0.998138
0.998022
0.997882
0.997695
0.997764
0.997736
0.997713
0.997703
0.997711
0.997722
0.997733
0.997747
0.997768
0.9978
0.997842
0.997893
0.997952
0.998017
0.998088
0.998165
0.998247
0.998331
0.998418
0.998498
0.998585
0.998691
0.999132
0.99929
0.999419
0.999493
0.999534
0.999562
0.999582
0.999589
0.999587
0.999574
0.999546
0.999511
0.999477
0.999438
0.999392
0.999338
0.999273
0.999208
0.999147
0.999096
0.999054
0.999269
0.999332
0.99941
0.999473
0.999493
0.999498
0.999504
0.999511
0.999522
0.999539
0.999562
0.999589
0.99962
0.999651
0.999679
0.999699
0.999717
0.999737
0.999771
0.999803
0.999805
0.999744
0.999914
0.999971
1.00005
1.00014
1.00023
1.00032
1.00039
1.00044
1.00047
1.00048
1.00048
1.00046
1.00043
1.00038
1.00032
1.00026
1.00021
1.00019
1.00016
1.00011
0.999943
1.00007
1.00013
1.00022
1.00032
1.00045
1.00059
1.00073
1.00085
1.00095
1.00104
1.00112
1.00119
1.00125
1.0013
1.00135
1.00138
1.00142
1.00147
1.00151
1.0015
1.00136
0.985771
0.986033
0.986562
0.987256
0.987982
0.988646
0.989207
0.989669
0.990047
0.99036
0.99062
0.990836
0.991012
0.991155
0.991289
0.991445
0.99177
0.991854
0.991977
0.992105
0.992238
0.992373
0.992509
0.992648
0.992789
0.992933
0.99308
0.993232
0.993389
0.99355
0.993716
0.993886
0.994061
0.994239
0.99442
0.994593
0.994762
0.994832
0.995289
0.995516
0.995687
0.995819
0.995939
0.996044
0.996134
0.996204
0.996249
0.996265
0.996258
0.996227
0.996167
0.996081
0.995971
0.99584
0.995688
0.995519
0.995324
0.995085
0.994735
0.994652
0.994518
0.99438
0.994223
0.994064
0.993906
0.993759
0.993627
0.993516
0.993437
0.993396
0.993393
0.993422
0.993497
0.993617
0.993772
0.993959
0.994178
0.994415
0.994669
0.994912
0.995394
0.995767
0.996082
0.996337
0.996565
0.996772
0.996966
0.997149
0.997317
0.997469
0.9976
0.997707
0.997784
0.997824
0.997828
0.997812
0.997764
0.997679
0.997556
0.997393
0.997175
0.996938
0.996959
0.996893
0.996789
0.996649
0.996497
0.996338
0.996189
0.996056
0.995948
0.995868
0.995818
0.995797
0.995798
0.995819
0.995866
0.995933
0.996014
0.99611
0.996229
0.996372
0.996397
0.996647
0.996894
0.997155
0.997406
0.997657
0.997891
0.9981
0.998283
0.998435
0.998554
0.998641
0.998695
0.998712
0.998705
0.998673
0.99861
0.998516
0.998388
0.998222
0.998003
0.99793
0.997864
0.997779
0.997686
0.997602
0.997519
0.99744
0.997372
0.997323
0.997301
0.997302
0.99732
0.997359
0.997413
0.997478
0.997555
0.997642
0.997738
0.997847
0.997959
0.998084
0.998233
0.998683
0.998891
0.999084
0.999238
0.999353
0.999441
0.999514
0.999571
0.999617
0.999644
0.99965
0.999645
0.999627
0.999596
0.999548
0.999484
0.999402
0.99931
0.99921
0.9991
0.998976
0.999114
0.999095
0.999113
0.999141
0.999139
0.999131
0.999124
0.99912
0.999124
0.99914
0.999168
0.999207
0.999253
0.999303
0.999353
0.999397
0.999435
0.999467
0.999512
0.999565
0.999613
0.999592
0.99976
0.999828
0.999917
1.00001
1.00012
1.00022
1.0003
1.00037
1.00043
1.00046
1.00048
1.00047
1.00045
1.0004
1.00032
1.00023
1.00014
1.00007
1
0.999905
0.999685
0.999752
0.999758
0.99979
0.999837
0.999911
1.00001
1.00012
1.00023
1.00034
1.00045
1.00055
1.00065
1.00073
1.00081
1.00087
1.00092
1.00097
1.00102
1.00107
1.00111
1.001
0.986058
0.986286
0.986775
0.987418
0.988089
0.988702
0.989223
0.989656
0.990018
0.990322
0.990581
0.990803
0.990994
0.991156
0.991303
0.991445
0.99181
0.991907
0.992039
0.992176
0.992322
0.992471
0.992624
0.992779
0.992937
0.993099
0.993265
0.993435
0.99361
0.99379
0.993976
0.994166
0.994362
0.994563
0.994769
0.994973
0.995176
0.995292
0.995688
0.995977
0.996232
0.996459
0.996677
0.996882
0.997075
0.997252
0.997407
0.997534
0.997621
0.997664
0.997664
0.99763
0.997546
0.997419
0.997253
0.99705
0.996803
0.996504
0.996097
0.995855
0.995572
0.995279
0.994964
0.994637
0.994303
0.993972
0.993654
0.99336
0.993093
0.992857
0.992659
0.992511
0.992431
0.992419
0.99245
0.992545
0.992708
0.992921
0.993181
0.993449
0.993934
0.99438
0.994812
0.995212
0.995597
0.995966
0.996324
0.996668
0.996996
0.997305
0.99759
0.997845
0.998066
0.998246
0.998381
0.998463
0.998482
0.998465
0.998399
0.998266
0.998047
0.9979
0.997749
0.997571
0.997362
0.99712
0.996858
0.996584
0.996313
0.996053
0.995814
0.995604
0.99543
0.995293
0.995197
0.99514
0.995118
0.995124
0.995152
0.995213
0.995306
0.995433
0.995535
0.995846
0.996124
0.996427
0.996734
0.997052
0.997367
0.997671
0.997956
0.998217
0.998447
0.998645
0.998807
0.99893
0.999009
0.999034
0.999025
0.998981
0.998892
0.998754
0.998563
0.998368
0.998318
0.998171
0.997998
0.997813
0.997625
0.997437
0.997257
0.997095
0.996968
0.99688
0.996831
0.996815
0.996819
0.996842
0.996888
0.996955
0.997039
0.997145
0.997267
0.997414
0.997591
0.998046
0.9983
0.998548
0.998773
0.998967
0.999134
0.999282
0.999408
0.99952
0.999616
0.99969
0.999739
0.99976
0.999759
0.999741
0.999698
0.999626
0.999531
0.999417
0.999271
0.999065
0.999108
0.999037
0.998979
0.998935
0.998884
0.998827
0.998775
0.998727
0.998696
0.998688
0.998696
0.99872
0.998763
0.99882
0.998884
0.99895
0.999014
0.999071
0.999131
0.999204
0.999282
0.999318
0.999505
0.999605
0.999722
0.999845
0.999975
1.0001
1.0002
1.00029
1.00038
1.00045
1.00049
1.0005
1.00049
1.00046
1.00039
1.00029
1.00019
1.00009
0.999988
0.999853
0.999586
0.999598
0.999557
0.999528
0.999512
0.999522
0.999561
0.999615
0.999678
0.999761
0.999854
0.999953
1.00006
1.00016
1.00026
1.00034
1.00041
1.00047
1.00055
1.00062
1.0007
1.00062
0.986413
0.986592
0.987009
0.987568
0.988156
0.988698
0.989172
0.989573
0.989914
0.990207
0.990462
0.990689
0.99089
0.991068
0.991228
0.991345
0.991695
0.99184
0.99198
0.992118
0.992263
0.992413
0.992566
0.992721
0.992879
0.99304
0.993203
0.993369
0.99354
0.993714
0.993893
0.994077
0.994267
0.994462
0.994667
0.994874
0.995089
0.995234
0.995593
0.995905
0.996208
0.996494
0.996783
0.997071
0.99736
0.997645
0.997926
0.998201
0.998466
0.998703
0.998891
0.999013
0.999057
0.999044
0.998975
0.998837
0.99863
0.998352
0.997953
0.997645
0.997281
0.996878
0.996439
0.995968
0.995476
0.994969
0.994459
0.993957
0.993471
0.993011
0.99259
0.992217
0.991902
0.991654
0.991496
0.99144
0.991456
0.991531
0.991688
0.991891
0.992317
0.992754
0.993225
0.993704
0.9942
0.994701
0.995208
0.995715
0.996215
0.9967
0.997164
0.997599
0.997999
0.998356
0.998662
0.998911
0.999093
0.999195
0.999201
0.999156
0.999021
0.998972
0.998817
0.998599
0.99832
0.997992
0.997626
0.997238
0.996841
0.996446
0.996065
0.995708
0.995384
0.995099
0.994859
0.994667
0.994525
0.994437
0.994398
0.994398
0.994423
0.994494
0.994606
0.994934
0.995221
0.995545
0.995891
0.996261
0.996643
0.997028
0.997408
0.997773
0.998118
0.998434
0.998716
0.998958
0.999155
0.999298
0.999378
0.999388
0.999364
0.999291
0.999158
0.998974
0.998934
0.998753
0.998527
0.99827
0.997995
0.997708
0.99742
0.997142
0.996896
0.996697
0.99654
0.996424
0.996346
0.996307
0.996302
0.996316
0.996358
0.996432
0.996535
0.996676
0.996858
0.997303
0.997585
0.997872
0.99815
0.998411
0.998653
0.998878
0.999082
0.99927
0.999441
0.999591
0.999717
0.999815
0.999875
0.999892
0.999882
0.999843
0.999773
0.999674
0.999534
0.999306
0.999256
0.999114
0.99899
0.998878
0.998767
0.998651
0.998538
0.998429
0.998337
0.998268
0.998234
0.998232
0.998245
0.998281
0.998336
0.998404
0.998479
0.998553
0.99863
0.998721
0.998813
0.998913
0.99913
0.999285
0.999444
0.999604
0.999766
0.99992
1.00006
1.00018
1.0003
1.0004
1.00048
1.00053
1.00053
1.00051
1.00046
1.00037
1.00028
1.00018
1.00006
0.999912
0.999632
0.999578
0.999487
0.999404
0.999323
0.999276
0.999268
0.999264
0.999269
0.999298
0.999353
0.999425
0.999515
0.999615
0.999715
0.999808
0.999895
0.999974
1.00006
1.00016
1.00027
1.00023
0.986851
0.986979
0.987299
0.987738
0.988202
0.988639
0.989031
0.989372
0.989666
0.989922
0.990148
0.990347
0.990526
0.990683
0.990822
0.990911
0.991168
0.991323
0.991453
0.991571
0.991688
0.991806
0.991925
0.992047
0.99217
0.992295
0.992422
0.992551
0.992682
0.992817
0.992957
0.993102
0.993255
0.993417
0.993594
0.993782
0.99399
0.994156
0.994505
0.99484
0.995191
0.995553
0.995943
0.996355
0.996788
0.997234
0.997687
0.998135
0.998566
0.998972
0.999348
0.999689
0.999971
1.00017
1.00024
1.00023
1.00016
0.999991
0.999691
0.99941
0.999045
0.998606
0.99811
0.997556
0.996957
0.996324
0.995669
0.995006
0.994345
0.9937
0.993081
0.992499
0.991968
0.991501
0.991114
0.990823
0.990656
0.990604
0.990625
0.990689
0.990977
0.991326
0.991754
0.992231
0.992763
0.993331
0.993934
0.994559
0.995197
0.995834
0.99646
0.997064
0.997637
0.99817
0.998652
0.999073
0.999423
0.999693
0.999851
0.999873
0.999823
0.999862
0.999775
0.999596
0.999316
0.998959
0.998539
0.998078
0.997589
0.997088
0.996586
0.996097
0.995633
0.995205
0.99482
0.994485
0.994205
0.993989
0.99384
0.993762
0.993737
0.993753
0.99382
0.994111
0.994377
0.994698
0.995057
0.995454
0.995878
0.99632
0.99677
0.99722
0.997658
0.998077
0.998467
0.99882
0.999127
0.999381
0.999572
0.999685
0.999714
0.999694
0.999627
0.999499
0.999488
0.999317
0.999079
0.998788
0.998459
0.998105
0.997739
0.997375
0.99703
0.99672
0.996455
0.996235
0.996058
0.995927
0.995843
0.995809
0.995809
0.995831
0.995888
0.995997
0.996158
0.99657
0.996857
0.997162
0.99747
0.997776
0.998075
0.998362
0.998635
0.998894
0.999136
0.999359
0.999558
0.999729
0.999864
0.999951
0.999979
0.999966
0.999931
0.999865
0.999753
0.999537
0.999451
0.999273
0.9991
0.998926
0.998757
0.998586
0.998411
0.998238
0.99808
0.997946
0.997846
0.997788
0.997773
0.99778
0.997806
0.997854
0.997916
0.99799
0.998075
0.998176
0.998275
0.998481
0.99869
0.998892
0.999098
0.999304
0.999505
0.999689
0.999854
1.00001
1.00017
1.00031
1.00042
1.0005
1.00052
1.00051
1.00048
1.00043
1.00036
1.00026
1.00015
0.999995
0.999715
0.999626
0.999498
0.999374
0.999247
0.999147
0.999078
0.999026
0.998992
0.998981
0.998988
0.999022
0.999082
0.99916
0.999249
0.999341
0.999431
0.999515
0.999611
0.999726
0.999871
0.999851
0.987502
0.98757
0.987746
0.988
0.988274
0.988544
0.988794
0.989015
0.989205
0.989366
0.989501
0.989616
0.989716
0.989798
0.989865
0.989883
0.990009
0.990089
0.990151
0.990201
0.990249
0.990296
0.990345
0.990397
0.990452
0.990512
0.990577
0.990647
0.990724
0.990809
0.990903
0.991009
0.991133
0.991276
0.991447
0.991645
0.991877
0.992096
0.99249
0.992897
0.993342
0.993812
0.994329
0.994883
0.995475
0.996094
0.996732
0.997377
0.998016
0.998637
0.999226
0.999763
1.00023
1.00062
1.0009
1.00105
1.00106
1.00101
1.00083
1.00064
1.00033
0.999918
0.999412
0.998827
0.998176
0.997473
0.996734
0.995975
0.995209
0.99445
0.993709
0.992997
0.992328
0.991715
0.991173
0.990719
0.990379
0.990163
0.990087
0.990063
0.990223
0.990453
0.990795
0.99122
0.991731
0.992309
0.992948
0.993632
0.99435
0.995085
0.995822
0.996547
0.997247
0.99791
0.998525
0.999078
0.999557
0.999953
1.00024
1.00038
1.00037
1.00047
1.00042
1.00029
1.00005
0.99971
0.99928
0.998789
0.998254
0.997692
0.997117
0.996541
0.99598
0.995445
0.994949
0.994501
0.994109
0.993784
0.993535
0.993372
0.993287
0.993281
0.993323
0.993565
0.993794
0.994088
0.99444
0.994841
0.995281
0.995752
0.996243
0.996742
0.99724
0.997726
0.998189
0.998619
0.999005
0.999339
0.99961
0.999807
0.999913
0.999921
0.999895
0.999813
0.999829
0.999685
0.999458
0.99916
0.998812
0.998425
0.998017
0.997602
0.997195
0.996813
0.996467
0.996165
0.995908
0.995701
0.995547
0.99545
0.995403
0.995401
0.995418
0.995483
0.995606
0.995966
0.996242
0.996547
0.996863
0.997192
0.997525
0.997854
0.998173
0.998483
0.998779
0.999057
0.999312
0.999538
0.99973
0.999878
0.999962
0.999972
0.999961
0.999926
0.999844
0.999648
0.999556
0.999372
0.999178
0.998964
0.998755
0.998544
0.998322
0.9981
0.997891
0.997703
0.997547
0.997433
0.997369
0.997352
0.997358
0.997379
0.997419
0.997479
0.997559
0.997665
0.997782
0.998054
0.998266
0.998489
0.998717
0.998956
0.999196
0.999417
0.999619
0.999809
0.999991
1.00016
1.00029
1.0004
1.00045
1.00045
1.00044
1.00042
1.00037
1.00029
1.00018
1.00004
0.999763
0.999658
0.999512
0.999364
0.999208
0.999071
0.99896
0.998877
0.998813
0.998766
0.99875
0.998758
0.998788
0.998841
0.998913
0.998992
0.999076
0.999159
0.999259
0.99938
0.999533
0.999558
0.989055
0.988904
0.988778
0.988732
0.98873
0.988749
0.988783
0.988818
0.988847
0.988868
0.988875
0.988867
0.988844
0.988802
0.988744
0.988647
0.988625
0.988572
0.988504
0.988426
0.988351
0.988279
0.988215
0.988158
0.988111
0.988076
0.988059
0.98806
0.988078
0.988117
0.98818
0.988273
0.988403
0.988574
0.988793
0.98906
0.989382
0.989726
0.990247
0.990799
0.991391
0.992026
0.992708
0.993435
0.994198
0.994986
0.995787
0.99659
0.997382
0.998152
0.998883
0.999562
1.00017
1.00069
1.00109
1.00136
1.00145
1.00143
1.00131
1.00118
1.00091
1.00052
1.00002
0.999424
0.998753
0.998025
0.997255
0.996462
0.995661
0.994867
0.994091
0.993345
0.992639
0.991984
0.991394
0.990884
0.990482
0.9902
0.990059
0.98998
0.990102
0.990268
0.990547
0.990922
0.991403
0.991966
0.992605
0.993304
0.994048
0.994819
0.995601
0.996377
0.997132
0.997851
0.99852
0.999127
0.999656
1.0001
1.00043
1.00061
1.00062
1.00073
1.00069
1.00058
1.00036
1.00003
0.99961
0.999116
0.998571
0.997992
0.997392
0.996785
0.996184
0.995604
0.995057
0.994555
0.994108
0.993728
0.993428
0.993219
0.993102
0.993075
0.993132
0.993354
0.993564
0.993842
0.99418
0.994576
0.995014
0.995491
0.995991
0.996505
0.99702
0.997527
0.998015
0.998472
0.998887
0.99925
0.999553
0.999783
0.999924
0.999955
0.999941
0.999877
0.999894
0.99976
0.999542
0.999246
0.998895
0.998503
0.998085
0.997654
0.997226
0.996815
0.996433
0.996092
0.995796
0.995551
0.995361
0.995231
0.995152
0.995128
0.995132
0.995171
0.995257
0.995565
0.995822
0.996117
0.996431
0.996766
0.997113
0.997458
0.997799
0.998134
0.998456
0.998761
0.999045
0.999301
0.999522
0.999701
0.999817
0.99985
0.999848
0.999828
0.999762
0.999583
0.999497
0.999316
0.999117
0.998891
0.998664
0.998431
0.998187
0.997938
0.997699
0.997478
0.997289
0.997142
0.997051
0.997012
0.997009
0.997017
0.997041
0.997086
0.99716
0.997265
0.997392
0.997701
0.997922
0.998158
0.9984
0.99866
0.998924
0.999169
0.999393
0.999603
0.9998
0.999979
1.00013
1.00025
1.00033
1.00035
1.00034
1.00033
1.00029
1.00023
1.00013
0.999993
0.999729
0.99962
0.999469
0.999315
0.999151
0.999003
0.998878
0.998777
0.998695
0.998637
0.998612
0.998612
0.998628
0.998667
0.998724
0.99879
0.998864
0.998948
0.999056
0.999184
0.999343
0.999392
1.00107
1.00162
1.00147
1.00086
0.999892
0.998763
0.997597
0.996468
0.995411
0.994463
1.00057
1.00123
1.00146
1.0014
1.00114
1.00065
0.999956
0.999138
0.998247
0.997395
1.00036
1.00084
1.00117
1.00127
1.00125
1.00115
1.00092
1.00055
1.00007
0.999529
1.00029
1.00065
1.00093
1.00108
1.00111
1.00109
1.00102
1.00087
1.00063
1.00031
1.00026
1.00058
1.00083
1.00098
1.00103
1.00102
1.00099
1.0009
1.00074
1.0005
1.00026
1.00058
1.00083
1.00099
1.00104
1.00105
1.00102
1.00093
1.00077
1.00054
1.00028
1.00065
1.00094
1.00111
1.00115
1.00114
1.00108
1.00093
1.00067
1.00031
1.00036
1.00085
1.00118
1.00131
1.00129
1.00119
1.00095
1.00054
0.999977
0.999281
1.00057
1.00124
1.00147
1.0014
1.00111
1.00055
0.99975
0.998775
0.997695
0.99657
1.00107
1.0016
1.00142
1.00074
0.999661
0.998383
0.997033
0.995682
0.994383
0.993188
0.99313
0.99218
0.9915
0.991007
0.990623
0.99031
0.990044
0.989807
0.989588
0.989381
0.989182
0.988987
0.9888
0.988612
0.988421
0.988201
0.988028
0.98783
0.987612
0.987364
0.987106
0.986848
0.986604
0.986377
0.986169
0.985986
0.98584
0.985747
0.985711
0.985715
0.985751
0.985843
0.986005
0.986239
0.986548
0.986933
0.987403
0.987915
0.988601
0.989323
0.990095
0.990907
0.991767
0.99266
0.993573
0.994486
0.995391
0.996279
0.997142
0.997976
0.998762
0.999487
1.00013
1.00068
1.0011
1.00137
1.00146
1.00144
1.00132
1.00119
1.0009
1.0005
0.999974
0.999362
0.998674
0.997936
0.997166
0.996385
0.995606
0.994845
0.994112
0.993416
0.992768
0.992175
0.991649
0.991201
0.990851
0.990605
0.990484
0.990413
0.99054
0.990711
0.990992
0.991366
0.991842
0.992396
0.993024
0.993708
0.994436
0.995189
0.99595
0.996701
0.997428
0.998114
0.998746
0.99931
0.999792
1.00018
1.00045
1.00057
1.00056
1.00063
1.00057
1.00043
1.00019
0.999854
0.999433
0.998952
0.998424
0.997864
0.997283
0.996696
0.996115
0.995553
0.995024
0.994538
0.994108
0.993744
0.993462
0.993265
0.993168
0.993148
0.9933
0.993473
0.993683
0.993956
0.994293
0.994683
0.995116
0.995582
0.996067
0.996561
0.997053
0.997534
0.997995
0.998425
0.998812
0.999147
0.999426
0.999636
0.999757
0.999774
0.999754
0.999667
0.999654
0.9995
0.999274
0.998978
0.998637
0.998259
0.997857
0.997445
0.997034
0.996637
0.996268
0.995938
0.995653
0.995419
0.995239
0.995115
0.995038
0.995012
0.995017
0.995053
0.995117
0.99538
0.995624
0.99591
0.996217
0.996547
0.996887
0.997228
0.997566
0.997898
0.998218
0.998521
0.998802
0.999056
0.999275
0.999449
0.999561
0.999591
0.99959
0.999569
0.999503
0.999319
0.999231
0.999054
0.998859
0.998635
0.99841
0.998178
0.997936
0.997689
0.99745
0.99723
0.997044
0.996901
0.996807
0.99677
0.996768
0.996777
0.996802
0.99685
0.996925
0.997032
0.997163
0.997487
0.997714
0.997957
0.998206
0.998473
0.998746
0.998999
0.999227
0.999438
0.999635
0.999813
0.999965
1.00009
1.00016
1.0002
1.00019
1.00018
1.00015
1.00009
0.999996
0.999861
0.999606
0.999502
0.999356
0.999209
0.999058
0.998926
0.998813
0.998718
0.998644
0.998597
0.998575
0.998572
0.998583
0.998618
0.998677
0.998749
0.998825
0.998918
0.999036
0.999173
0.999336
0.999388
0.996656
0.995971
0.99528
0.994628
0.994018
0.993449
0.992918
0.992418
0.991942
0.991485
0.991043
0.990612
0.990191
0.989774
0.98936
0.988931
0.988534
0.988132
0.98772
0.9873
0.986881
0.98646
0.98604
0.985621
0.985225
0.98487
0.984577
0.984371
0.984267
0.98426
0.984294
0.984405
0.984619
0.984944
0.985381
0.985924
0.986551
0.987211
0.988024
0.988868
0.989761
0.99069
0.991658
0.992642
0.993638
0.994629
0.995604
0.996545
0.997437
0.998261
0.999005
0.999656
1.00021
1.00064
1.00094
1.00108
1.00108
1.001
1.00077
1.00054
1.00017
0.999703
0.999143
0.998526
0.997861
0.997172
0.996474
0.995786
0.995119
0.994484
0.993889
0.993341
0.992847
0.992412
0.992044
0.991748
0.991541
0.991415
0.991378
0.991363
0.991533
0.991762
0.992091
0.992493
0.992975
0.993517
0.994114
0.994751
0.995415
0.99609
0.99676
0.997409
0.998022
0.998586
0.999087
0.999514
0.999856
1.00011
1.00023
1.00023
1.00016
1.00015
1.00003
0.999828
0.999549
0.999204
0.998801
0.998352
0.997868
0.997361
0.996841
0.996321
0.995813
0.995327
0.994877
0.994472
0.994124
0.993843
0.993641
0.993513
0.993479
0.993493
0.993695
0.993891
0.994131
0.994418
0.994752
0.995124
0.995529
0.995955
0.996391
0.996828
0.997256
0.997668
0.998057
0.998413
0.998724
0.998981
0.999189
0.99933
0.999386
0.999375
0.999322
0.999165
0.999093
0.998907
0.99867
0.99838
0.998064
0.997722
0.997363
0.996999
0.996639
0.996299
0.995987
0.995715
0.995487
0.995307
0.995176
0.995092
0.995044
0.995037
0.995053
0.995107
0.995161
0.995403
0.995632
0.995905
0.9962
0.996515
0.99683
0.997144
0.997458
0.997765
0.998058
0.998332
0.998582
0.998805
0.998992
0.999126
0.999192
0.999202
0.999195
0.999158
0.999074
0.99887
0.998775
0.998602
0.998414
0.998202
0.997994
0.997783
0.997568
0.997351
0.997145
0.996962
0.996818
0.996711
0.996646
0.996637
0.996647
0.996674
0.996718
0.996782
0.996868
0.996982
0.997118
0.997448
0.99768
0.997923
0.998168
0.99843
0.998694
0.998933
0.999146
0.999341
0.99952
0.99968
0.999816
0.99992
0.999989
1.00002
1.00001
0.999992
0.99995
0.999886
0.999791
0.999657
0.999413
0.999329
0.999202
0.999082
0.998964
0.998868
0.998788
0.998729
0.998688
0.998669
0.998667
0.998677
0.998705
0.998753
0.998818
0.998894
0.998981
0.999087
0.99921
0.99935
0.999514
0.999552
0.998982
0.998444
0.997876
0.997301
0.996722
0.996143
0.995562
0.994981
0.994397
0.993808
0.993217
0.992621
0.992026
0.991429
0.990834
0.990232
0.989654
0.989062
0.98846
0.98786
0.987254
0.986646
0.986052
0.985493
0.984981
0.98453
0.984164
0.983925
0.983828
0.983821
0.983868
0.984022
0.984308
0.984729
0.985274
0.985929
0.986686
0.987522
0.988531
0.989577
0.990656
0.99173
0.992805
0.99385
0.994859
0.99581
0.996691
0.997493
0.998211
0.998836
0.999367
0.99981
1.00014
1.00035
1.00041
1.00038
1.00027
1.00005
0.999662
0.999333
0.998898
0.998413
0.997876
0.997319
0.996748
0.996183
0.995636
0.995119
0.994639
0.994202
0.993814
0.993476
0.993191
0.992961
0.992791
0.99268
0.992639
0.992639
0.992678
0.992739
0.992999
0.993294
0.993663
0.994083
0.994548
0.995047
0.995569
0.996106
0.996645
0.997175
0.997682
0.998154
0.99858
0.99895
0.999254
0.999485
0.999632
0.999684
0.999665
0.999584
0.999391
0.999271
0.99907
0.998835
0.998549
0.998227
0.997868
0.99748
0.997071
0.996652
0.996233
0.995822
0.99543
0.995068
0.994745
0.994468
0.994247
0.994086
0.993996
0.993954
0.993969
0.994029
0.994311
0.994545
0.994801
0.99508
0.995387
0.995716
0.996065
0.996422
0.996778
0.997125
0.997457
0.997769
0.998055
0.998306
0.998514
0.998675
0.998782
0.998817
0.998806
0.998753
0.998642
0.998397
0.998275
0.998071
0.997835
0.997569
0.997296
0.997012
0.996721
0.996433
0.996158
0.995907
0.995688
0.995507
0.995365
0.995264
0.9952
0.99517
0.995162
0.995173
0.995216
0.995298
0.995332
0.99555
0.99577
0.996027
0.996298
0.996585
0.996866
0.997144
0.997416
0.997676
0.997921
0.998146
0.998346
0.998516
0.998648
0.998723
0.998737
0.998722
0.99869
0.998623
0.998514
0.998277
0.998179
0.998015
0.997845
0.997662
0.997491
0.997323
0.997158
0.997002
0.996862
0.996746
0.996667
0.996625
0.99662
0.996636
0.996672
0.996729
0.996801
0.996888
0.996988
0.997111
0.99725
0.997586
0.997815
0.998051
0.998281
0.998521
0.998757
0.998964
0.999144
0.999307
0.999456
0.999588
0.999697
0.999777
0.999823
0.999831
0.999822
0.999798
0.999745
0.999668
0.999567
0.999432
0.999211
0.999172
0.999089
0.999019
0.998959
0.998913
0.998879
0.998864
0.99886
0.99887
0.998895
0.998936
0.998991
0.999055
0.999131
0.999224
0.999326
0.999434
0.999554
0.999689
0.999848
0.999842
0.99994
0.99953
0.999074
0.998581
0.998061
0.997518
0.996955
0.996373
0.995767
0.995138
0.994482
0.993805
0.993108
0.992401
0.991687
0.990974
0.99025
0.989562
0.988875
0.988191
0.987517
0.98686
0.986224
0.985628
0.985089
0.984639
0.984311
0.984144
0.984143
0.984224
0.984445
0.984819
0.985344
0.986007
0.986789
0.987667
0.988611
0.989611
0.990703
0.991771
0.992818
0.993821
0.994777
0.995662
0.996471
0.997195
0.997825
0.998357
0.998799
0.999165
0.999437
0.999589
0.999623
0.999597
0.999498
0.999313
0.999043
0.998692
0.998211
0.997876
0.997474
0.997067
0.996647
0.996237
0.995841
0.995472
0.995135
0.994838
0.994582
0.994369
0.994198
0.994071
0.993987
0.993945
0.993941
0.993962
0.994026
0.994125
0.994257
0.994331
0.99464
0.994967
0.995343
0.995728
0.996122
0.996515
0.996903
0.997279
0.997638
0.997972
0.998271
0.998529
0.998738
0.998898
0.99899
0.99901
0.998988
0.998918
0.998791
0.998604
0.998277
0.998104
0.997897
0.99769
0.997449
0.997187
0.996904
0.996606
0.9963
0.995995
0.9957
0.995423
0.995171
0.994952
0.994771
0.994632
0.994542
0.994496
0.994491
0.994504
0.994564
0.994679
0.995004
0.995238
0.995473
0.99571
0.99596
0.996223
0.996492
0.996759
0.997016
0.997256
0.997478
0.997677
0.997849
0.997988
0.998089
0.998141
0.998144
0.998118
0.998049
0.997931
0.997763
0.99744
0.997308
0.99712
0.996919
0.996707
0.996507
0.996304
0.996104
0.995915
0.995744
0.995602
0.99549
0.995407
0.995353
0.995327
0.995322
0.995329
0.99535
0.995391
0.995463
0.995567
0.995562
0.995753
0.995953
0.996187
0.99642
0.996664
0.996904
0.997135
0.997357
0.997562
0.99775
0.997915
0.998054
0.99816
0.998224
0.998237
0.998222
0.998175
0.998109
0.998015
0.997884
0.997624
0.997538
0.997401
0.997268
0.997136
0.997026
0.996927
0.996838
0.996762
0.996706
0.99668
0.996681
0.996696
0.996734
0.996794
0.996869
0.996957
0.997051
0.997151
0.997258
0.997383
0.997518
0.997858
0.998077
0.998296
0.998499
0.998702
0.998895
0.999059
0.999197
0.999322
0.999436
0.999536
0.999616
0.999668
0.999686
0.999681
0.999662
0.999624
0.999562
0.999484
0.999391
0.999267
0.999131
0.999147
0.999118
0.999099
0.999098
0.999105
0.999123
0.999154
0.999195
0.999245
0.999304
0.999369
0.999437
0.99951
0.999598
0.9997
0.999799
0.999897
1
1.00012
1.00025
1.00021
1.00021
0.999844
0.999421
0.99895
0.998443
0.997907
0.997346
0.996758
0.99614
0.995489
0.994802
0.994084
0.99334
0.992581
0.991813
0.991046
0.990278
0.989573
0.988882
0.988228
0.987591
0.986998
0.986453
0.985991
0.985623
0.985416
0.985397
0.985463
0.985661
0.986013
0.986512
0.987144
0.98789
0.988726
0.989628
0.990565
0.99149
0.992475
0.993437
0.994349
0.995189
0.99595
0.996627
0.997208
0.997693
0.998089
0.998418
0.99867
0.998823
0.998874
0.998865
0.998806
0.99868
0.998497
0.998269
0.998004
0.997698
0.997343
0.996885
0.996679
0.996422
0.99618
0.99594
0.995723
0.995529
0.995367
0.995236
0.995137
0.995069
0.995032
0.995023
0.995034
0.995071
0.995132
0.995212
0.995309
0.995426
0.99556
0.995711
0.995743
0.996036
0.996335
0.996654
0.996942
0.997209
0.99745
0.997667
0.997859
0.998023
0.998159
0.998263
0.998329
0.998347
0.998335
0.998285
0.998191
0.998061
0.997904
0.997717
0.99748
0.997068
0.996937
0.996788
0.996658
0.9965
0.99633
0.996144
0.995951
0.995759
0.995576
0.995408
0.99526
0.995137
0.995042
0.994979
0.994946
0.99494
0.994953
0.99499
0.995044
0.995128
0.995244
0.99556
0.995754
0.995929
0.996095
0.996272
0.996459
0.996644
0.996818
0.996974
0.997112
0.997229
0.997324
0.997395
0.997433
0.997435
0.997418
0.99737
0.997286
0.997166
0.997012
0.996817
0.996443
0.996357
0.996228
0.996101
0.995977
0.995872
0.995767
0.99567
0.995585
0.995518
0.995476
0.995456
0.995449
0.995451
0.995466
0.995493
0.99553
0.995574
0.995629
0.995705
0.9958
0.995743
0.995911
0.996082
0.996283
0.996479
0.996682
0.99688
0.997065
0.997236
0.997387
0.997517
0.997622
0.997699
0.997741
0.997749
0.997734
0.997689
0.997612
0.997526
0.997425
0.997292
0.997025
0.996984
0.996898
0.996828
0.99677
0.996743
0.996731
0.996731
0.996741
0.996769
0.996817
0.996879
0.996952
0.997035
0.997126
0.997222
0.997322
0.997422
0.997522
0.997626
0.997741
0.997865
0.998208
0.998413
0.998606
0.998773
0.998928
0.999069
0.999186
0.999286
0.999379
0.999466
0.999541
0.999595
0.999619
0.999618
0.999606
0.999578
0.999531
0.999474
0.999414
0.999341
0.999238
0.999287
0.999318
0.999348
0.99939
0.999444
0.999505
0.99957
0.999639
0.99971
0.999783
0.999854
0.999921
0.999985
1.00006
1.00015
1.00024
1.00032
1.0004
1.00049
1.00057
1.00066
1.00058
1.00023
0.999843
0.99939
0.998879
0.99832
0.997719
0.997081
0.996404
0.995687
0.994932
0.994144
0.993335
0.992522
0.991722
0.990949
0.990227
0.989543
0.988981
0.988457
0.98797
0.98752
0.987166
0.986955
0.986928
0.986975
0.987129
0.987418
0.987835
0.988363
0.988989
0.989696
0.990461
0.991261
0.992078
0.992888
0.993668
0.99436
0.995116
0.995787
0.996382
0.996878
0.99729
0.997623
0.997894
0.998095
0.998213
0.99825
0.998241
0.998189
0.998086
0.997946
0.99778
0.997593
0.997391
0.997178
0.99696
0.996729
0.99646
0.996099
0.996117
0.996039
0.995963
0.995887
0.995831
0.99579
0.995769
0.995766
0.995779
0.99581
0.995855
0.995912
0.99598
0.996056
0.99614
0.996232
0.996327
0.99643
0.996532
0.996629
0.996574
0.99683
0.997065
0.997287
0.997445
0.997565
0.997653
0.997717
0.997755
0.997766
0.997758
0.997725
0.997663
0.997576
0.99747
0.997347
0.99721
0.997059
0.996901
0.996724
0.996482
0.996024
0.996017
0.995968
0.995932
0.995867
0.99579
0.995698
0.995602
0.995509
0.995424
0.995354
0.995299
0.995262
0.995242
0.99524
0.99525
0.995277
0.995314
0.995359
0.995408
0.995476
0.995547
0.995808
0.995937
0.996044
0.996146
0.996262
0.996384
0.996497
0.99659
0.996661
0.996714
0.996749
0.996762
0.996758
0.996738
0.996697
0.996636
0.996555
0.996453
0.996328
0.996181
0.995998
0.995619
0.995631
0.995589
0.99555
0.995517
0.995506
0.995494
0.995487
0.995487
0.995493
0.995511
0.995536
0.995562
0.99559
0.995623
0.995663
0.995708
0.995756
0.995808
0.995868
0.995923
0.995814
0.995976
0.996126
0.996302
0.996467
0.996637
0.996798
0.996943
0.997069
0.997171
0.997248
0.997299
0.997322
0.997324
0.99731
0.997272
0.997211
0.997132
0.997056
0.996979
0.996869
0.996624
0.996665
0.996647
0.996654
0.996679
0.996735
0.996808
0.996889
0.996978
0.997073
0.997171
0.99727
0.997368
0.997465
0.997563
0.99766
0.997755
0.997847
0.997937
0.998029
0.998132
0.99824
0.998593
0.998779
0.998942
0.999068
0.999177
0.999274
0.999356
0.99943
0.999505
0.999576
0.999631
0.999662
0.999668
0.999663
0.999649
0.999624
0.999588
0.999554
0.999526
0.999503
0.999473
0.999642
0.999722
0.999812
0.999907
1
1.00009
1.00018
1.00025
1.00033
1.0004
1.00046
1.00051
1.00055
1.00061
1.00069
1.00075
1.00082
1.00088
1.00094
1.001
1.00104
1.00093
0.999845
0.999289
0.998658
0.997967
0.997229
0.996453
0.995649
0.994825
0.993993
0.993171
0.992372
0.991623
0.990947
0.990369
0.989879
0.989437
0.989025
0.988743
0.988584
0.988572
0.988606
0.988728
0.988949
0.989272
0.989676
0.990148
0.990675
0.991249
0.991857
0.992484
0.993116
0.99374
0.994343
0.994916
0.995443
0.995907
0.996243
0.996687
0.997027
0.997307
0.997517
0.997659
0.997732
0.997747
0.997732
0.99768
0.997593
0.997487
0.997366
0.997236
0.9971
0.996965
0.996832
0.996704
0.996583
0.996469
0.996351
0.99621
0.996004
0.99617
0.996174
0.996201
0.996215
0.996232
0.99625
0.996275
0.99631
0.99635
0.996398
0.996449
0.996503
0.99656
0.996617
0.996674
0.996731
0.996786
0.996839
0.99687
0.996861
0.996721
0.99698
0.997158
0.997281
0.997316
0.997316
0.997297
0.997254
0.997191
0.997112
0.997024
0.996927
0.996823
0.996713
0.996602
0.996488
0.996374
0.996256
0.996137
0.995994
0.995783
0.995331
0.995417
0.995475
0.995541
0.995546
0.995536
0.995511
0.995477
0.995443
0.995413
0.995391
0.995378
0.995374
0.995377
0.99539
0.995409
0.995434
0.995461
0.995486
0.995509
0.995542
0.995535
0.995721
0.995806
0.995879
0.995949
0.996029
0.996102
0.996153
0.996181
0.996189
0.996184
0.996171
0.996146
0.99611
0.996065
0.996012
0.99595
0.995881
0.9958
0.995705
0.995596
0.995459
0.99513
0.995213
0.995252
0.995303
0.995352
0.995409
0.99546
0.995508
0.995549
0.995579
0.995606
0.995635
0.995665
0.995696
0.995732
0.995772
0.995817
0.995863
0.995909
0.995947
0.995948
0.995792
0.995959
0.996106
0.996274
0.996426
0.996576
0.996711
0.996821
0.996905
0.99696
0.996992
0.997005
0.997004
0.996995
0.996974
0.99694
0.996896
0.996852
0.996819
0.996787
0.996726
0.99654
0.996638
0.99669
0.99678
0.996891
0.997026
0.997164
0.997299
0.997426
0.997543
0.99765
0.997749
0.997842
0.997932
0.99802
0.998107
0.99819
0.99827
0.998351
0.998437
0.998528
0.998621
0.998988
0.999155
0.999286
0.999374
0.99945
0.999524
0.999589
0.999654
0.999719
0.999775
0.999813
0.999833
0.99984
0.999843
0.999843
0.999841
0.999836
0.999839
0.99985
0.999869
0.999893
1.00018
1.00031
1.00045
1.00056
1.00066
1.00074
1.00081
1.00087
1.00092
1.00097
1.001
1.00103
1.00106
1.0011
1.00115
1.0012
1.00125
1.0013
1.00135
1.0014
1.00141
1.00126
0.998485
0.997619
0.996712
0.995787
0.994866
0.993966
0.99311
0.992327
0.991648
0.991086
0.990633
0.990267
0.989993
0.989853
0.98984
0.989886
0.989985
0.990243
0.990554
0.990918
0.991306
0.991723
0.992156
0.992602
0.993054
0.993506
0.993952
0.994388
0.994808
0.995208
0.995581
0.995922
0.996225
0.996489
0.996706
0.996872
0.996909
0.997143
0.997262
0.997324
0.997327
0.997308
0.997258
0.997192
0.997116
0.997035
0.996951
0.996868
0.996789
0.996716
0.99665
0.996592
0.996543
0.996501
0.996467
0.996434
0.996395
0.996343
0.99624
0.996474
0.996529
0.996546
0.996541
0.99654
0.996545
0.996559
0.99658
0.996605
0.99663
0.996655
0.996678
0.996699
0.996718
0.996734
0.996748
0.996755
0.996754
0.996727
0.996656
0.996431
0.996738
0.996861
0.996879
0.996837
0.996763
0.996672
0.996575
0.996477
0.996381
0.99629
0.996202
0.996119
0.996039
0.995963
0.995889
0.995817
0.99574
0.995658
0.995545
0.995364
0.994938
0.995118
0.995268
0.995391
0.995433
0.995446
0.995437
0.995419
0.995399
0.995382
0.995369
0.995362
0.995361
0.995365
0.995374
0.995385
0.995396
0.995404
0.995404
0.995396
0.995378
0.995317
0.995493
0.995556
0.995615
0.995668
0.995717
0.995744
0.995742
0.995732
0.99571
0.995683
0.995653
0.995623
0.995591
0.99556
0.995528
0.995496
0.99546
0.995417
0.995364
0.995298
0.995207
0.994948
0.995093
0.995201
0.99531
0.995401
0.99548
0.995543
0.995593
0.995624
0.99564
0.995655
0.995677
0.995705
0.995739
0.995779
0.995823
0.995868
0.995911
0.995947
0.99596
0.995936
0.995741
0.995932
0.996099
0.996277
0.996427
0.996559
0.99666
0.996727
0.996767
0.996787
0.996797
0.996801
0.996805
0.996809
0.996812
0.996815
0.996819
0.996828
0.996848
0.996864
0.996842
0.996716
0.996878
0.997005
0.99717
0.997346
0.997523
0.99768
0.997813
0.997927
0.998023
0.99811
0.998191
0.998271
0.998351
0.998432
0.998513
0.998591
0.998667
0.998746
0.998827
0.998908
0.998987
0.999372
0.999521
0.999628
0.999695
0.999755
0.999819
0.99988
0.999936
0.999989
1.00003
1.00007
1.00009
1.00012
1.00014
1.00017
1.0002
1.00023
1.00027
1.00031
1.00036
1.00041
1.00079
1.00097
1.0011
1.00118
1.00124
1.00129
1.00132
1.00134
1.00137
1.00139
1.00141
1.00143
1.00146
1.00149
1.00153
1.00157
1.00162
1.00168
1.00173
1.00177
1.00175
1.00155
0.995446
0.994364
0.99336
0.992462
0.991694
0.991072
0.990608
0.990329
0.990226
0.99024
0.990342
0.990577
0.990922
0.991338
0.991784
0.992229
0.992626
0.99314
0.993597
0.994018
0.994395
0.994741
0.995052
0.995336
0.995594
0.99583
0.996045
0.996238
0.996409
0.996559
0.996685
0.996787
0.996863
0.996911
0.996917
0.996884
0.996763
0.99694
0.996931
0.996914
0.996868
0.996815
0.996761
0.99671
0.996664
0.996625
0.996594
0.99657
0.996553
0.996543
0.99654
0.996541
0.996546
0.996554
0.996563
0.996565
0.996557
0.996539
0.996447
0.996735
0.996736
0.9967
0.996649
0.996614
0.996597
0.996592
0.996592
0.996592
0.996591
0.996587
0.99658
0.996569
0.996556
0.996539
0.996519
0.996491
0.996454
0.996388
0.996287
0.996043
0.996409
0.996452
0.996406
0.996302
0.996188
0.99608
0.995984
0.995903
0.995835
0.995776
0.995725
0.995679
0.995635
0.995593
0.995551
0.995506
0.995454
0.995387
0.995286
0.995121
0.994749
0.995021
0.995223
0.995346
0.995373
0.995367
0.995346
0.995318
0.995291
0.99527
0.995257
0.99525
0.995249
0.995251
0.995256
0.995258
0.995255
0.995247
0.99523
0.995199
0.995144
0.995058
0.995254
0.995334
0.995389
0.995417
0.995426
0.995414
0.99539
0.995362
0.995335
0.995315
0.995299
0.995289
0.995284
0.995281
0.995281
0.99528
0.995276
0.995265
0.995244
0.995204
0.995134
0.994954
0.995159
0.995313
0.995437
0.995516
0.995567
0.995598
0.995615
0.995622
0.995628
0.995642
0.995667
0.995704
0.995749
0.995798
0.995847
0.995891
0.99593
0.995955
0.995946
0.9959
0.995727
0.995966
0.996168
0.996349
0.996478
0.99657
0.996621
0.996646
0.99666
0.996672
0.996688
0.996713
0.996746
0.996787
0.996834
0.996884
0.996936
0.99699
0.997047
0.997087
0.997079
0.997014
0.997248
0.997455
0.997666
0.997852
0.99801
0.998131
0.998223
0.998301
0.998371
0.998442
0.998516
0.998594
0.998676
0.99876
0.998842
0.998923
0.999001
0.99908
0.999155
0.999225
0.999295
0.999687
0.999836
0.999929
0.999986
1.00004
1.00009
1.00014
1.00019
1.00024
1.00028
1.00033
1.00037
1.00043
1.00048
1.00054
1.00059
1.00064
1.00069
1.00075
1.00081
1.00089
1.00132
1.0015
1.00158
1.00161
1.00161
1.00161
1.00161
1.00162
1.00163
1.00165
1.00167
1.0017
1.00173
1.00178
1.00182
1.00187
1.00193
1.00199
1.00205
1.00207
1.00201
1.00179
0.992136
0.991261
0.990584
0.990116
0.989861
0.989802
0.989898
0.990179
0.990598
0.991104
0.991672
0.992278
0.992889
0.993476
0.994009
0.994475
0.994837
0.99533
0.995671
0.995948
0.996161
0.996335
0.996474
0.996586
0.996677
0.996751
0.996809
0.996853
0.996883
0.996899
0.996901
0.996889
0.996861
0.996815
0.99674
0.996632
0.996471
0.996675
0.996629
0.996602
0.99656
0.996525
0.996497
0.996477
0.996468
0.996467
0.996474
0.996488
0.996507
0.996529
0.996554
0.99658
0.996604
0.996627
0.996644
0.996649
0.996638
0.996609
0.996539
0.996801
0.996766
0.996692
0.996619
0.996572
0.996546
0.99653
0.996518
0.996504
0.996486
0.996464
0.996439
0.99641
0.996379
0.996344
0.996307
0.996262
0.996208
0.996126
0.996023
0.995792
0.996207
0.996184
0.996081
0.995945
0.995826
0.995728
0.995654
0.9956
0.99556
0.995528
0.995501
0.995475
0.99545
0.995423
0.995393
0.995359
0.995314
0.995248
0.995141
0.994975
0.994702
0.99504
0.995229
0.995315
0.995311
0.995283
0.995244
0.995205
0.995176
0.995156
0.995146
0.995142
0.995143
0.995146
0.995146
0.995143
0.995133
0.995116
0.995088
0.99504
0.994967
0.994897
0.995136
0.995218
0.995254
0.995251
0.995234
0.995204
0.995174
0.99515
0.995135
0.995131
0.995134
0.995144
0.995159
0.995176
0.995194
0.99521
0.995221
0.995225
0.995215
0.99518
0.99511
0.995
0.99527
0.995428
0.995525
0.995564
0.995578
0.995579
0.995577
0.995578
0.995589
0.995615
0.995654
0.995702
0.995755
0.995807
0.995856
0.995898
0.995929
0.995941
0.995917
0.995852
0.995739
0.99605
0.996268
0.996422
0.99651
0.996557
0.996575
0.996584
0.996596
0.99662
0.996658
0.99671
0.996773
0.996844
0.99692
0.996997
0.997075
0.997149
0.997217
0.997258
0.997256
0.997242
0.997564
0.997808
0.998013
0.998166
0.99828
0.998359
0.998421
0.998479
0.998543
0.998614
0.998693
0.998777
0.998865
0.998952
0.999037
0.999119
0.999197
0.999275
0.999343
0.999409
0.999501
0.999906
1.00004
1.00011
1.00016
1.0002
1.00024
1.00029
1.00033
1.00039
1.00044
1.0005
1.00057
1.00064
1.00071
1.00077
1.00083
1.00089
1.00095
1.00101
1.00109
1.00121
1.00166
1.00178
1.0018
1.00177
1.00174
1.00172
1.00172
1.00172
1.00173
1.00176
1.00179
1.00183
1.00188
1.00194
1.00199
1.00205
1.00211
1.00218
1.00223
1.00222
1.00213
1.0019
)
;

boundaryField
{
    inlet
    {
        type            fixedValue;
        value           uniform 1;
    }
    outlet
    {
        type            zeroGradient;
    }
    walls
    {
        type            zeroGradient;
    }
    symwall
    {
        type            empty;
    }
}


// ************************************************************************* //
