/*--------------------------------*- C++ -*----------------------------------*\
| =========                 |                                                 |
| \\      /  F ield         | OpenFOAM: The Open Source CFD Toolbox           |
|  \\    /   O peration     | Version:  2312                                  |
|   \\  /    A nd           | Website:  www.openfoam.com                      |
|    \\/     M anipulation  |                                                 |
\*---------------------------------------------------------------------------*/
FoamFile
{
    version     2.0;
    format      ascii;
    arch        "LSB;label=64;scalar=64";
    class       volScalarField;
    location    "1000";
    object      T;
}
// * * * * * * * * * * * * * * * * * * * * * * * * * * * * * * * * * * * * * //

dimensions      [0 0 0 1 0 0 0];

internalField   nonuniform List<scalar> 
5100
(
1.00112
1.00118
1.00128
1.00141
1.00156
1.00172
1.00186
1.00198
1.00208
1.00217
1.00225
1.00231
1.00237
1.00242
1.00247
1.00251
1.00255
1.00259
1.00263
1.00266
1.00268
1.00272
1.00275
1.00278
1.00281
1.00284
1.00287
1.0029
1.00293
1.00296
1.00299
1.00302
1.00304
1.00307
1.0031
1.00313
1.00316
1.00319
1.00322
1.00324
1.00327
1.0033
1.00332
1.00335
1.00337
1.00339
1.00343
1.00344
1.00346
1.00348
1.0035
1.00352
1.00354
1.00356
1.00358
1.0036
1.00362
1.00363
1.00365
1.00367
1.00368
1.0037
1.00372
1.00373
1.00374
1.00376
1.00377
1.00378
1.00379
1.00379
1.00378
1.00382
1.00384
1.00385
1.00386
1.00386
1.00386
1.00387
1.00387
1.00387
1.00388
1.00388
1.00389
1.00389
1.0039
1.0039
1.00391
1.00392
1.00392
1.00393
1.00394
1.00394
1.00395
1.00395
1.00396
1.00396
1.004
1.004
1.004
1.004
1.004
1.00401
1.00401
1.00402
1.00403
1.00404
1.00404
1.00405
1.00406
1.00407
1.00407
1.00408
1.00408
1.00409
1.00409
1.0041
1.0041
1.0041
1.0041
1.0041
1.00409
1.00408
1.00412
1.00412
1.00412
1.00411
1.00411
1.00411
1.00411
1.00411
1.00411
1.00411
1.00412
1.00412
1.00413
1.00414
1.00414
1.00415
1.00415
1.00416
1.00417
1.00417
1.00418
1.00419
1.00419
1.00419
1.00419
1.00419
1.00424
1.00424
1.00424
1.00424
1.00423
1.00423
1.00423
1.00423
1.00423
1.00424
1.00424
1.00425
1.00425
1.00425
1.00426
1.00426
1.00426
1.00427
1.00427
1.00427
1.00427
1.00427
1.00427
1.00427
1.00427
1.00431
1.00432
1.00432
1.00432
1.00431
1.00431
1.00431
1.00431
1.00431
1.00432
1.00433
1.00433
1.00434
1.00435
1.00435
1.00436
1.00436
1.00437
1.00437
1.00437
1.00438
1.00438
1.00438
1.00438
1.00438
1.00437
1.00442
1.00442
1.00442
1.00442
1.00441
1.0044
1.0044
1.0044
1.0044
1.00441
1.00441
1.00442
1.00442
1.00442
1.00443
1.00443
1.00443
1.00444
1.00444
1.00445
1.00445
1.00445
1.00446
1.00445
1.00445
1.0045
1.00451
1.0045
1.0045
1.00449
1.00449
1.00449
1.00449
1.00449
1.0045
1.0045
1.00451
1.00451
1.00451
1.00452
1.00452
1.00452
1.00453
1.00453
1.00453
1.00454
1.00454
1.00454
1.00453
1.00452
1.00449
1.00114
1.00119
1.0013
1.00144
1.0016
1.00175
1.00189
1.00201
1.0021
1.00219
1.00225
1.00231
1.00236
1.00241
1.00245
1.00249
1.00253
1.00257
1.00259
1.00262
1.00264
1.00268
1.00271
1.00274
1.00277
1.0028
1.00283
1.00286
1.00288
1.00291
1.00294
1.00298
1.00301
1.00304
1.00307
1.00311
1.00314
1.00317
1.0032
1.00323
1.00326
1.00329
1.00332
1.00334
1.00337
1.00338
1.00343
1.00344
1.00345
1.00346
1.00348
1.00349
1.00351
1.00352
1.00354
1.00355
1.00356
1.00357
1.00359
1.0036
1.00361
1.00362
1.00363
1.00365
1.00366
1.00367
1.00368
1.00369
1.0037
1.00371
1.0037
1.00373
1.00375
1.00377
1.00378
1.00378
1.00379
1.00379
1.00379
1.00379
1.0038
1.0038
1.0038
1.00381
1.00381
1.00381
1.00382
1.00382
1.00382
1.00383
1.00383
1.00384
1.00384
1.00384
1.00385
1.00384
1.00387
1.00388
1.00389
1.00389
1.00389
1.00389
1.00389
1.0039
1.0039
1.00391
1.00392
1.00393
1.00394
1.00395
1.00396
1.00396
1.00397
1.00398
1.00399
1.00399
1.004
1.004
1.004
1.004
1.004
1.00398
1.00402
1.00402
1.00402
1.00402
1.00402
1.00401
1.00401
1.00401
1.00401
1.00401
1.00401
1.00401
1.00401
1.00402
1.00402
1.00402
1.00403
1.00403
1.00404
1.00405
1.00405
1.00406
1.00406
1.00407
1.00407
1.00406
1.0041
1.00412
1.00413
1.00413
1.00413
1.00412
1.00412
1.00412
1.00413
1.00413
1.00413
1.00414
1.00414
1.00414
1.00415
1.00415
1.00415
1.00416
1.00416
1.00416
1.00416
1.00416
1.00416
1.00416
1.00415
1.00419
1.0042
1.00421
1.0042
1.0042
1.0042
1.00419
1.00419
1.00419
1.0042
1.0042
1.00421
1.00421
1.00422
1.00422
1.00423
1.00424
1.00424
1.00425
1.00425
1.00426
1.00426
1.00426
1.00427
1.00426
1.00426
1.0043
1.00431
1.00432
1.00431
1.00431
1.0043
1.0043
1.0043
1.0043
1.0043
1.0043
1.0043
1.0043
1.00431
1.00431
1.00431
1.00432
1.00432
1.00432
1.00432
1.00433
1.00433
1.00433
1.00433
1.00433
1.00437
1.00438
1.00439
1.00439
1.00439
1.00438
1.00438
1.00438
1.00438
1.00438
1.00439
1.00439
1.00439
1.0044
1.0044
1.00441
1.00441
1.00441
1.00442
1.00442
1.00442
1.00442
1.00443
1.00442
1.00441
1.00438
1.00116
1.00122
1.00133
1.00148
1.00164
1.00179
1.00192
1.00203
1.00212
1.00219
1.00225
1.0023
1.00235
1.00239
1.00243
1.00247
1.0025
1.00253
1.00256
1.00258
1.00261
1.00265
1.00267
1.0027
1.00273
1.00276
1.0028
1.00283
1.00286
1.00289
1.00293
1.00296
1.003
1.00303
1.00307
1.0031
1.00314
1.00317
1.0032
1.00324
1.00326
1.00329
1.00332
1.00334
1.00336
1.00336
1.0034
1.00341
1.00341
1.00342
1.00342
1.00342
1.00343
1.00343
1.00343
1.00343
1.00344
1.00344
1.00344
1.00345
1.00345
1.00346
1.00347
1.00347
1.00348
1.00349
1.0035
1.00351
1.00352
1.00353
1.00353
1.00355
1.00357
1.0036
1.00361
1.00363
1.00364
1.00365
1.00365
1.00366
1.00366
1.00366
1.00366
1.00366
1.00366
1.00366
1.00366
1.00366
1.00366
1.00366
1.00366
1.00366
1.00366
1.00366
1.00366
1.00365
1.00368
1.00368
1.00369
1.00369
1.00368
1.00368
1.00368
1.00368
1.00369
1.00369
1.0037
1.00371
1.00372
1.00373
1.00374
1.00375
1.00376
1.00378
1.00379
1.0038
1.00381
1.00382
1.00382
1.00383
1.00383
1.00381
1.00384
1.00385
1.00386
1.00386
1.00386
1.00386
1.00385
1.00385
1.00384
1.00383
1.00383
1.00383
1.00382
1.00382
1.00382
1.00382
1.00382
1.00382
1.00383
1.00383
1.00383
1.00384
1.00384
1.00385
1.00385
1.00384
1.00388
1.00389
1.00391
1.00392
1.00392
1.00393
1.00393
1.00393
1.00394
1.00394
1.00394
1.00395
1.00395
1.00396
1.00396
1.00397
1.00397
1.00397
1.00397
1.00398
1.00398
1.00398
1.00398
1.00397
1.00396
1.00399
1.004
1.00401
1.00401
1.00401
1.004
1.004
1.004
1.00399
1.00399
1.00399
1.004
1.004
1.004
1.00401
1.00402
1.00402
1.00403
1.00404
1.00404
1.00405
1.00406
1.00406
1.00407
1.00407
1.00406
1.00409
1.00411
1.00413
1.00413
1.00413
1.00413
1.00413
1.00412
1.00412
1.00412
1.00412
1.00412
1.00412
1.00412
1.00412
1.00412
1.00412
1.00412
1.00412
1.00412
1.00412
1.00413
1.00413
1.00413
1.00412
1.00415
1.00417
1.00418
1.00418
1.00419
1.00419
1.00419
1.00419
1.00419
1.00419
1.00419
1.00419
1.0042
1.0042
1.00421
1.00421
1.00422
1.00422
1.00422
1.00422
1.00423
1.00423
1.00423
1.00423
1.00422
1.0042
1.00119
1.00125
1.00137
1.00152
1.00167
1.00182
1.00194
1.00204
1.00212
1.00219
1.00224
1.00229
1.00233
1.00237
1.00241
1.00245
1.00248
1.00251
1.00254
1.00257
1.0026
1.00264
1.00267
1.0027
1.00273
1.00276
1.0028
1.00283
1.00287
1.00291
1.00294
1.00298
1.00302
1.00305
1.00309
1.00312
1.00315
1.00318
1.00321
1.00324
1.00326
1.00328
1.00329
1.00331
1.00332
1.00331
1.00334
1.00334
1.00333
1.00332
1.00331
1.0033
1.00328
1.00327
1.00326
1.00324
1.00323
1.00322
1.00321
1.00321
1.0032
1.0032
1.0032
1.0032
1.0032
1.00321
1.00322
1.00323
1.00324
1.00326
1.00326
1.00328
1.00331
1.00333
1.00336
1.00339
1.00341
1.00343
1.00344
1.00345
1.00346
1.00347
1.00348
1.00349
1.00349
1.00349
1.00349
1.00349
1.00349
1.00348
1.00348
1.00347
1.00346
1.00346
1.00345
1.00344
1.00345
1.00345
1.00345
1.00344
1.00344
1.00343
1.00342
1.00342
1.00341
1.00341
1.00342
1.00342
1.00343
1.00344
1.00345
1.00347
1.00348
1.0035
1.00351
1.00353
1.00355
1.00356
1.00358
1.00359
1.0036
1.00359
1.00362
1.00364
1.00365
1.00366
1.00366
1.00366
1.00366
1.00366
1.00365
1.00364
1.00363
1.00362
1.00361
1.00361
1.0036
1.00359
1.00358
1.00358
1.00358
1.00357
1.00357
1.00357
1.00358
1.00358
1.00358
1.00357
1.0036
1.00361
1.00363
1.00364
1.00366
1.00366
1.00367
1.00368
1.00369
1.00369
1.0037
1.00371
1.00372
1.00372
1.00373
1.00374
1.00374
1.00375
1.00375
1.00376
1.00376
1.00376
1.00376
1.00375
1.00374
1.00376
1.00377
1.00378
1.00378
1.00378
1.00377
1.00377
1.00376
1.00376
1.00375
1.00375
1.00374
1.00374
1.00374
1.00375
1.00375
1.00375
1.00376
1.00377
1.00378
1.00379
1.00379
1.0038
1.00381
1.00382
1.00382
1.00384
1.00386
1.00388
1.00389
1.0039
1.00391
1.00391
1.00391
1.00391
1.00391
1.0039
1.0039
1.0039
1.00389
1.00389
1.00389
1.00389
1.00388
1.00388
1.00388
1.00388
1.00388
1.00388
1.00388
1.00387
1.00389
1.0039
1.00392
1.00393
1.00393
1.00394
1.00394
1.00394
1.00394
1.00394
1.00395
1.00395
1.00395
1.00396
1.00396
1.00397
1.00397
1.00398
1.00398
1.00399
1.00399
1.00399
1.004
1.004
1.00399
1.00397
1.00122
1.00128
1.00139
1.00154
1.00169
1.00182
1.00194
1.00203
1.00211
1.00217
1.00222
1.00227
1.00231
1.00235
1.00239
1.00243
1.00247
1.0025
1.00254
1.00257
1.0026
1.00265
1.00268
1.00271
1.00275
1.00278
1.00282
1.00286
1.00289
1.00293
1.00296
1.00299
1.00303
1.00306
1.00309
1.00312
1.00314
1.00317
1.00319
1.00321
1.00322
1.00323
1.00324
1.00324
1.00324
1.00322
1.00323
1.00323
1.00321
1.00319
1.00316
1.00314
1.00311
1.00308
1.00304
1.00301
1.00298
1.00296
1.00293
1.0029
1.00288
1.00287
1.00285
1.00284
1.00284
1.00284
1.00284
1.00285
1.00286
1.00287
1.00288
1.00291
1.00294
1.00297
1.00301
1.00304
1.00308
1.00311
1.00314
1.00317
1.0032
1.00322
1.00324
1.00326
1.00328
1.00329
1.0033
1.0033
1.0033
1.0033
1.0033
1.00329
1.00328
1.00327
1.00326
1.00324
1.00324
1.00323
1.00322
1.00321
1.00319
1.00317
1.00316
1.00314
1.00313
1.00312
1.00311
1.00311
1.00311
1.00312
1.00312
1.00314
1.00315
1.00317
1.00319
1.00321
1.00323
1.00325
1.00327
1.0033
1.00332
1.00333
1.00337
1.00339
1.00342
1.00343
1.00345
1.00345
1.00345
1.00345
1.00345
1.00344
1.00344
1.00343
1.00341
1.0034
1.00339
1.00337
1.00336
1.00335
1.00334
1.00332
1.00331
1.00331
1.0033
1.0033
1.00329
1.00328
1.0033
1.00331
1.00333
1.00334
1.00335
1.00336
1.00337
1.00339
1.0034
1.00341
1.00342
1.00344
1.00345
1.00346
1.00347
1.00349
1.0035
1.00351
1.00352
1.00352
1.00353
1.00353
1.00353
1.00353
1.00352
1.00354
1.00354
1.00355
1.00354
1.00354
1.00354
1.00353
1.00352
1.00352
1.00351
1.0035
1.00349
1.00348
1.00348
1.00347
1.00347
1.00347
1.00348
1.00348
1.00349
1.0035
1.00351
1.00352
1.00353
1.00354
1.00354
1.00357
1.00359
1.00361
1.00363
1.00364
1.00366
1.00366
1.00367
1.00368
1.00368
1.00368
1.00368
1.00368
1.00367
1.00367
1.00366
1.00366
1.00365
1.00365
1.00364
1.00364
1.00363
1.00363
1.00362
1.00361
1.00363
1.00363
1.00364
1.00365
1.00366
1.00366
1.00367
1.00367
1.00367
1.00368
1.00368
1.00369
1.00369
1.0037
1.0037
1.00371
1.00372
1.00372
1.00373
1.00373
1.00374
1.00374
1.00375
1.00375
1.00375
1.00374
1.00126
1.00131
1.00141
1.00154
1.00168
1.00181
1.00192
1.00201
1.00208
1.00214
1.0022
1.00225
1.00229
1.00234
1.00238
1.00242
1.00246
1.0025
1.00253
1.00257
1.0026
1.00265
1.00268
1.00271
1.00274
1.00278
1.00281
1.00284
1.00287
1.0029
1.00293
1.00296
1.00298
1.00301
1.00303
1.00305
1.00307
1.00308
1.0031
1.00311
1.00311
1.00312
1.00312
1.00311
1.00311
1.00309
1.00308
1.00307
1.00305
1.00302
1.00299
1.00296
1.00292
1.00288
1.00283
1.00279
1.00274
1.0027
1.00265
1.00261
1.00257
1.00253
1.0025
1.00247
1.00245
1.00243
1.00242
1.00242
1.00242
1.00243
1.00244
1.00247
1.0025
1.00253
1.00257
1.00262
1.00266
1.00271
1.00276
1.00281
1.00286
1.0029
1.00294
1.00298
1.00302
1.00305
1.00307
1.00309
1.00311
1.00312
1.00312
1.00312
1.00312
1.00311
1.0031
1.00307
1.00307
1.00306
1.00304
1.00301
1.00299
1.00296
1.00293
1.0029
1.00288
1.00285
1.00283
1.00282
1.00281
1.0028
1.0028
1.0028
1.00281
1.00282
1.00284
1.00286
1.00288
1.00291
1.00294
1.00297
1.00301
1.00303
1.00308
1.00312
1.00316
1.00319
1.00321
1.00323
1.00324
1.00325
1.00326
1.00326
1.00325
1.00325
1.00324
1.00322
1.00321
1.00319
1.00317
1.00316
1.00314
1.00312
1.0031
1.00308
1.00306
1.00305
1.00303
1.00302
1.00303
1.00303
1.00304
1.00304
1.00305
1.00306
1.00307
1.00308
1.0031
1.00312
1.00313
1.00315
1.00317
1.00319
1.00321
1.00323
1.00325
1.00326
1.00328
1.00329
1.0033
1.00331
1.00332
1.00332
1.00332
1.00334
1.00334
1.00334
1.00334
1.00334
1.00333
1.00332
1.00331
1.0033
1.00329
1.00327
1.00326
1.00325
1.00324
1.00323
1.00322
1.00321
1.00321
1.00321
1.00321
1.00322
1.00322
1.00323
1.00324
1.00326
1.00326
1.00329
1.00331
1.00334
1.00336
1.00338
1.0034
1.00342
1.00343
1.00344
1.00345
1.00346
1.00346
1.00346
1.00346
1.00346
1.00346
1.00346
1.00345
1.00344
1.00343
1.00342
1.00342
1.00341
1.0034
1.00338
1.00339
1.00339
1.00339
1.00339
1.0034
1.0034
1.0034
1.00341
1.00341
1.00341
1.00342
1.00342
1.00343
1.00344
1.00344
1.00345
1.00346
1.00347
1.00348
1.00349
1.00349
1.0035
1.00351
1.00352
1.00352
1.00351
1.0013
1.00134
1.00143
1.00155
1.00167
1.00178
1.00188
1.00197
1.00204
1.0021
1.00216
1.00221
1.00225
1.0023
1.00234
1.00238
1.00241
1.00245
1.00248
1.00252
1.00255
1.00258
1.00261
1.00264
1.00266
1.00268
1.00271
1.00273
1.00275
1.00277
1.00278
1.0028
1.00281
1.00283
1.00284
1.00285
1.00286
1.00287
1.00288
1.00288
1.00289
1.00289
1.00289
1.00289
1.00288
1.00287
1.00287
1.00286
1.00284
1.00282
1.0028
1.00276
1.00273
1.00268
1.00264
1.00259
1.00253
1.00248
1.00242
1.00236
1.00231
1.00225
1.0022
1.00215
1.00211
1.00207
1.00204
1.00202
1.00201
1.00201
1.00201
1.00203
1.00205
1.00208
1.00212
1.00216
1.00221
1.00227
1.00233
1.0024
1.00246
1.00253
1.00259
1.00265
1.00271
1.00276
1.00281
1.00286
1.0029
1.00293
1.00295
1.00297
1.00298
1.00298
1.00297
1.00295
1.00295
1.00293
1.00291
1.00288
1.00285
1.00281
1.00277
1.00273
1.00269
1.00265
1.00261
1.00258
1.00256
1.00253
1.00252
1.00251
1.00251
1.00251
1.00252
1.00253
1.00256
1.00258
1.00261
1.00265
1.00269
1.00273
1.00279
1.00284
1.00289
1.00293
1.00297
1.00301
1.00303
1.00306
1.00307
1.00308
1.00309
1.00309
1.00309
1.00308
1.00307
1.00305
1.00304
1.00301
1.00299
1.00296
1.00293
1.00291
1.00288
1.00285
1.00283
1.0028
1.00281
1.0028
1.00279
1.00279
1.00279
1.00279
1.0028
1.00281
1.00282
1.00284
1.00286
1.00288
1.0029
1.00293
1.00295
1.00298
1.00301
1.00303
1.00306
1.00308
1.0031
1.00312
1.00313
1.00314
1.00314
1.00317
1.00317
1.00317
1.00317
1.00317
1.00316
1.00316
1.00314
1.00313
1.00311
1.0031
1.00308
1.00306
1.00304
1.00302
1.00301
1.00299
1.00298
1.00298
1.00298
1.00297
1.00298
1.00298
1.00299
1.003
1.00301
1.00304
1.00306
1.00309
1.00311
1.00314
1.00316
1.00319
1.00321
1.00323
1.00325
1.00326
1.00327
1.00328
1.00328
1.00329
1.00329
1.00328
1.00328
1.00327
1.00326
1.00325
1.00324
1.00323
1.00322
1.00319
1.0032
1.0032
1.00319
1.00318
1.00318
1.00317
1.00317
1.00317
1.00318
1.00318
1.00318
1.00319
1.00319
1.0032
1.00321
1.00322
1.00323
1.00324
1.00325
1.00326
1.00327
1.00328
1.00329
1.0033
1.00331
1.0033
1.00135
1.00138
1.00146
1.00155
1.00166
1.00175
1.00183
1.0019
1.00197
1.00202
1.00207
1.00211
1.00215
1.00218
1.00221
1.00224
1.00227
1.00229
1.00231
1.00233
1.00235
1.00237
1.00238
1.00239
1.0024
1.00241
1.00241
1.00242
1.00242
1.00243
1.00243
1.00243
1.00244
1.00244
1.00245
1.00245
1.00246
1.00247
1.00248
1.00249
1.0025
1.00252
1.00253
1.00254
1.00255
1.00256
1.00257
1.00258
1.00258
1.00257
1.00256
1.00255
1.00252
1.00249
1.00246
1.00241
1.00237
1.00231
1.00225
1.00219
1.00213
1.00206
1.002
1.00193
1.00187
1.00182
1.00177
1.00173
1.0017
1.00168
1.00167
1.00167
1.00168
1.0017
1.00173
1.00177
1.00182
1.00188
1.00194
1.00201
1.00209
1.00217
1.00225
1.00233
1.00241
1.00248
1.00256
1.00263
1.00269
1.00274
1.00279
1.00283
1.00285
1.00287
1.00287
1.00287
1.00287
1.00286
1.00284
1.00281
1.00277
1.00273
1.00268
1.00263
1.00258
1.00253
1.00248
1.00243
1.00239
1.00235
1.00232
1.00229
1.00227
1.00227
1.00227
1.00227
1.00229
1.00231
1.00234
1.00237
1.00241
1.00246
1.00253
1.00259
1.00265
1.0027
1.00276
1.0028
1.00284
1.00288
1.00291
1.00294
1.00295
1.00297
1.00297
1.00297
1.00297
1.00296
1.00294
1.00292
1.0029
1.00287
1.00283
1.0028
1.00277
1.00273
1.0027
1.00266
1.00265
1.00263
1.00261
1.0026
1.00259
1.00259
1.00259
1.00259
1.0026
1.00261
1.00263
1.00265
1.00268
1.0027
1.00273
1.00277
1.0028
1.00283
1.00286
1.0029
1.00293
1.00295
1.00298
1.003
1.00301
1.00304
1.00305
1.00305
1.00305
1.00305
1.00305
1.00304
1.00303
1.00301
1.00299
1.00297
1.00295
1.00293
1.0029
1.00288
1.00286
1.00284
1.00282
1.00281
1.00279
1.00279
1.00279
1.00279
1.00279
1.0028
1.00281
1.00284
1.00286
1.00289
1.00291
1.00294
1.00297
1.003
1.00302
1.00305
1.00307
1.0031
1.00311
1.00313
1.00314
1.00315
1.00315
1.00315
1.00315
1.00314
1.00314
1.00313
1.00312
1.00311
1.00309
1.00306
1.00306
1.00306
1.00305
1.00303
1.00302
1.00301
1.003
1.003
1.003
1.003
1.003
1.003
1.003
1.00301
1.00302
1.00303
1.00304
1.00305
1.00306
1.00308
1.00309
1.0031
1.00312
1.00313
1.00315
1.00314
1.0014
1.00143
1.00148
1.00154
1.0016
1.00166
1.00171
1.00175
1.00178
1.00181
1.00183
1.00185
1.00187
1.00188
1.00189
1.0019
1.0019
1.0019
1.0019
1.0019
1.00189
1.00189
1.00188
1.00187
1.00187
1.00185
1.00184
1.00183
1.00183
1.00182
1.00181
1.00181
1.00181
1.00182
1.00183
1.00184
1.00186
1.00188
1.00191
1.00194
1.00198
1.00202
1.00206
1.0021
1.00215
1.00218
1.00223
1.00227
1.0023
1.00232
1.00233
1.00234
1.00234
1.00233
1.00231
1.00228
1.00224
1.00219
1.00214
1.00208
1.00202
1.00195
1.00188
1.00181
1.00175
1.00168
1.00162
1.00157
1.00152
1.00148
1.00146
1.00145
1.00146
1.00146
1.00148
1.00151
1.00156
1.00161
1.00167
1.00174
1.00182
1.00191
1.002
1.00209
1.00218
1.00228
1.00237
1.00245
1.00253
1.0026
1.00267
1.00272
1.00277
1.0028
1.00282
1.00282
1.00283
1.00282
1.00281
1.00279
1.00275
1.00271
1.00266
1.0026
1.00254
1.00248
1.00242
1.00236
1.0023
1.00225
1.0022
1.00216
1.00213
1.00212
1.00211
1.00211
1.00211
1.00213
1.00215
1.00218
1.00222
1.00227
1.00234
1.00241
1.00248
1.00254
1.0026
1.00265
1.00271
1.00276
1.0028
1.00283
1.00286
1.00289
1.0029
1.00291
1.0029
1.0029
1.00289
1.00287
1.00285
1.00282
1.00279
1.00275
1.00271
1.00267
1.00263
1.00258
1.00257
1.00254
1.00251
1.00249
1.00247
1.00246
1.00245
1.00245
1.00246
1.00246
1.00248
1.0025
1.00252
1.00255
1.00258
1.00262
1.00265
1.00269
1.00273
1.00277
1.00281
1.00284
1.00287
1.0029
1.00292
1.00296
1.00298
1.00298
1.00298
1.00298
1.00298
1.00297
1.00296
1.00295
1.00293
1.00291
1.00288
1.00286
1.00283
1.0028
1.00277
1.00275
1.00272
1.0027
1.00269
1.00267
1.00267
1.00267
1.00267
1.00267
1.00268
1.00271
1.00273
1.00275
1.00278
1.00281
1.00284
1.00287
1.0029
1.00293
1.00296
1.00298
1.00301
1.00303
1.00304
1.00306
1.00307
1.00307
1.00307
1.00307
1.00306
1.00306
1.00305
1.00303
1.00302
1.00299
1.00299
1.00298
1.00296
1.00294
1.00293
1.00291
1.0029
1.00289
1.00288
1.00288
1.00288
1.00288
1.00288
1.00288
1.00289
1.0029
1.00291
1.00293
1.00294
1.00295
1.00297
1.00298
1.003
1.00302
1.00303
1.00303
1.00137
1.00138
1.00137
1.00137
1.00136
1.00136
1.00135
1.00135
1.00134
1.00133
1.00132
1.0013
1.00129
1.00127
1.00125
1.00123
1.00121
1.00119
1.00117
1.00114
1.00112
1.0011
1.00108
1.00105
1.00103
1.00102
1.001
1.00099
1.00098
1.00098
1.00098
1.00099
1.00101
1.00104
1.00107
1.00112
1.00117
1.00123
1.0013
1.00137
1.00145
1.00153
1.00161
1.0017
1.00178
1.00185
1.00193
1.002
1.00206
1.00211
1.00216
1.00219
1.00221
1.00222
1.00221
1.0022
1.00218
1.00214
1.0021
1.00205
1.00199
1.00192
1.00185
1.00178
1.00171
1.00165
1.00159
1.00153
1.00148
1.00144
1.00141
1.0014
1.0014
1.0014
1.00142
1.00144
1.00148
1.00153
1.00159
1.00166
1.00174
1.00182
1.00191
1.00201
1.00211
1.00221
1.0023
1.00239
1.00248
1.00256
1.00264
1.0027
1.00275
1.0028
1.00282
1.00283
1.00283
1.00283
1.00282
1.0028
1.00277
1.00273
1.00267
1.00262
1.00255
1.00249
1.00242
1.00235
1.00229
1.00223
1.00218
1.00213
1.00209
1.00207
1.00205
1.00205
1.00205
1.00206
1.00208
1.00211
1.00215
1.00219
1.00227
1.00233
1.0024
1.00247
1.00253
1.00259
1.00265
1.00271
1.00276
1.0028
1.00284
1.00286
1.00288
1.00289
1.0029
1.00289
1.00289
1.00287
1.00285
1.00282
1.00279
1.00275
1.00271
1.00267
1.00262
1.00258
1.00255
1.00251
1.00248
1.00245
1.00243
1.00241
1.0024
1.0024
1.0024
1.00241
1.00242
1.00244
1.00246
1.00249
1.00252
1.00256
1.0026
1.00264
1.00268
1.00272
1.00276
1.0028
1.00284
1.00287
1.00289
1.00294
1.00295
1.00297
1.00297
1.00297
1.00297
1.00296
1.00295
1.00294
1.00292
1.0029
1.00287
1.00284
1.00281
1.00278
1.00275
1.00272
1.0027
1.00267
1.00265
1.00263
1.00262
1.00262
1.00262
1.00262
1.00263
1.00265
1.00267
1.0027
1.00272
1.00275
1.00279
1.00282
1.00285
1.00288
1.00291
1.00294
1.00297
1.00299
1.00301
1.00303
1.00304
1.00304
1.00305
1.00305
1.00304
1.00304
1.00303
1.00302
1.003
1.00297
1.00297
1.00295
1.00293
1.00291
1.0029
1.00288
1.00286
1.00285
1.00284
1.00284
1.00283
1.00283
1.00283
1.00283
1.00284
1.00285
1.00286
1.00287
1.00289
1.0029
1.00292
1.00293
1.00295
1.00297
1.00299
1.00299
1.00022
1.00046
1.00061
1.00068
1.00072
1.00075
1.00077
1.0008
1.00082
1.00085
1.00007
1.00011
1.00015
1.00016
1.00015
1.00012
1.00007
1.00001
0.999928
0.999859
1
0.99995
0.999914
0.999855
0.999783
0.999702
0.999605
0.9995
0.999388
0.999282
0.999985
0.999886
0.999808
0.999722
0.999622
0.999519
0.999407
0.99929
0.999172
0.999065
0.999978
0.999862
0.999768
0.999671
0.999564
0.999457
0.999344
0.999229
0.999117
0.999011
0.999978
0.999863
0.999771
0.999682
0.99958
0.99948
0.999377
0.999273
0.999172
0.999076
0.999984
0.999887
0.999815
0.999743
0.999656
0.999572
0.999486
0.999399
0.999314
0.999234
1
0.999953
0.999924
0.999887
0.999839
0.999789
0.999734
0.999679
0.999627
0.999581
1.00007
1.00012
1.00017
1.0002
1.0002
1.0002
1.0002
1.00019
1.0002
1.00021
1.00022
1.00046
1.0006
1.00067
1.00071
1.00074
1.00077
1.00081
1.00086
1.00093
1.0008
1.00081
1.00079
1.00076
1.00072
1.00068
1.00064
1.0006
1.00057
1.00053
1.00049
1.00045
1.00041
1.00038
1.00034
1.0003
1.00027
1.00023
1.0002
1.00016
1.00014
1.00011
1.00009
1.00007
1.00006
1.00005
1.00005
1.00006
1.00008
1.0001
1.00014
1.00019
1.00025
1.00032
1.0004
1.00049
1.00059
1.0007
1.00082
1.00094
1.00107
1.00119
1.00132
1.00145
1.00158
1.00169
1.0018
1.00189
1.00197
1.00204
1.0021
1.00215
1.00219
1.00221
1.00222
1.00221
1.0022
1.00218
1.00214
1.0021
1.00205
1.002
1.00194
1.00188
1.00182
1.00176
1.0017
1.00165
1.0016
1.00157
1.00153
1.00153
1.00153
1.00153
1.00155
1.00157
1.00161
1.00166
1.00172
1.00178
1.00186
1.00194
1.00203
1.00212
1.00221
1.0023
1.0024
1.00249
1.00257
1.00265
1.00272
1.00278
1.00283
1.00286
1.00289
1.00289
1.00289
1.00289
1.00288
1.00286
1.00282
1.00278
1.00273
1.00267
1.0026
1.00254
1.00247
1.0024
1.00234
1.00228
1.00223
1.00218
1.00215
1.00212
1.00211
1.00211
1.00211
1.00212
1.00214
1.00216
1.0022
1.00225
1.00232
1.00238
1.00245
1.00252
1.00258
1.00264
1.0027
1.00275
1.0028
1.00285
1.00288
1.00291
1.00293
1.00294
1.00294
1.00294
1.00293
1.00292
1.0029
1.00287
1.00283
1.0028
1.00275
1.00271
1.00266
1.00263
1.0026
1.00256
1.00253
1.00249
1.00247
1.00245
1.00244
1.00244
1.00244
1.00245
1.00246
1.00248
1.0025
1.00253
1.00256
1.0026
1.00264
1.00268
1.00272
1.00276
1.0028
1.00284
1.00288
1.00291
1.00293
1.00298
1.00299
1.00301
1.00301
1.00301
1.00301
1.003
1.00299
1.00298
1.00296
1.00293
1.00291
1.00288
1.00285
1.00282
1.00279
1.00276
1.00273
1.00271
1.00269
1.00267
1.00266
1.00266
1.00266
1.00266
1.00266
1.00269
1.00271
1.00273
1.00276
1.00279
1.00282
1.00285
1.00289
1.00292
1.00295
1.00298
1.003
1.00303
1.00305
1.00306
1.00307
1.00308
1.00308
1.00308
1.00308
1.00307
1.00306
1.00305
1.00303
1.003
1.003
1.00298
1.00296
1.00294
1.00292
1.00291
1.00289
1.00288
1.00287
1.00287
1.00286
1.00286
1.00286
1.00286
1.00287
1.00288
1.00289
1.0029
1.00291
1.00293
1.00294
1.00296
1.00297
1.00299
1.00301
1.00301
0.999885
0.999934
0.999919
0.999893
0.999856
0.99981
0.999762
0.999713
0.999663
0.999613
0.999564
0.999516
0.999469
0.999425
0.999383
0.999343
0.999309
0.999278
0.999252
0.999225
0.999204
0.999199
0.999196
0.999199
0.99921
0.999231
0.999263
0.999306
0.999359
0.999432
0.999519
0.999619
0.999731
0.999857
0.999996
1.00015
1.00031
1.00047
1.00063
1.00079
1.00095
1.00111
1.00127
1.00142
1.00157
1.0017
1.00183
1.00195
1.00206
1.00216
1.00224
1.0023
1.00234
1.00236
1.00237
1.00236
1.00235
1.00233
1.0023
1.00226
1.00221
1.00216
1.00211
1.00206
1.00201
1.00196
1.00192
1.00188
1.00185
1.00183
1.00181
1.00181
1.00182
1.00183
1.00185
1.00189
1.00193
1.00198
1.00203
1.0021
1.00217
1.00224
1.00232
1.0024
1.00248
1.00256
1.00264
1.00271
1.00278
1.00284
1.0029
1.00294
1.00298
1.003
1.00301
1.00301
1.003
1.003
1.00298
1.00295
1.00291
1.00287
1.00281
1.00276
1.0027
1.00263
1.00257
1.00251
1.00246
1.00241
1.00236
1.00232
1.0023
1.00228
1.00227
1.00227
1.00228
1.00229
1.00231
1.00234
1.00238
1.00242
1.0025
1.00256
1.00262
1.00268
1.00273
1.00279
1.00284
1.00289
1.00293
1.00297
1.003
1.00302
1.00303
1.00304
1.00304
1.00303
1.00302
1.00301
1.00298
1.00295
1.00292
1.00288
1.00284
1.0028
1.00275
1.00273
1.00269
1.00266
1.00263
1.00261
1.00259
1.00258
1.00257
1.00257
1.00258
1.00258
1.0026
1.00262
1.00264
1.00267
1.0027
1.00274
1.00277
1.00281
1.00285
1.00289
1.00293
1.00296
1.00299
1.00302
1.00304
1.00308
1.00309
1.0031
1.0031
1.0031
1.0031
1.00309
1.00308
1.00307
1.00305
1.00302
1.003
1.00297
1.00294
1.00292
1.00289
1.00286
1.00284
1.00282
1.0028
1.00279
1.00278
1.00278
1.00278
1.00278
1.00279
1.00281
1.00283
1.00286
1.00289
1.00291
1.00294
1.00298
1.00301
1.00304
1.00306
1.00309
1.00311
1.00313
1.00315
1.00316
1.00317
1.00317
1.00317
1.00317
1.00317
1.00316
1.00315
1.00313
1.00311
1.00309
1.00308
1.00306
1.00305
1.00303
1.00301
1.003
1.00299
1.00298
1.00297
1.00297
1.00296
1.00296
1.00296
1.00297
1.00297
1.00298
1.00299
1.003
1.00302
1.00303
1.00304
1.00305
1.00307
1.00308
1.0031
1.0031
0.999228
0.999217
0.999192
0.99916
0.999121
0.999077
0.999029
0.998977
0.998924
0.998871
0.998819
0.998768
0.998721
0.998677
0.998639
0.998606
0.998581
0.99856
0.998545
0.998541
0.998552
0.998573
0.998599
0.998638
0.998692
0.99876
0.998846
0.99895
0.999064
0.999178
0.999301
0.999439
0.999595
0.999765
0.999946
1.00013
1.00033
1.00053
1.00075
1.00097
1.00118
1.00138
1.00157
1.00174
1.0019
1.00204
1.00217
1.00227
1.00236
1.00243
1.00249
1.00254
1.00257
1.00258
1.00258
1.00258
1.00257
1.00254
1.00252
1.00249
1.00245
1.00242
1.00238
1.00234
1.00231
1.00228
1.00226
1.00224
1.00223
1.00223
1.00222
1.00223
1.00225
1.00228
1.00231
1.00234
1.00239
1.00244
1.00249
1.00254
1.0026
1.00266
1.00272
1.00279
1.00285
1.00291
1.00297
1.00302
1.00306
1.0031
1.00313
1.00316
1.00317
1.00318
1.00317
1.00316
1.00314
1.00313
1.0031
1.00307
1.00303
1.00298
1.00294
1.00289
1.00283
1.00278
1.00273
1.00268
1.00264
1.0026
1.00257
1.00255
1.00254
1.00253
1.00253
1.00254
1.00255
1.00257
1.00259
1.00263
1.00266
1.0027
1.00276
1.00281
1.00287
1.00292
1.00297
1.00301
1.00305
1.00309
1.00312
1.00315
1.00317
1.00318
1.00319
1.00319
1.00318
1.00317
1.00316
1.00314
1.00311
1.00308
1.00304
1.00301
1.00297
1.00293
1.00289
1.00287
1.00285
1.00283
1.00281
1.00279
1.00278
1.00278
1.00278
1.00279
1.00279
1.00281
1.00283
1.00285
1.00287
1.0029
1.00293
1.00296
1.00299
1.00303
1.00306
1.00309
1.00312
1.00315
1.00317
1.00319
1.0032
1.00323
1.00324
1.00324
1.00324
1.00324
1.00324
1.00323
1.00322
1.0032
1.00318
1.00316
1.00314
1.00311
1.00309
1.00307
1.00305
1.00303
1.00301
1.00299
1.00298
1.00297
1.00297
1.00297
1.00297
1.00298
1.00299
1.00301
1.00304
1.00306
1.00309
1.00312
1.00314
1.00317
1.0032
1.00322
1.00325
1.00327
1.00328
1.0033
1.00331
1.00331
1.00332
1.00332
1.00331
1.00331
1.0033
1.00329
1.00328
1.00326
1.00325
1.00322
1.0032
1.0032
1.00319
1.00317
1.00316
1.00315
1.00314
1.00314
1.00313
1.00313
1.00313
1.00313
1.00314
1.00314
1.00315
1.00315
1.00316
1.00317
1.00318
1.00319
1.0032
1.00321
1.00322
1.00324
1.00324
1.00324
0.998973
0.998916
0.998853
0.998797
0.998738
0.998676
0.998612
0.998549
0.998488
0.998431
0.998378
0.998331
0.99829
0.998257
0.998234
0.998231
0.998237
0.998252
0.998267
0.998278
0.998308
0.998358
0.998422
0.998501
0.998598
0.998708
0.998833
0.998969
0.999125
0.999309
0.999517
0.999737
0.999964
1.0002
1.00043
1.00067
1.0009
1.00113
1.00135
1.00155
1.00175
1.00193
1.00209
1.00224
1.00237
1.00248
1.00259
1.00267
1.00274
1.0028
1.00284
1.00286
1.00288
1.00288
1.00287
1.00286
1.00285
1.00283
1.00281
1.00279
1.00277
1.00275
1.00273
1.00272
1.00271
1.0027
1.00269
1.0027
1.0027
1.00271
1.00272
1.00274
1.00277
1.0028
1.00283
1.00287
1.00291
1.00295
1.00299
1.00303
1.00307
1.00312
1.00316
1.0032
1.00324
1.00327
1.0033
1.00333
1.00335
1.00337
1.00338
1.00338
1.00338
1.00337
1.00335
1.00333
1.0033
1.00328
1.00325
1.00322
1.00318
1.00314
1.00311
1.00307
1.00303
1.00299
1.00296
1.00293
1.0029
1.00288
1.00286
1.00286
1.00285
1.00286
1.00286
1.00288
1.0029
1.00292
1.00294
1.00297
1.00301
1.00303
1.00308
1.00312
1.00316
1.0032
1.00324
1.00327
1.00331
1.00333
1.00335
1.00337
1.00337
1.00338
1.00337
1.00337
1.00336
1.00334
1.00332
1.0033
1.00327
1.00325
1.00322
1.00319
1.00316
1.00312
1.00308
1.00309
1.00307
1.00307
1.00306
1.00305
1.00305
1.00305
1.00306
1.00307
1.00309
1.0031
1.00312
1.00314
1.00316
1.00319
1.00321
1.00324
1.00327
1.00329
1.00332
1.00334
1.00336
1.00338
1.00339
1.0034
1.0034
1.00342
1.00343
1.00343
1.00343
1.00343
1.00342
1.00341
1.0034
1.00338
1.00337
1.00335
1.00333
1.00331
1.00329
1.00328
1.00326
1.00325
1.00324
1.00323
1.00323
1.00322
1.00323
1.00323
1.00324
1.00325
1.00325
1.00328
1.0033
1.00333
1.00335
1.00338
1.0034
1.00342
1.00344
1.00346
1.00347
1.00349
1.0035
1.0035
1.00351
1.00351
1.0035
1.0035
1.0035
1.00349
1.00348
1.00347
1.00345
1.00344
1.00342
1.0034
1.00338
1.00338
1.00338
1.00337
1.00336
1.00336
1.00336
1.00335
1.00335
1.00335
1.00335
1.00336
1.00336
1.00337
1.00337
1.00338
1.00338
1.00339
1.0034
1.00341
1.00341
1.00342
1.00343
1.00343
1.00343
1.00342
0.998916
0.998829
0.998749
0.998674
0.9986
0.998531
0.998467
0.998407
0.998353
0.998306
0.998267
0.998236
0.998215
0.998209
0.998212
0.998223
0.998241
0.998275
0.998334
0.99842
0.998528
0.99865
0.998783
0.998928
0.99909
0.999263
0.999452
0.999654
0.999871
1.00009
1.00032
1.00055
1.00079
1.00103
1.00126
1.00149
1.0017
1.00191
1.0021
1.00228
1.00244
1.00259
1.00271
1.00282
1.0029
1.00297
1.00304
1.00309
1.00313
1.00315
1.00317
1.00318
1.00318
1.00318
1.00318
1.00317
1.00316
1.00316
1.00315
1.00314
1.00314
1.00314
1.00314
1.00314
1.00315
1.00316
1.00317
1.00318
1.00319
1.00321
1.00322
1.00326
1.00328
1.00331
1.00334
1.00337
1.00339
1.00342
1.00344
1.00347
1.00349
1.00351
1.00354
1.00356
1.00357
1.00359
1.0036
1.0036
1.00361
1.0036
1.0036
1.00359
1.00358
1.00356
1.00354
1.00351
1.00347
1.00346
1.00343
1.00341
1.00338
1.00336
1.00333
1.00331
1.00328
1.00326
1.00324
1.00323
1.00322
1.00321
1.00321
1.00321
1.00322
1.00323
1.00324
1.00326
1.00328
1.0033
1.00332
1.00335
1.00337
1.00338
1.00341
1.00344
1.00347
1.0035
1.00353
1.00355
1.00357
1.00359
1.0036
1.0036
1.0036
1.0036
1.00359
1.00358
1.00356
1.00355
1.00353
1.0035
1.00348
1.00346
1.00344
1.00342
1.0034
1.00337
1.00335
1.00336
1.00336
1.00336
1.00336
1.00337
1.00337
1.00338
1.00339
1.00341
1.00342
1.00344
1.00346
1.00347
1.00349
1.00351
1.00353
1.00355
1.00357
1.00359
1.0036
1.00362
1.00363
1.00364
1.00364
1.00364
1.00363
1.00365
1.00365
1.00366
1.00366
1.00366
1.00365
1.00364
1.00363
1.00361
1.0036
1.00358
1.00357
1.00356
1.00355
1.00354
1.00353
1.00352
1.00352
1.00352
1.00352
1.00352
1.00353
1.00353
1.00354
1.00355
1.00355
1.00358
1.00361
1.00363
1.00365
1.00367
1.00368
1.0037
1.00371
1.00372
1.00373
1.00373
1.00373
1.00373
1.00373
1.00373
1.00372
1.00371
1.0037
1.0037
1.00369
1.00367
1.00366
1.00365
1.00364
1.00362
1.0036
1.00361
1.00361
1.00361
1.00361
1.00361
1.00361
1.00361
1.00361
1.00361
1.00361
1.00362
1.00362
1.00362
1.00362
1.00363
1.00363
1.00363
1.00364
1.00364
1.00365
1.00365
1.00365
1.00365
1.00364
1.00363
0.998987
0.998906
0.998833
0.998766
0.998703
0.998647
0.998597
0.998557
0.998524
0.998501
0.998499
0.998506
0.998525
0.99856
0.998612
0.998682
0.998771
0.99888
0.999005
0.999137
0.999291
0.999462
0.999644
0.999838
1.00005
1.00026
1.00048
1.00071
1.00094
1.00117
1.0014
1.00162
1.00183
1.00204
1.00223
1.00241
1.00257
1.00272
1.00285
1.00297
1.00307
1.00315
1.00322
1.00328
1.00332
1.00336
1.0034
1.00343
1.00345
1.00346
1.00347
1.00347
1.00348
1.00348
1.00348
1.00348
1.00349
1.00349
1.0035
1.0035
1.00351
1.00352
1.00354
1.00355
1.00356
1.00358
1.00359
1.00361
1.00363
1.00365
1.00365
1.00369
1.00371
1.00373
1.00375
1.00376
1.00377
1.00378
1.00379
1.0038
1.00381
1.00382
1.00382
1.00383
1.00383
1.00383
1.00383
1.00383
1.00382
1.00381
1.0038
1.00379
1.00377
1.00375
1.00373
1.00371
1.00367
1.00367
1.00365
1.00364
1.00363
1.00362
1.00361
1.0036
1.00359
1.00358
1.00357
1.00357
1.00357
1.00357
1.00358
1.00358
1.00359
1.00361
1.00362
1.00364
1.00365
1.00367
1.00369
1.0037
1.00371
1.0037
1.00372
1.00374
1.00377
1.00379
1.00381
1.00383
1.00384
1.00384
1.00384
1.00384
1.00384
1.00383
1.00382
1.00381
1.00379
1.00378
1.00376
1.00374
1.00373
1.00371
1.0037
1.00369
1.00368
1.00367
1.00366
1.00368
1.00368
1.00369
1.0037
1.00371
1.00372
1.00374
1.00375
1.00376
1.00377
1.00378
1.0038
1.00381
1.00382
1.00384
1.00385
1.00386
1.00387
1.00388
1.00389
1.0039
1.0039
1.0039
1.0039
1.0039
1.00388
1.0039
1.00391
1.00391
1.00391
1.00391
1.0039
1.00389
1.00388
1.00387
1.00386
1.00386
1.00385
1.00384
1.00383
1.00383
1.00383
1.00383
1.00383
1.00383
1.00384
1.00384
1.00385
1.00386
1.00386
1.00387
1.00388
1.0039
1.00392
1.00394
1.00395
1.00396
1.00397
1.00398
1.00398
1.00398
1.00398
1.00398
1.00398
1.00397
1.00396
1.00396
1.00395
1.00394
1.00394
1.00393
1.00392
1.00391
1.0039
1.00389
1.00388
1.00387
1.00386
1.00387
1.00387
1.00388
1.00388
1.00389
1.00389
1.00389
1.00389
1.00389
1.00389
1.00389
1.00389
1.00388
1.00388
1.00388
1.00388
1.00389
1.00389
1.00389
1.00389
1.00388
1.00388
1.00388
1.00387
1.00384
0.999159
0.999093
0.999036
0.998989
0.998951
0.998926
0.998925
0.998933
0.998957
0.998998
0.999057
0.999136
0.999232
0.999346
0.999476
0.999621
0.99978
0.999949
1.00013
1.00032
1.00052
1.00073
1.00093
1.00114
1.00134
1.00154
1.00174
1.00193
1.00212
1.00229
1.00246
1.00262
1.00277
1.0029
1.00302
1.00313
1.00323
1.00331
1.00339
1.00345
1.0035
1.00354
1.00358
1.0036
1.00361
1.00364
1.00366
1.00368
1.00369
1.00371
1.00371
1.00372
1.00373
1.00374
1.00375
1.00376
1.00377
1.00378
1.0038
1.00381
1.00383
1.00384
1.00386
1.00387
1.00389
1.0039
1.00392
1.00393
1.00394
1.00396
1.00396
1.00399
1.00401
1.00402
1.00402
1.00402
1.00402
1.00402
1.00403
1.00403
1.00403
1.00403
1.00403
1.00403
1.00403
1.00402
1.00402
1.00401
1.00401
1.004
1.00399
1.00398
1.00397
1.00395
1.00394
1.00392
1.00389
1.0039
1.0039
1.0039
1.0039
1.0039
1.0039
1.0039
1.0039
1.0039
1.0039
1.0039
1.00391
1.00391
1.00392
1.00393
1.00394
1.00395
1.00396
1.00397
1.00398
1.004
1.00401
1.00401
1.00401
1.00398
1.00401
1.00402
1.00404
1.00406
1.00407
1.00409
1.00409
1.00409
1.00409
1.00409
1.00408
1.00407
1.00406
1.00405
1.00404
1.00403
1.00402
1.00401
1.004
1.004
1.004
1.004
1.00399
1.00399
1.00398
1.00401
1.00402
1.00404
1.00405
1.00406
1.00407
1.00408
1.00408
1.00409
1.0041
1.00411
1.00411
1.00412
1.00413
1.00414
1.00415
1.00415
1.00416
1.00416
1.00417
1.00417
1.00417
1.00417
1.00417
1.00416
1.00414
1.00416
1.00417
1.00418
1.00418
1.00418
1.00417
1.00417
1.00416
1.00415
1.00414
1.00414
1.00414
1.00413
1.00413
1.00413
1.00413
1.00414
1.00414
1.00415
1.00415
1.00416
1.00416
1.00417
1.00417
1.00417
1.00419
1.00421
1.00422
1.00423
1.00424
1.00424
1.00424
1.00424
1.00424
1.00423
1.00423
1.00422
1.00421
1.00421
1.0042
1.0042
1.00419
1.00418
1.00418
1.00417
1.00417
1.00416
1.00416
1.00415
1.00414
1.00413
1.00412
1.00414
1.00415
1.00416
1.00416
1.00416
1.00416
1.00416
1.00415
1.00415
1.00414
1.00414
1.00414
1.00413
1.00413
1.00413
1.00413
1.00412
1.00412
1.00412
1.00412
1.00411
1.00411
1.0041
1.00409
1.00406
0.999544
0.999521
0.999522
0.999535
0.999565
0.999614
0.999683
0.999772
0.99988
1
1.00015
1.0003
1.00046
1.00064
1.00082
1.001
1.00118
1.00137
1.00155
1.00172
1.00189
1.00206
1.00222
1.00238
1.00252
1.00266
1.00279
1.00291
1.00303
1.00313
1.00323
1.00331
1.00339
1.00346
1.00352
1.00358
1.00362
1.00366
1.00369
1.00372
1.00375
1.00377
1.00378
1.00379
1.00379
1.00382
1.00384
1.00386
1.00388
1.00389
1.0039
1.00391
1.00392
1.00394
1.00395
1.00396
1.00398
1.00399
1.00401
1.00402
1.00404
1.00405
1.00407
1.00408
1.00409
1.0041
1.00411
1.00412
1.00413
1.00414
1.00414
1.00417
1.00418
1.00418
1.00418
1.00418
1.00417
1.00417
1.00417
1.00418
1.00418
1.00418
1.00418
1.00418
1.00418
1.00418
1.00418
1.00417
1.00417
1.00417
1.00416
1.00416
1.00416
1.00415
1.00415
1.00414
1.00412
1.00414
1.00415
1.00416
1.00416
1.00417
1.00417
1.00417
1.00418
1.00418
1.00418
1.00419
1.00419
1.0042
1.00421
1.00422
1.00423
1.00423
1.00424
1.00425
1.00426
1.00426
1.00427
1.00427
1.00425
1.00422
1.00425
1.00426
1.00429
1.0043
1.00432
1.00432
1.00432
1.00432
1.00432
1.00431
1.0043
1.0043
1.00429
1.00429
1.00428
1.00428
1.00428
1.00428
1.00428
1.00428
1.00429
1.00429
1.00429
1.0043
1.00429
1.00432
1.00434
1.00435
1.00436
1.00436
1.00436
1.00437
1.00437
1.00437
1.00438
1.00438
1.00439
1.00439
1.0044
1.0044
1.00441
1.00441
1.00441
1.00441
1.00442
1.00442
1.00442
1.00442
1.00441
1.00441
1.00439
1.00442
1.00443
1.00444
1.00444
1.00443
1.00443
1.00442
1.00442
1.00441
1.00441
1.00441
1.00441
1.00441
1.00441
1.00442
1.00442
1.00442
1.00443
1.00443
1.00443
1.00444
1.00444
1.00444
1.00444
1.00443
1.00446
1.00447
1.00448
1.00448
1.00448
1.00448
1.00447
1.00446
1.00446
1.00445
1.00444
1.00444
1.00443
1.00443
1.00443
1.00442
1.00442
1.00441
1.00441
1.00441
1.0044
1.0044
1.00439
1.00439
1.00438
1.00438
1.00436
1.00439
1.0044
1.0044
1.0044
1.0044
1.00439
1.00439
1.00438
1.00437
1.00437
1.00436
1.00435
1.00435
1.00435
1.00434
1.00434
1.00434
1.00433
1.00433
1.00432
1.00431
1.00431
1.0043
1.00428
1.00425
1.00024
1.00029
1.00036
1.00046
1.00057
1.0007
1.00085
1.00101
1.00118
1.00135
1.00153
1.00171
1.00188
1.00205
1.0022
1.00235
1.00249
1.00262
1.00274
1.00284
1.00295
1.00305
1.00314
1.00322
1.00329
1.00336
1.00342
1.00348
1.00353
1.00358
1.00362
1.00366
1.00369
1.00372
1.00375
1.00377
1.00379
1.00381
1.00383
1.00384
1.00386
1.00387
1.00388
1.00389
1.00389
1.00393
1.00395
1.00397
1.00398
1.004
1.00401
1.00402
1.00404
1.00405
1.00407
1.00408
1.0041
1.00411
1.00412
1.00414
1.00415
1.00416
1.00417
1.00418
1.00419
1.0042
1.00421
1.00422
1.00422
1.00423
1.00423
1.00426
1.00427
1.00426
1.00426
1.00426
1.00426
1.00426
1.00427
1.00428
1.00428
1.00429
1.00429
1.00429
1.0043
1.0043
1.0043
1.0043
1.00431
1.00431
1.00431
1.00431
1.00431
1.00432
1.00432
1.00431
1.0043
1.00433
1.00435
1.00436
1.00437
1.00437
1.00438
1.00438
1.00438
1.00439
1.00439
1.0044
1.00441
1.00441
1.00442
1.00443
1.00443
1.00444
1.00445
1.00445
1.00446
1.00446
1.00446
1.00446
1.00444
1.00441
1.00445
1.00447
1.00449
1.0045
1.0045
1.00451
1.0045
1.0045
1.0045
1.00449
1.00449
1.00449
1.00449
1.00449
1.00449
1.0045
1.0045
1.00451
1.00451
1.00452
1.00452
1.00453
1.00453
1.00454
1.00453
1.00457
1.00458
1.00459
1.00459
1.00458
1.00458
1.00458
1.00458
1.00459
1.00459
1.00459
1.0046
1.0046
1.0046
1.00461
1.00461
1.00461
1.00461
1.00461
1.00462
1.00462
1.00462
1.00462
1.00461
1.00461
1.0046
1.00463
1.00465
1.00465
1.00465
1.00464
1.00463
1.00463
1.00463
1.00462
1.00463
1.00463
1.00463
1.00463
1.00464
1.00464
1.00464
1.00464
1.00465
1.00465
1.00465
1.00465
1.00465
1.00465
1.00464
1.00463
1.00467
1.00468
1.00468
1.00467
1.00466
1.00465
1.00464
1.00464
1.00463
1.00462
1.00462
1.00462
1.00462
1.00461
1.00461
1.00461
1.00461
1.0046
1.0046
1.0046
1.00459
1.00459
1.00459
1.00458
1.00458
1.00457
1.00455
1.00459
1.00459
1.00459
1.00459
1.00458
1.00457
1.00456
1.00455
1.00454
1.00453
1.00453
1.00452
1.00452
1.00451
1.00451
1.0045
1.0045
1.00449
1.00449
1.00448
1.00447
1.00447
1.00445
1.00443
1.00439
1.00102
1.00113
1.00125
1.0014
1.00155
1.00172
1.00189
1.00206
1.00223
1.0024
1.00255
1.0027
1.00283
1.00294
1.00305
1.00314
1.00322
1.00329
1.00335
1.00339
1.00345
1.0035
1.00354
1.00357
1.0036
1.00363
1.00366
1.00368
1.00371
1.00373
1.00375
1.00376
1.00378
1.0038
1.00381
1.00382
1.00384
1.00385
1.00387
1.00388
1.0039
1.00391
1.00392
1.00393
1.00393
1.00398
1.004
1.00401
1.00403
1.00404
1.00406
1.00407
1.00409
1.0041
1.00412
1.00413
1.00414
1.00416
1.00417
1.00418
1.00419
1.0042
1.00421
1.00422
1.00423
1.00424
1.00424
1.00425
1.00426
1.00426
1.00426
1.0043
1.0043
1.0043
1.00429
1.0043
1.0043
1.00431
1.00432
1.00433
1.00434
1.00434
1.00435
1.00436
1.00436
1.00437
1.00437
1.00438
1.00438
1.00439
1.0044
1.0044
1.00441
1.00441
1.00442
1.00441
1.0044
1.00445
1.00447
1.00448
1.00448
1.00449
1.00449
1.00449
1.0045
1.00451
1.00451
1.00452
1.00453
1.00453
1.00454
1.00454
1.00455
1.00455
1.00456
1.00456
1.00457
1.00457
1.00457
1.00456
1.00455
1.00453
1.00459
1.0046
1.00461
1.00461
1.00461
1.00461
1.00461
1.0046
1.0046
1.0046
1.0046
1.00461
1.00461
1.00462
1.00462
1.00463
1.00464
1.00464
1.00465
1.00466
1.00466
1.00467
1.00467
1.00467
1.00467
1.00471
1.00472
1.00472
1.00471
1.00471
1.0047
1.0047
1.0047
1.00471
1.00471
1.00471
1.00472
1.00472
1.00472
1.00473
1.00473
1.00473
1.00473
1.00473
1.00473
1.00473
1.00473
1.00473
1.00473
1.00473
1.00472
1.00477
1.00477
1.00477
1.00476
1.00476
1.00475
1.00475
1.00475
1.00475
1.00475
1.00475
1.00476
1.00476
1.00476
1.00477
1.00477
1.00477
1.00477
1.00477
1.00477
1.00477
1.00477
1.00476
1.00475
1.00474
1.00479
1.00479
1.00478
1.00477
1.00476
1.00475
1.00474
1.00473
1.00473
1.00473
1.00473
1.00472
1.00472
1.00472
1.00472
1.00472
1.00471
1.00471
1.00471
1.00471
1.0047
1.0047
1.00469
1.00469
1.00468
1.00468
1.00466
1.0047
1.0047
1.0047
1.00468
1.00467
1.00466
1.00465
1.00464
1.00463
1.00463
1.00462
1.00462
1.00461
1.00461
1.0046
1.0046
1.00459
1.00458
1.00458
1.00457
1.00456
1.00455
1.00454
1.00452
1.00448
)
;

boundaryField
{
    inlet
    {
        type            fixedValue;
        value           uniform 1;
    }
    outlet
    {
        type            zeroGradient;
    }
    walls
    {
        type            zeroGradient;
    }
    symwall
    {
        type            empty;
    }
}


// ************************************************************************* //
