/*--------------------------------*- C++ -*----------------------------------*\
  =========                 |
  \\      /  F ield         | OpenFOAM: The Open Source CFD Toolbox
   \\    /   O peration     | Website:  https://openfoam.org
    \\  /    A nd           | Version:  12
     \\/     M anipulation  |
\*---------------------------------------------------------------------------*/
FoamFile
{
    format      ascii;
    class       volScalarField;
    location    "0.018";
    object      epsilon;
}
// * * * * * * * * * * * * * * * * * * * * * * * * * * * * * * * * * * * * * //

dimensions      [0 2 -3 0 0 0 0];

internalField   nonuniform List<scalar> 
3584
(
14470.7
14470.9
14470.9
14470.9
14470.9
14470.9
14470.9
14470.9
14470.8
14470.8
14470.8
14470.8
14470.8
14470.7
14470.5
14470.2
14469.5
14467.9
14463.7
14452.2
14419.5
14347
14268.8
14232.4
14224.9
14224.2
14224.1
14224.1
14224.1
14224.1
14224.2
14224.2
14470.7
14470.9
14470.9
14470.9
14470.9
14470.9
14470.9
14470.9
14470.9
14470.9
14470.8
14470.8
14470.8
14470.7
14470.5
14470.2
14469.5
14467.8
14463.6
14452.2
14419.4
14346.9
14268.9
14232.4
14224.9
14224.2
14224.2
14224.1
14224.1
14224.2
14224.2
14224.2
14470.6
14470.8
14470.8
14470.8
14470.8
14470.8
14470.8
14470.8
14470.8
14470.8
14470.8
14470.8
14470.7
14470.6
14470.5
14470.2
14469.5
14467.9
14463.6
14452.2
14419.4
14346.8
14268.8
14232.4
14224.9
14224.2
14224.1
14224.1
14224.1
14224.1
14224.1
14224.2
14470.6
14470.8
14470.8
14470.8
14470.8
14470.8
14470.7
14470.7
14470.7
14470.7
14470.7
14470.7
14470.7
14470.6
14470.4
14470.1
14469.4
14467.8
14463.6
14452.1
14419.2
14346.8
14268.7
14232.3
14224.8
14224.2
14224.1
14224.1
14224.1
14224.2
14224.1
14224.1
14470.5
14470.7
14470.7
14470.7
14470.7
14470.7
14470.7
14470.7
14470.7
14470.6
14470.6
14470.6
14470.5
14470.4
14470.3
14470
14469.3
14467.7
14463.4
14451.9
14419.1
14346.5
14268.5
14232.2
14224.7
14224
14224
14224
14224.1
14224.1
14224.5
14224.5
14469.8
14469.9
14469.9
14469.9
14469.9
14469.9
14469.9
14469.9
14469.9
14469.9
14469.9
14469.9
14469.8
14469.7
14469.5
14469.1
14468.5
14466.9
14462.8
14451.4
14418.9
14347.1
14269.6
14232.9
14224.8
14223.7
14223.4
14223.9
14224.2
14224.8
14223.5
14223.9
14467.8
14468
14468
14468
14467.9
14467.9
14467.9
14467.9
14467.8
14467.7
14467.6
14467.5
14467.3
14467.1
14466.8
14466.4
14465.7
14464.2
14460.8
14452.2
14426.1
14362.2
14287.7
14242.8
14226.8
14222
14221.9
14223.9
14223.1
14223.1
14223.8
14223.9
14468.7
14468.9
14468.9
14468.8
14468.8
14468.8
14468.8
14468.8
14468.7
14468.6
14468.5
14468.4
14468.4
14468.5
14469
14470
14472
14476.5
14487
14507
14526.2
14493.2
14414
14299.5
14233.1
14213.2
14221.4
14222.5
14224.9
14223.5
14224.1
14224
14745.9
14746.1
14746.1
14746.2
14746.2
14746.3
14746.4
14746.7
14747
14747.6
14748.5
14750
14752.5
14756.7
14763.8
14776.8
14802.3
14853.6
14961.7
15140.6
15291.4
15201.8
14896.5
14462.1
14232.6
14209.3
14218.8
14226.2
14225.5
14224.2
14224.7
14224.2
16165.6
16165.9
16166.1
16166.3
16166.6
16167
16167.6
16168.6
16170.2
16173
16177.8
16186.1
16200.5
16225.7
16269.9
16348.2
16490.7
16759.5
17252.8
17807.5
17821.5
17140.8
15966
14755
14232.5
14208
14224
14224.7
14224.8
14225
14224.4
14224.4
20240.1
20240.8
20241.3
20241.9
20242.7
20243.9
20245.6
20248.4
20252.8
20259.9
20271.7
20291.2
20324.4
20383.2
20490.7
20694.3
21094.4
21884.1
23099.2
23698.4
22702.7
20645.1
17564.4
14996.4
14198
14205.7
14223.5
14222.3
14224.2
14224.8
14224.4
14224.1
27143
27145
27146.3
27148
27150.2
27153.5
27158.5
27166.7
27180.1
27202.3
27239.4
27302.1
27410.3
27600.7
27945.6
28593.7
29876.6
32047.8
34083
33602.5
30769.1
26012.6
19077.8
14687.1
14164.9
14204.7
14220.7
14223
14223
14223.9
14223.7
14223.9
38375.6
38378.9
38381.8
38385.3
38389.9
38396.5
38406.7
38422.9
38450
38495.6
38573.6
38708.2
38944.1
39368.4
40167.8
41817.8
45067.6
49390.9
51456
48457.1
41475.8
30749.1
17406.3
14432
14151.3
14204.1
14218.4
14225.4
14223.4
14223.4
14223.7
14224.2
55493.6
55499.3
55505.3
55512.3
55521.1
55533.3
55551.5
55580.2
55627.7
55708.2
55848.3
56098.1
56558
57477.9
59595.7
64561.9
72797.7
79114.3
77898.9
67875.6
50433.1
27528.5
16056.1
14285.2
14153.6
14205
14220.5
14225.4
14224.1
14224
14224.1
14224.5
79908.7
79919.5
79931.5
79945.5
79963.4
79988.4
80026.3
80087.4
80190.6
80369.8
80690.8
81299.1
82594.8
85840.5
94175.3
109578
124773
128163
115046
87670.3
46266.4
22482.4
15256.7
14173.1
14161
14206.2
14223.5
14223.9
14225.2
14224.9
14224.6
14224.2
110907
110929
110952
110980
111017
111070
111153
111292
111538
111995
112911
114979
120403
135005
164521
196510
210450
197857
154185
86001.4
37053.4
19504.7
14802.2
14100.6
14162.8
14209.7
14222.1
14222.5
14224.2
14224.6
14224.2
14223.9
149954
150000
150053
150118
150207
150343
150570
150973
151738
153311
156943
166581
193061
248565
313769
344635
328530
273663
167103
69851.5
29787.7
17740.4
14447.4
14066.3
14166.5
14210
14219.1
14223.1
14223.2
14223.6
14223.7
14224
201934
202043
202179
202361
202635
203087
203886
205393
208466
215460
233554
282926
389192
517674
581755
553192
456951
313464
144721
52531.4
24843.4
16479.2
14184.5
14070.9
14174.3
14210.6
14219.7
14224
14224.3
14223.7
14223.9
14224
274016
274300
274677
275227
276133
277742
280781
286949
300740
335393
426934
625899
866739
996314
942258
775397
540864
274762
96006.8
38894.2
21863.7
15607.5
14052.3
14095.6
14181.9
14211.5
14220.5
14225.6
14225.1
14224.4
14224.6
14224
378267
379109
380286
382162
385484
391811
404766
433886
506880
695053
1064840
1490210
1694020
1594710
1275750
880557
465303
170050
63497.8
32612.2
20004.7
15068.8
14017.5
14128.6
14188.9
14212.4
14223.4
14225
14224.2
14224.8
14224.5
14224.2
570764
573851
578437
586310
601338
632534
703584
880268
1309360
2084400
2819490
3021890
2661390
2107270
1341910
671954
248327
106504
51784.3
29196.3
18886.4
14812.6
14055.1
14155.3
14194
14213.5
14222.5
14223
14223.3
14224.3
14223.9
14224.4
1079860
1096610
1122700
1171140
1272250
1501110
2037070
3141890
4685640
5828900
5941700
4718530
3250780
1894040
791818
295434
146277
86824.6
47335
27110.8
18152.2
14703.7
14129.8
14175.7
14198.8
14214.3
14220.4
14223
14223.7
14223.5
14223.8
14224
3398440
3584540
3859830
4369210
5359310
7157560
9896050
12505700
13882600
12369700
9203190
5222690
2487410
747223
301797
177251
122293
80718.9
44623.2
25795.4
17634.5
14666.5
14196.4
14189.6
14205.4
14215.2
14221.1
14223.9
14224.3
14223.8
14224.1
14224
32114600
33133700
34187000
35432200
37199500
39332300
41248100
38453400
29579900
17488100
7949610
2284120
606692
300779
213703
159757
117730
78023.3
43203.1
24886.5
17211.9
14676.8
14239.9
14199.5
14205.4
14215.8
14223
14225.4
14224.7
14224.3
14224.5
14224.2
2047870000
679645000
405993000
298381000
243872000
200167000
142690000
81813300
31194700
8079730
1581870
576569
339420
263352
207013
157611
116853
79090.7
41766
24140.8
16861.7
14675.5
14251.7
14203.2
14206
14217.7
14224
14224.8
14224.5
14224.7
14224.4
14224.4
670972000
1108220000
524705000
255452000
140415000
82586000
48772700
28402400
14309500
4850770
1271530
502339
324544
261600
210304
161073
117912
82194.6
40935.6
23418.8
16568
14637.3
14250.6
14205.8
14207.1
14218.6
14222.6
14223.2
14224.2
14224.2
14224
14224.3
979790000
1795670000
834981000
367049000
173100000
89544100
49325700
28074400
14745500
5399700
1455270
516470
330640
268538
216859
165395
121175
85634.8
40026.9
22585.7
16260.4
14560.3
14241.2
14206.1
14208.2
14218.1
14222.3
14223.3
14223.9
14223.8
14223.9
14224
1124970000
2060090000
1020950000
455142000
211753000
105073000
55867000
31118100
16218000
6319670
1795320
580384
348378
281950
228194
172862
127711
90706.8
39514.3
21825.5
15926.5
14481.2
14232.5
14206.6
14209.3
14218.5
14222.7
14224.6
14224.1
14224.2
14224.1
14224
1190120000
2146500000
1138110000
518871000
245089000
122477000
64229000
34848200
18222400
7584330
2264740
690375
378101
302302
244203
184101
135678
95195
39263.1
21086.4
15593.4
14406.9
14224.8
14207
14210.5
14218.9
14223.1
14224.9
14224.3
14224.4
14224.3
14224.1
1204070000
2133290000
1205730000
561694000
268674000
135209000
70896800
38092900
20305300
9383830
2960130
830098
424187
329650
265696
199135
145233
99976.3
39165.1
20306.8
15287.8
14344.5
14219.8
14208.2
14211.3
14219.4
14224.1
14223.9
14224.1
14224.1
14224.2
14224.3
1243390000
2178030000
1289500000
611453000
295811000
150043000
79261500
43062900
23264100
11067300
3639900
985571
478828
372196
290514
215748
156364
104860
39322.4
19468.4
15020.7
14296.6
14216.3
14210
14212.4
14219.8
14223.8
14223.4
14224.1
14224
14224
14224.4
1293600000
2261420000
1372020000
658257000
321029000
163622000
86590200
47014300
25393000
12149000
4016080
1098370
530898
418579
326906
234063
168159
109279
38622.4
18590.4
14789.9
14264.1
14214.8
14211.4
14213.6
14220.1
14223.3
14223.8
14224.2
14224.2
14224.1
14224.7
1337240000
2354440000
1432980000
692074000
339330000
173309000
91344500
48854800
25588100
11860600
3976540
1170340
591752
474505
379108
259938
182592
115166
37090.4
17734.1
14610.5
14243.1
14215
14213.2
14214.3
14220.7
14223.7
14223.9
14224.2
14224.2
14224.1
14227.1
1372190000
2461350000
1471280000
711888000
349989000
178692000
93576800
49258700
25033200
11057000
3662140
1195510
654388
526141
422452
298031
199117
120073
35544.9
16978
14474
14230.3
14216
14215.2
14215
14221
14223.9
14224.3
14224.1
14224.1
14224.2
14235.4
1358670000
2464300000
1458380000
707308000
349278000
179244000
94304600
49737800
25136300
10914100
3654510
1285370
743092
599720
480985
335230
221794
125387
33959.4
16308.6
14382.3
14224.8
14214.5
14214.7
14217.7
14221.6
14223.6
14224.4
14224.1
14224.1
14224.3
14244.3
1437630000
2660980000
1533110000
741916000
367179000
189095000
99707100
52392600
25954900
10746600
3589080
1405140
876930
710570
552420
373577
256852
132233
32307.4
15721.9
14320.7
14222.4
14214.7
14215
14219.1
14222.6
14223.6
14224.3
14224.2
14224.1
14224.3
14253.7
1576030000
3145340000
1633430000
774260000
378976000
192832000
100012000
51122800
23887000
9104990
3112400
1438320
1020460
837474
634732
429738
277822
140134
30671.9
15240.3
14278.4
14219
14214.9
14218
14218.6
14222.2
14223.7
14224
14224.2
14224.2
14224.3
14263.9
1477120000
3043610000
1517090000
713972000
349101000
177550000
91595600
45920900
20521900
7602730
2896070
1580880
1206810
981782
712793
460289
284454
144888
28958
14831.2
14252.3
14218.4
14215.6
14217.5
14219.2
14222.3
14224.1
14224
14224.1
14224.2
14224.5
14274.7
1488250000
3128070000
1520400000
711084000
346860000
176057000
90043100
43761900
18407800
6809340
2952700
1869480
1492330
1187830
828646
519725
289980
139172
27125.2
14541.6
14238.6
14218.2
14217.3
14217.8
14219.7
14222.6
14224
14224.2
14224.2
14224.1
14224.7
14286.3
1579760000
3594670000
1603430000
732921000
352268000
175356000
85985900
38131500
14536600
5739780
3094610
2271430
1851050
1425910
951642
580118
298876
129047
25548.4
14367.9
14231.9
14220.1
14218.7
14218.5
14220.2
14222.9
14223.9
14224.2
14224.2
14224.1
14224.9
14298.7
1495990000
3494840000
1510280000
682641000
324011000
157072000
72348200
29444500
11450300
5426570
3502520
2757740
2226520
1643300
1056480
596861
285539
115118
24343.7
14278.4
14229.2
14220.5
14219.2
14219.4
14221
14223.1
14223.9
14224.1
14224.1
14224.2
14225.1
14311.7
1515560000
3786120000
1532730000
674558000
309337000
140664000
58536900
22727800
9947720
5723230
4202890
3405750
2658260
1866020
1154250
592728
261495
96257.3
23380.7
14255.3
14228.3
14221.4
14220.4
14220.6
14221.8
14223.3
14224
14224.1
14224.1
14224.2
14225.4
14325.5
1385030000
3746680000
1411800000
599356000
260255000
108530000
42661700
18057100
9576770
6478920
5117680
4130770
3079400
2058710
1173380
549767
225657
72701.8
20825.5
14247.5
14227.9
14222.7
14221.9
14222
14222.6
14223.5
14224
14224.1
14224.2
14224.2
14225.8
14339.7
1247550000
3614280000
1274340000
513732000
205646000
79908800
32878400
16419000
10304100
7726730
6287600
4928220
3485420
2157850
1117860
487659
174474
47381.6
17400.9
14242.3
14227.7
14223.7
14223
14222.9
14223.3
14223.7
14224
14224.1
14224.2
14224.2
14226.3
14354.5
1072050000
3359510000
1098190000
409267000
152783000
60906200
28846200
16891700
11865500
9374720
7626870
5729370
3829720
2146990
1013490
404133
112838
28777.8
15367.1
14239.2
14227.6
14224.3
14223.6
14223.5
14223.7
14224
14224.1
14224.1
14224.1
14224.2
14226.8
14369.7
903393000
3009580000
910027000
312126000
115592000
51248000
28171700
18569800
13972500
11283000
9043290
6470360
3933790
2012400
874483
283224
61120.3
18670.8
14535.2
14237.5
14227.4
14224.6
14224
14223.8
14223.9
14224
14224.1
14224.1
14224.2
14224.2
14227.4
14384.9
740955000
2605960000
731528000
238989000
95791200
48534700
29776700
21098700
16439300
13288700
10454800
6938660
3802650
1832730
666021
143289
26713.9
15023.2
14304.9
14236.4
14227.1
14224.8
14224.2
14224
14224
14224.1
14224.1
14224.1
14224.2
14224.3
14228
14400
586694000
2123150000
569975000
191451000
86164600
48638500
32225900
23947600
18916800
15120600
11625300
7054360
3584600
1528290
347383
41609.8
15901
14341.8
14260.2
14235
14226.9
14224.9
14224.3
14224.1
14224.1
14224.1
14224.1
14224.1
14224.2
14224.3
14228.7
14414.8
451049000
1544520000
426946000
161952000
81879800
50078700
35030500
26830500
21106400
16559200
12347700
6958040
3285090
869003
73706.9
16564.8
14495.7
14277
14246.2
14232.6
14226.8
14225
14224.4
14224.2
14224.2
14224.1
14224.1
14224.2
14224.2
14224.3
14229.4
14429.1
404022000
1049550000
323951000
142518000
79625100
51910400
37845900
29401200
22625000
17318600
12824100
6834310
2491390
209950
20830.4
14764.9
14346.2
14261.6
14239.9
14231
14226.7
14225.1
14224.5
14224.2
14224.2
14224.2
14224.2
14224.2
14224.2
14224.4
14230.1
14442.6
2815960000
1094230000
307562000
138311000
79810700
53748200
40069900
30823200
22847700
17720200
13609800
6201250
933652
53411.3
16076.5
14470.9
14302.7
14254.1
14237.1
14230
14226.7
14225.1
14224.5
14224.3
14224.2
14224.2
14224.2
14224.2
14224.2
14224.4
14230.8
14455.3
2433350000
885893000
268934000
128843000
77706100
54338100
40875000
30525900
22301900
18486700
14440200
3610200
233225
24521.1
15013.6
14393.2
14286
14250.6
14235.9
14229.5
14226.6
14225.2
14224.5
14224.3
14224.2
14224.2
14224.2
14224.2
14224.2
14224.5
14231.5
14466.8
2088730000
710020000
233115000
118116000
74497000
53666800
40121500
29016100
21856600
19737700
13011800
1522930
85638.5
18817.1
14759.5
14366.3
14281.4
14249
14235.4
14229.3
14226.5
14225.2
14224.6
14224.3
14224.2
14224.2
14224.2
14224.2
14224.2
14224.5
14232.1
14477
1804710000
568068000
201508000
107794000
70739300
51965000
38275000
27533200
22180700
20918000
9127430
737225
53469.1
17281
14663
14357.7
14279.1
14248.6
14235.1
14229.1
14226.4
14225.2
14224.6
14224.4
14224.2
14224.2
14224.2
14224.2
14224.2
14224.5
14232.7
14486
1564810000
457189000
176947000
99432300
67103500
49397100
36221300
26767800
23410500
22141400
6977180
470986
42455.9
16672
14616.3
14350.7
14277.6
14247.8
14234.8
14229
14226.4
14225.2
14224.7
14224.4
14224.3
14224.2
14224.2
14224.2
14224.2
14224.6
14233.2
14493.6
1378120000
390960000
165187000
94363000
63338900
47052000
35176600
26691000
24065100
21513000
6077640
391010
37996.6
16358.2
14588.2
14346.5
14276.4
14247.5
14234.6
14228.9
14226.3
14225.2
14224.7
14224.4
14224.3
14224.2
14224.2
14224.2
14224.2
14224.6
14233.6
14499.8
1666220000
410814000
164290000
92252400
62596100
46691100
34929500
26542700
24043700
22052800
5822080
366783
36503
16244.9
14577.3
14345.1
14276.1
14247.4
14234.6
14228.9
14226.3
14225.2
14224.7
14224.4
14224.3
14224.2
14224.2
14224.2
14224.2
14224.6
14233.9
14504.6
1862960000
476738000
187293000
100178000
65639600
47954900
35399100
26300000
23598200
24020400
7380840
433888
38578.8
16325.5
14581.5
14345.8
14276.5
14247.6
14234.8
14229
14226.4
14225.3
14224.7
14224.4
14224.3
14224.2
14224.2
14224.2
14224.2
14224.6
14234.2
14508
1997130000
529840000
215830000
115260000
72299800
51238600
37148400
26593600
22952100
25299200
9375080
570028
44390.4
16662.6
14614.4
14353.5
14279.5
14249.1
14235.6
14229.6
14226.8
14225.5
14224.8
14224.4
14224.3
14224.2
14224.2
14224.2
14224.2
14224.7
14234.3
14509.9
2116560000
566159000
243265000
132001000
82033000
56582300
41116700
28749700
22357400
23056700
15164400
1103570
60618.9
17436.7
14671.6
14363.7
14283.5
14251
14236.7
14230.1
14227.1
14225.6
14224.7
14224.4
14224.3
14224.2
14224.2
14224.2
14224.2
14224.7
14234.3
14510.2
2229930000
586704000
268569000
148927000
92353100
63123300
46265100
33356000
23731300
22731000
25358900
3208660
118657
19341
14780.5
14381.6
14289.1
14253.5
14237.9
14230.8
14227.5
14225.7
14224.7
14224.4
14224.3
14224.2
14224.2
14224.2
14224.2
14224.7
14234.3
14509.1
2015890000
546086000
264984000
151697000
95539800
65582700
48534400
36593100
25215700
20559300
22960000
8827940
408899
26563.3
15079.5
14409.6
14297.4
14256.8
14239.5
14231.7
14227.9
14225.7
14224.7
14224.4
14224.3
14224.2
14224.2
14224.2
14224.2
14224.6
14234.1
14506.4
1757590000
524866000
244769000
138982000
87234100
59498000
44025200
34399200
26111900
18970000
18873800
15187200
1623500
51524.7
15884.1
14472.3
14310.8
14261.7
14241.7
14232.8
14228.2
14225.8
14224.7
14224.4
14224.3
14224.2
14224.2
14224.2
14224.2
14224.6
14233.8
14502.4
1385210000
512923000
218223000
120685000
75114800
50809500
37193800
29239800
23591900
18197600
16631800
15306500
5715190
174679
19099.8
14642.9
14334.9
14269.2
14245
14234.3
14228.3
14225.8
14224.8
14224.4
14224.3
14224.2
14224.2
14224.2
14224.2
14224.6
14233.4
14497.1
394370000
459621000
186756000
102046000
63175700
42473400
30800800
24069200
19828400
16305600
14779000
13387700
9672170
896286
34016.6
15278
14397.4
14283.8
14251.1
14236.4
14228.6
14225.9
14224.8
14224.4
14224.3
14224.2
14224.2
14224.2
14224.2
14224.6
14233
14490.6
271029000
480681000
182493000
92980000
55040000
35921000
25435300
19514100
16086100
13837100
12782100
11646900
9009400
3678410
154002
18380.2
14554.4
14313.9
14263.6
14238.7
14229.3
14226.1
14224.9
14224.4
14224.3
14224.2
14224.2
14224.2
14224.2
14224.5
14232.5
14483.1
221576000
575790000
203332000
92153700
50404800
31202500
21279100
15863200
12899200
11289800
10641400
9988320
8012980
4886490
1499590
42302.7
15172.4
14383.6
14283.4
14241.7
14230.6
14226.4
14225
14224.5
14224.3
14224.2
14224.2
14224.2
14224.2
14224.5
14232
14474.7
226877000
740469000
248058000
99645000
49245300
28374500
18350900
13127400
10369900
9007050
8510100
8154070
6982760
4637580
2370490
369512
19457.5
14536
14315.2
14247.2
14232.4
14227.1
14225.2
14224.6
14224.3
14224.2
14224.2
14224.2
14224.2
14224.5
14231.4
14465.7
261505000
913444000
308389000
117159000
52595900
27602400
16547600
11181400
8456540
7144490
6659270
6454650
5804930
4165040
2437650
956394
67027.8
15128.3
14364.7
14258.1
14235.5
14228.1
14225.6
14224.7
14224.4
14224.2
14224.2
14224.2
14224.2
14224.4
14230.8
14456.1
297934000
1039800000
363278000
139447000
59394300
28668300
15807600
9913500
7061120
5703370
5171990
5015180
4677230
3628840
2311360
1266650
265075
22316
14426.9
14274.5
14239.7
14229.5
14226.1
14224.9
14224.4
14224.3
14224.2
14224.2
14224.2
14224.4
14230.3
14446.3
331703000
1136780000
409875000
163602000
69507900
31583800
15914500
9143910
6053790
4614470
4021230
3854720
3685770
3014200
2082670
1245040
528788
48622.2
14485.8
14289.3
14243.8
14230.9
14226.5
14225
14224.5
14224.3
14224.2
14224.2
14224.2
14224.4
14229.7
14436.3
367051000
1233700000
453988000
188151000
82312700
36912600
17388800
9035980
5410420
3818710
3155270
2953490
2864030
2450300
1783890
1143190
642329
108978
14561.3
14298.7
14246.8
14231.9
14226.9
14225.2
14224.5
14224.3
14224.2
14224.2
14224.2
14224.3
14229.2
14426.4
405213000
1330150000
495683000
210958000
95389800
43617800
19952300
9565540
5164460
3305040
2539200
2284990
2217840
1970620
1498230
1029050
619173
178923
14699.8
14305.6
14248.9
14232.6
14227.1
14225.2
14224.6
14224.3
14224.2
14224.2
14224.2
14224.3
14228.7
14416.6
440801000
1411250000
531224000
230092000
106868000
50541900
23475800
10862600
5348540
3049330
2128130
1806510
1729030
1581350
1250260
887937
562544
220380
14918
14314.5
14251.3
14233.3
14227.4
14225.3
14224.6
14224.3
14224.2
14224.2
14224.2
14224.3
14228.3
14407
464824000
1452460000
551585000
241663000
114388000
55854900
26826800
12432000
5790330
2985020
1878050
1481200
1377570
1281200
1047740
766507
514874
246521
15204.6
14328.1
14254.2
14234.1
14227.6
14225.4
14224.6
14224.3
14224.2
14224.2
14224.2
14224.3
14227.9
14397.8
475174000
1456850000
557104000
245807000
117749000
58867100
29363000
14003800
6377650
3035580
1726950
1258430
1127800
1058750
891133
669930
466487
253850
15593.1
14347.7
14257.7
14235
14227.9
14225.5
14224.7
14224.4
14224.2
14224.2
14224.2
14224.3
14227.5
14388.9
452938000
1368770000
525368000
232471000
111995000
56779500
29190900
14597100
6885070
3197200
1674730
1118430
953317
892699
767940
590548
408404
242492
16001.1
14374.8
14262.4
14236
14228.2
14225.6
14224.7
14224.4
14224.2
14224.2
14224.2
14224.2
14227.1
14380.3
437633000
1315910000
504421000
222855000
107247000
54472900
28270700
14451200
6993340
3231420
1603260
999365
816827
760924
663588
517861
356445
233045
16472.3
14410.7
14266.8
14236.8
14228.4
14225.8
14224.8
14224.4
14224.2
14224.2
14224.2
14224.2
14226.8
14372.2
422300000
1264190000
482810000
212625000
102017000
51752600
26944200
13927800
6855860
3183320
1538890
915667
718807
658480
575874
446955
319859
224059
17722.4
14454.4
14271.2
14237.4
14228.6
14225.8
14224.8
14224.4
14224.2
14224.2
14224.2
14224.2
14226.6
14364.5
409675000
1225610000
464555000
203375000
97017400
48996500
25486000
13269600
6642900
3114610
1472520
839142
640212
577427
500211
388285
293981
215452
20555.5
14497.9
14273.8
14237.7
14228.6
14225.9
14224.9
14224.4
14224.3
14224.2
14224.2
14224.2
14226.3
14357.2
401766000
1202560000
450833000
195759000
92567300
46313800
23845900
12275600
6083430
2851320
1355970
771774
581122
512494
435687
349026
271395
207424
23863.8
14603.6
14278.2
14238
14228.7
14226
14224.9
14224.5
14224.3
14224.2
14224.2
14224.2
14226.1
14350.3
394246000
1181990000
436414000
187450000
87672100
43377100
22053600
11194100
5499080
2583280
1235980
703946
527598
458208
389108
320627
251478
196431
25817.4
14805.4
14287.8
14238.8
14228.8
14226.2
14225
14224.5
14224.3
14224.2
14224.1
14224.2
14225.9
14343.7
386226000
1161190000
420047000
177863000
81972800
39942400
19979100
10050500
4912040
2271890
1089010
636321
481384
414023
357891
296084
234901
183561
27457.7
15102.1
14303.1
14240.6
14229
14226.3
14225.2
14224.6
14224.3
14224.2
14224.1
14224.2
14225.7
14337.4
377370000
1140130000
401193000
166566000
75058400
35657500
17486100
8674810
4162960
1932280
948874
570813
439142
383811
332557
274437
220000
172621
28901.2
15561.9
14331.3
14243.4
14229.3
14226.7
14225.5
14224.6
14224.3
14224.2
14224.2
14224.2
14225.5
14331.5
372909000
1141340000
385967000
155088000
67019200
30821800
14957600
7354700
3496070
1606940
806365
508333
409315
360015
310939
255984
206595
163458
31990.6
16194.4
14383.6
14247.5
14229.9
14227.4
14225.9
14224.8
14224.2
14224.2
14224.2
14224.2
14225.4
14325.8
369460000
1151880000
367907000
141011000
59373200
27979000
13677700
6294890
2774730
1275640
676558
463970
386286
340200
292794
240821
194743
155530
37275.1
17161.1
14469.5
14255.1
14230.7
14228.6
14226.6
14224.9
14224.3
14224.2
14224
14224.2
14225.2
14320.2
395996000
1329700000
376577000
132446000
46967300
17785100
8511620
4423560
2070210
1004070
591837
434561
367493
323504
278098
229212
184178
147116
43103
19219.9
14649.7
14269.3
14232.4
14230
14227.9
14225.2
14224.2
14224.2
14224.1
14224.2
14225.1
14314.9
429528000
1011900000
387285000
173537000
75427900
24718100
7523990
3144730
1561250
853914
542571
411005
350709
309594
265577
218903
175237
138806
47735.7
22584.2
15001.5
14296.6
14235
14231.5
14229.3
14225.5
14224.3
14224.2
14224.3
14224.1
14225
14309.9
31290300
30562900
25488400
19333400
13122300
7470980
4006040
2313420
1370480
789146
517269
391579
334675
296014
254463
210159
167885
131723
51887.5
26173
15631.4
14348.9
14239.4
14233
14230.8
14226.1
14224.4
14224.2
14224.4
14224.1
14225
14305
3350620
3310690
3208320
2963340
2600090
2155580
1715780
1337300
1008380
725750
498376
385744
323040
282986
243757
202117
161932
125867
56014.8
31747.5
16897
14460.6
14247.3
14235
14232
14226.3
14224.1
14224
14224
14224.3
14224.9
14300.3
1073740
1068970
1056290
1029130
984512
923042
848433
764311
669433
564614
456851
374260
315584
272907
233890
194681
156545
121141
59908.2
35272.8
19192.2
14694.4
14264.7
14237.5
14233
14226.5
14224.2
14224.1
14223.9
14224.4
14224.7
14295.6
569506
568531
565950
560367
550440
535123
514323
488459
457664
421433
379425
337630
300832
262744
225924
187829
151654
117363
62949.9
36897.1
23545.4
15197.8
14299.5
14241.2
14234.1
14226.5
14224.5
14224.5
14224.2
14224.2
14224.5
14291
377901
377604
376842
375197
372166
367181
359850
350192
338237
323659
307102
288311
267499
245517
215456
182081
146949
113767
65081.7
38444.5
29031.3
16143.7
14373.7
14246.3
14235.4
14226.5
14224.1
14224.1
14224.4
14223.9
14224.5
14286.8
273902
273811
273617
273158
272270
270734
268327
264942
260608
255063
247511
238527
228022
214283
197810
172124
142570
110664
66622.2
39880.1
29373.7
17365.8
14497.7
14255.4
14236.8
14226.5
14224.2
14223.7
14224.2
14224
14224.7
14282.7
201897
201868
201816
201695
201439
200971
200200
199052
197493
195497
192937
189577
184856
177835
167849
154720
132423
107416
67726.6
41220.1
29681.8
19181.1
14719
14269.5
14238.3
14226.5
14224.7
14224.3
14224.1
14224.4
14224.7
14278.3
149942
149932
149915
149884
149809
149662
149411
149025
148490
147801
146897
145579
143481
140077
134702
126615
114967
99624.3
68434.9
42367.8
29878.9
21390.9
15047.4
14294.7
14240.3
14226.6
14224.2
14224.5
14224.2
14224.4
14224.1
14274.2
110903
110899
110894
110884
110865
110821
110740
110605
110405
110127
109745
109172
108231
106634
103985
99751.5
93343.7
84915.9
64273.2
42886.6
29813.7
21710.9
15450.8
14328.8
14242.1
14226.6
14223.6
14223.7
14224.3
14223.8
14224.2
14270.6
79907.4
79905.9
79903.6
79899.1
79891.7
79875.3
79842
79783.7
79691.3
79554.9
79358.8
79067.6
78603.8
77821.9
76486.3
74269.5
70647.8
64708.9
53484.7
39853.1
29543.3
21920.8
16090.2
14387.2
14245
14226.6
14224.9
14223.8
14223.9
14223.9
14224.8
14266.6
55492.7
55491.8
55490.3
55487.7
55483.1
55472
55450.3
55412.7
55352.3
55261.8
55132.5
54949.7
54679.2
54251.7
53557.4
52406.8
50440.6
46936
41089
33651.2
27641.6
21893.8
16549.5
14474.5
14249.1
14226.9
14225.7
14224.7
14224.1
14224.6
14224.5
14262.4
38374.7
38374.7
38373.9
38372.2
38369.1
38362.1
38349.1
38326.5
38289.8
38233.5
38148.3
38014.9
37808.2
37520.2
37116.4
36474.6
35377.4
33652.3
30953.9
27140.1
23684.8
20667.8
16659.7
14612.8
14253.4
14226.5
14223.2
14224.2
14224.4
14224.5
14223.8
14258.9
27142.2
27142.1
27141.2
27139.1
27134.7
27126.6
27112.4
27088.4
27049.5
26990.5
26907.7
26801.8
26673.2
26494.9
26184.8
25736
25169.2
24336.5
23201.4
21669.3
19937.9
18294.2
16331
14721.4
14258.6
14227.2
14222.5
14223.4
14223.8
14223.7
14224.2
14255.6
20239.8
20239.4
20238.3
20236.2
20232.2
20225.3
20213.2
20192.8
20159.2
20106.7
20029.8
19928
19808.4
19676.9
19509.1
19276.8
19016.7
18685.1
18226.6
17642.5
16966.5
16299.4
15452.9
14679.6
14263.5
14227.6
14226
14224.8
14224.3
14223.6
14224.7
14251.6
16165.5
16165.2
16164.7
16163.8
16162.1
16159.1
16154
16145.4
16131.5
16110.3
16080.3
16042.4
15999.8
15956.4
15913.7
15867.5
15806.3
15713.8
15569.6
15371.5
15188.6
14974.3
14699.7
14435.2
14268.5
14228
14227
14224.9
14224.5
14224.5
14224.3
14247.8
14745.7
14745.3
14744.6
14743.5
14741.4
14737.8
14731.8
14721.8
14705.7
14680.9
14645.8
14602
14557
14522.2
14502.8
14492.2
14480.9
14465.4
14454.2
14434.9
14404.8
14368.2
14335.2
14283.9
14247.7
14228.1
14222.5
14222.2
14223.8
14225
14223.7
14244.7
14468.5
14468.1
14467.5
14466.3
14464.3
14460.9
14455.2
14445.7
14430.4
14406.9
14373.6
14332.3
14289.8
14257
14241
14239
14240.9
14243.7
14245.8
14246.1
14245
14244.6
14246.7
14238.6
14231.8
14227.2
14224.8
14224.7
14224.3
14224.2
14224.2
14241.4
14467.6
14467.2
14466.6
14465.4
14463.4
14460.1
14454.4
14444.9
14429.7
14406.3
14373.3
14332.2
14289.9
14256.2
14236.8
14229.3
14227.4
14227.1
14227.2
14227.3
14227.5
14227.7
14227.8
14226.8
14225.9
14225.1
14224.6
14224.3
14224.1
14223
14224.6
14238
14469.6
14469.2
14468.6
14467.4
14465.4
14462
14456.3
14446.8
14431.5
14408
14374.7
14333
14289.6
14254.6
14234.3
14226.3
14224.2
14224
14224.1
14224.2
14224.3
14224.3
14224.4
14224.4
14224.5
14224.5
14224.4
14224.2
14224.2
14224.5
14224
14234.3
14470.3
14470
14469.3
14468.1
14466.2
14462.8
14457.1
14447.6
14432.3
14408.8
14375.5
14333.8
14290.3
14255.1
14234.6
14226.6
14224.6
14224.2
14224.2
14224.2
14224.2
14224.1
14224.1
14224.2
14224.2
14224.2
14224.2
14224.2
14224.1
14224.1
14224.1
14230.6
14470.4
14470
14469.4
14468.2
14466.2
14462.8
14457.1
14447.6
14432.3
14408.9
14375.5
14333.8
14290.2
14255
14234.6
14226.5
14224.5
14224.2
14224.1
14224.1
14224.2
14224.2
14224.2
14224.2
14224.2
14224.2
14224.2
14224.2
14224.2
14224.2
14224.2
14226.2
14470.5
14470.1
14469.4
14468.3
14466.3
14462.9
14457.2
14447.7
14432.4
14408.9
14375.6
14333.9
14290.3
14255.1
14234.6
14226.5
14224.5
14224.2
14224.2
14224.2
14224.2
14224.2
14224.2
14224.2
14224.2
14224.2
14224.2
14224.2
14224.2
14224.2
14224.3
14242.8
14470.5
14470.2
14469.5
14468.3
14466.3
14463
14457.3
14447.8
14432.5
14409
14375.7
14333.9
14290.4
14255.2
14234.6
14226.6
14224.5
14224.2
14224.1
14224.1
14224.2
14224.2
14224.2
14224.2
14224.2
14224.2
14224.2
14224.2
14224.2
14224.2
14224.5
14276.8
14470.5
14470.1
14469.5
14468.3
14466.3
14463
14457.2
14447.8
14432.5
14409
14375.7
14334
14290.4
14255.2
14234.6
14226.6
14224.5
14224.2
14224.1
14224.1
14224.1
14224.1
14224.1
14224.1
14224.2
14224.2
14224.2
14224.2
14224.2
14224.2
14224.6
14279.5
)
;

boundaryField
{
    QUAD_bdy____1
    {
        type            empty;
    }
    QUAD_bdy____2
    {
        type            empty;
    }
    QUAD_bdy____3
    {
        type            inletOutlet;
        inletValue      uniform 25000;
        value           nonuniform List<scalar> 
32
(
14470.7
14470.9
14470.9
14470.9
14470.9
14470.9
14470.9
14470.9
14470.8
14470.8
14470.8
14470.8
14470.8
14470.7
14470.5
14470.2
14469.5
14467.9
14463.7
14452.2
14419.5
14347
14268.8
14232.4
14224.9
14224.2
14224.1
14224.1
14224.1
14224.1
14224.2
14224.2
)
;
    }
    QUAD_bdy____4
    {
        type            inletOutlet;
        inletValue      uniform 25000;
        value           nonuniform List<scalar> 
32
(
14470.5
14470.1
14469.5
14468.3
14466.3
14463
14457.2
14447.8
14432.5
14409
14375.7
14334
14290.4
14255.2
14234.6
14226.6
14224.5
14224.2
14224.1
14224.1
14224.1
14224.1
14224.1
14224.1
14224.2
14224.2
14224.2
14224.2
14224.2
14224.2
14224.6
14279.5
)
;
    }
    QUAD_bdy____5
    {
        type            epsilonWallFunction;
        value           nonuniform List<scalar> 
64
(
2047870000
670972000
979790000
1124970000
1190120000
1204070000
1243390000
1293600000
1337240000
1372190000
1358670000
1437630000
1576030000
1477120000
1488250000
1579760000
1495990000
1515560000
1385030000
1247550000
1072050000
903393000
740955000
586694000
451049000
404022000
2815960000
2433350000
2088730000
1804710000
1564810000
1378120000
1666220000
1862960000
1997130000
2116560000
2229930000
2015890000
1757590000
1385210000
394370000
271029000
221576000
226877000
261505000
297934000
331703000
367051000
405213000
440801000
464824000
475174000
452938000
437633000
422300000
409675000
401766000
394246000
386226000
377370000
372909000
369460000
395996000
429528000
)
;
    }
    QUAD_bdy____6
    {
        type            inletOutlet;
        inletValue      uniform 25000;
        value           nonuniform List<scalar> 
112
(
14224.2
14224.2
14224.2
14224.1
14224.5
14223.9
14223.9
14224
14224.2
14224.4
14224.1
14223.9
14224.2
14224.5
14224.2
14223.9
14224
14224
14224
14224.2
14224.4
14224
14224
14224.2
14224.4
14224.3
14224
14224
14224.1
14224.3
14224.4
14224.7
25000
25000
25000
25000
25000
25000
25000
25000
25000
25000
25000
25000
25000
25000
25000
25000
25000
25000
25000
25000
25000
25000
25000
25000
25000
25000
25000
25000
25000
25000
25000
25000
25000
25000
25000
25000
25000
25000
25000
25000
25000
25000
25000
25000
25000
25000
25000
25000
25000
25000
25000
25000
25000
25000
25000
25000
25000
25000
25000
25000
25000
25000
25000
25000
25000
25000
25000
25000
25000
25000
25000
25000
25000
25000
25000
25000
25000
25000
25000
25000
)
;
    }
}


// ************************************************************************* //
