/*--------------------------------*- C++ -*----------------------------------*\
  =========                 |
  \\      /  F ield         | OpenFOAM: The Open Source CFD Toolbox
   \\    /   O peration     | Website:  https://openfoam.org
    \\  /    A nd           | Version:  12
     \\/     M anipulation  |
\*---------------------------------------------------------------------------*/
FoamFile
{
    format      ascii;
    class       surfaceScalarField;
    location    "0.018";
    object      phi;
}
// * * * * * * * * * * * * * * * * * * * * * * * * * * * * * * * * * * * * * //

dimensions      [1 0 -1 0 0 0 0];

internalField   nonuniform List<scalar> 
7048
(
29694.2
-0.00590256
-29694.2
29694.2
-0.0102194
29694.2
-0.0176935
29694.2
-0.0306337
29694.2
-0.0530377
29694.2
-0.0918272
29694.2
-0.158985
29694.2
-0.27526
29694.1
-0.476574
29694.1
-0.825119
29694.1
-1.42857
29694.1
-2.47338
29694
-4.28242
29693.9
-7.41528
29693.9
-12.8406
29694
-22.235
29693.8
-38.5033
29692.3
-66.6495
29690.6
-115.358
29693.4
-199.641
29698.1
-345.628
29692.8
-599.173
29695.2
-1037.12
29707.8
-1794.17
29682.6
-3107.6
29703.5
-5380.8
29698.2
-9315.04
29703.4
-16126.3
29707.1
-27918.6
29719.5
-48344.1
29762.1
-83716.2
-145048
19421.3
-0.00590259
-19421.3
19421.3
-0.0102196
19421.3
-0.0176941
19421.3
-0.0306353
19421.3
-0.0530415
19421.3
-0.0918351
19421.3
-0.159002
19421.3
-0.275293
19421.3
-0.476638
19421.3
-0.825244
19421.4
-1.42882
19421.4
-2.47383
19421.4
-4.28315
19421.5
-7.41578
19421.6
-12.8395
19422.1
-22.2274
19422.9
-38.477
19422.4
-66.6435
19420
-115.375
19423.6
-199.816
19414.9
-345.889
19424.3
-598.899
19427.9
-1037.1
19421.8
-1796.2
19422.8
-3108.54
19430.3
-5382.38
19431.5
-9319.62
19435.8
-16132.3
19447.4
-27925.6
19474
-48386.8
19532.7
-83778.8
-145077
12702.6
-0.00590263
-12702.6
12702.6
-0.01022
12702.6
-0.0176951
12702.6
-0.0306378
12702.6
-0.053047
12702.6
-0.091847
12702.6
-0.159026
12702.6
-0.275342
12702.6
-0.476734
12702.6
-0.825426
12702.6
-1.42915
12702.6
-2.47437
12702.6
-4.28379
12702.7
-7.41618
12702.7
-12.842
12702.6
-22.241
12702.5
-38.5178
12703.1
-66.6727
12703
-115.393
12704.8
-199.922
12699.7
-346.203
12707.8
-599.366
12700.5
-1037.71
12707.8
-1796.49
12708.4
-3110.72
12707.7
-5385.55
12716.9
-9324.2
12728.8
-16142.8
12736.6
-27942.8
12786.3
-48399.5
12886.8
-83842.7
-141999
8308.27
-0.00590277
-8308.27
8308.27
-0.0102206
8308.27
-0.0176969
8308.27
-0.030642
8308.27
-0.0530563
8308.27
-0.0918665
8308.27
-0.159066
8308.27
-0.275421
8308.27
-0.476889
8308.27
-0.825729
8308.26
-1.42974
8308.26
-2.47559
8308.25
-4.28645
8308.24
-7.42195
8308.25
-12.851
8308.16
-22.2516
8307.79
-38.5288
8308.15
-66.7177
8305.94
-115.535
8310.34
-200.032
8310.07
-346.361
8309.85
-599.734
8307.58
-1038.44
8315.96
-1797.97
8310.62
-3113.04
8320.38
-5390.2
8332.41
-9332.73
8335.3
-16148.8
8369.43
-27994.1
8455.53
-48486.4
6099.19
-81583.6
-138218
5434.38
-0.00590262
-5434.38
5434.38
-0.0102209
5434.38
-0.0176984
5434.38
-0.0306465
5434.38
-0.0530671
5434.38
-0.0918905
5434.38
-0.159117
5434.38
-0.275524
5434.38
-0.477093
5434.38
-0.826115
5434.39
-1.43042
5434.39
-2.47685
5434.4
-4.28937
5434.4
-7.42744
5434.42
-12.8613
5434.38
-22.2704
5434.11
-38.5624
5434.48
-66.7747
5434.45
-115.628
5434.91
-200.228
5434.27
-346.722
5437
-600.367
5435.13
-1039.67
5442.47
-1800.26
5443.98
-3117.28
5452.23
-5397.42
5461.98
-9345.31
5480.41
-16162.7
5555.32
-28040.7
3749.41
-46753.3
1560.78
-79372.9
-138942
3554.89
-0.00590191
-3554.89
3554.89
-0.0102206
3554.89
-0.0176994
3554.89
-0.0306509
3554.89
-0.0530793
3554.89
-0.0919196
3554.89
-0.159181
3554.89
-0.275658
3554.89
-0.477366
3554.89
-0.826669
3554.89
-1.43155
3554.89
-2.47898
3554.89
-4.29292
3554.89
-7.43419
3554.87
-12.874
3554.98
-22.2943
3555.33
-38.6075
3555.85
-66.8563
3555.75
-115.774
3555.96
-200.492
3556.36
-347.222
3558.31
-601.406
3560.46
-1041.9
3563.77
-1804.32
3570.25
-3123.91
3582.46
-5408.12
3580.37
-9348.31
3659.01
-16235.8
2217.52
-26612.9
998.021
-45398
1388.21
-79540.6
-139305
2328.12
-0.0058885
-2328.12
2328.12
-0.0101987
2328.12
-0.017664
2328.12
-0.0305935
2328.12
-0.0529872
2328.12
-0.0917722
2328.12
-0.158946
2328.12
-0.275289
2328.12
-0.476787
2328.12
-0.825765
2328.12
-1.43016
2328.12
-2.47692
2328.12
-4.28981
2328.13
-7.42951
2328.16
-12.8188
2328.2
-22.147
2328.18
-38.3177
2328.17
-66.3838
2328.22
-114.975
2328.25
-199.414
2330.37
-347.084
2332.47
-601.638
2337.15
-1046.62
2341.15
-1812.57
2347.05
-3134.47
2348.43
-5393.29
2420.13
-9402.22
1279.7
-15078.5
674.541
-25927.5
942.013
-45587.7
1379.26
-80028.2
-140090
1528.74
-0.00586525
-1528.74
1528.74
-0.0101606
1528.74
-0.0176015
1528.74
-0.0304916
1528.74
-0.0528216
1528.74
-0.0915046
1528.74
-0.158515
1528.74
-0.274595
1528.75
-0.475656
1528.75
-0.823815
1528.76
-1.42626
1528.78
-2.46704
1528.79
-4.26131
1528.77
-7.35765
1528.75
-12.7203
1528.73
-22.0144
1528.75
-38.1215
1529.05
-66.0198
1529.48
-114.642
1530.12
-198.644
1530.55
-343.785
1537.64
-601.652
1542.96
-1052.26
1538.23
-1818.47
1537.57
-3137.34
1585.22
-5454.02
713.897
-8513.22
484.075
-14937.3
664.564
-26289.8
937.278
-45905.6
1371.37
-80694.2
-140844
997.328
-0.00591911
-997.328
997.329
-0.0102571
997.329
-0.0177742
997.329
-0.0308005
997.329
-0.0533733
997.33
-0.0924892
997.332
-0.160272
997.334
-0.277735
997.339
-0.481295
997.347
-0.834104
997.363
-1.44575
997.397
-2.5067
997.473
-4.34818
997.64
-7.54414
997.963
-13.0813
998.536
-22.657
999.444
-39.2001
1000.84
-67.6977
1002.85
-116.882
1006.68
-202.398
1013.29
-349.325
1022.63
-601.47
1019.06
-1043.81
1002.17
-1804.54
1024.05
-3153.02
399.192
-4815.97
356.682
-8492.79
481.923
-15059.1
666.87
-26465.8
935.694
-46470.9
1366.17
-81234.7
-141999
650.357
-0.00602047
-650.357
650.357
-0.0104377
650.356
-0.018096
650.356
-0.0313733
650.356
-0.0543925
650.356
-0.0943016
650.356
-0.163495
650.357
-0.283461
650.358
-0.491468
650.361
-0.85215
650.366
-1.47765
650.375
-2.56274
650.393
-4.44678
650.429
-7.72144
650.496
-13.4069
650.61
-23.2631
650.768
-40.3454
651.143
-69.9222
652.075
-121.136
654.719
-210.58
653.09
-351.732
641.57
-583.685
643.747
-1025.46
665.855
-1814.46
224.944
-2698.4
265.608
-4848.51
357.078
-8619.71
483.579
-15072.5
665.705
-26616.9
936.492
-46680.7
1358.51
-81590.3
-142563
423.698
-0.00589392
-423.698
423.698
-0.0102259
423.698
-0.0177418
423.698
-0.0307818
423.698
-0.0534062
423.698
-0.0926601
423.697
-0.160767
423.695
-0.278935
423.691
-0.483947
423.685
-0.839521
423.674
-1.45566
423.65
-2.52083
423.588
-4.35757
423.443
-7.53407
423.146
-13.0472
422.592
-22.6281
421.606
-39.2613
420.073
-68.471
418.13
-119.01
404.874
-197.346
388.887
-335.304
390.958
-579.244
416.445
-1046.95
146.587
-1539.79
197.542
-2747.76
266.324
-4913.62
358.53
-8704.47
481.472
-15167.3
664.671
-26644.2
933.351
-46909.6
1349.21
-81806.2
-142590
269.081
-0.0056069
-269.081
269.079
-0.00973886
269.077
-0.0169156
269.076
-0.0293808
269.074
-0.0510314
269.071
-0.0886359
269.065
-0.15395
269.057
-0.267389
269.041
-0.464385
269.014
-0.806343
268.969
-1.39924
268.892
-2.42455
268.766
-4.19529
268.566
-7.26546
268.256
-12.6015
267.776
-21.8719
266.966
-37.9643
265.561
-65.5657
259.08
-109.253
250.382
-183.68
251.691
-335.939
291.912
-620.13
113.665
-870.924
133.931
-1558.34
198.331
-2810.44
266.81
-4981.21
358.269
-8731.42
481.376
-15351.6
661.195
-26820.2
930.277
-46902.3
1338.65
-82049.8
-143421
175.26
-0.0054126
-175.26
175.26
-0.00941742
175.259
-0.016385
175.257
-0.028507
175.255
-0.049596
175.253
-0.0862844
175.248
-0.150109
175.241
-0.26114
175.228
-0.454281
175.208
-0.790243
175.175
-1.37434
175.108
-2.37154
174.978
-4.09275
174.786
-7.11664
174.568
-12.437
174.45
-21.8805
173.624
-37.731
171.099
-63.7958
164.248
-102.238
155.364
-172.303
178.602
-357.759
90.6476
-534.27
90.7941
-869.186
145.024
-1610.2
198.931
-2862.03
267.154
-5045.42
358.682
-8797.52
483.142
-15583.4
659.887
-27030.5
924.855
-47219.9
1326.37
-82535.7
-144695
111.846
-0.00531705
-111.846
111.846
-0.00927516
111.846
-0.0161787
111.845
-0.0282189
111.844
-0.0492156
111.843
-0.0858242
111.841
-0.149619
111.839
-0.260642
111.834
-0.453136
111.823
-0.784136
111.79
-1.34988
111.73
-2.32652
111.638
-4.02233
111.458
-6.96888
111.137
-12.1416
110.685
-21.4019
109.715
-36.6121
104.201
-58.0885
103.473
-101.137
124.65
-194.203
100.425
-333.985
64.9733
-499.391
103.599
-905.348
145.92
-1651.26
199.438
-2917.18
267.239
-5111.34
358.185
-8976.37
485.171
-15671.3
658.599
-27338.8
919.6
-47715
1314.27
-83296
-145166
66.5253
-0.0052631
-66.5254
66.5253
-0.00921728
66.5252
-0.0161402
66.5252
-0.0282588
66.5253
-0.0494704
66.5257
-0.0865891
66.527
-0.151523
66.5304
-0.265035
66.5386
-0.463125
66.5591
-0.807415
66.6076
-1.40294
66.712
-2.43806
66.9283
-4.24804
67.348
-7.39377
68.0041
-12.7816
68.3624
-21.6929
66.9836
-34.939
66.7615
-57.2268
72.4977
-106.37
74.3052
-196.776
61.4856
-321.051
62.403
-500.727
105.633
-946.4
146.454
-1689.63
199.649
-2971.43
267.092
-5189.05
357.651
-9081.72
482.578
-15658.4
656.354
-27546.5
914.104
-48019.1
1302.21
-83654.2
-145258
42.5083
-0.00519475
-42.5084
42.5082
-0.00915194
42.5081
-0.0161188
42.5081
-0.0283808
42.5084
-0.049956
42.5093
-0.0879073
42.5119
-0.154646
42.5178
-0.271978
42.5312
-0.478248
42.5618
-0.841065
42.6338
-1.48007
42.7911
-2.60375
43.096
-4.56354
43.6581
-7.95783
44.5664
-13.6793
44.5833
-21.6324
44.6606
-35.0784
49.5362
-62.2762
51.5241
-108.018
51.3116
-196.547
54.6816
-324.396
72.9159
-519.402
106.123
-977.795
146.859
-1728.67
199.569
-3017.84
266.611
-5279.79
357.137
-9108.53
477.026
-15800.9
653.659
-27520.8
907.647
-48153.1
1287.6
-83641.4
-145863
27.7369
-0.00516572
-27.737
27.7369
-0.00918279
27.7371
-0.0163128
27.7376
-0.0289603
27.7388
-0.0513824
27.7418
-0.0911109
27.7481
-0.161467
27.7613
-0.286014
27.7881
-0.506534
27.8422
-0.897637
27.9503
-1.59254
28.1577
-2.81905
28.5426
-4.95756
29.1858
-8.60378
29.4704
-13.9872
30.4559
-22.4582
33.5448
-38.1168
31.8209
-60.8195
41.0016
-116.398
45.1579
-200.581
57.3985
-336.628
79.3129
-541.946
106.962
-1003.19
147.528
-1767.37
199.133
-3065.85
265.7
-5323.8
355.644
-9149.46
475.241
-15944.2
647.928
-27702.7
899.39
-48181.5
1269.97
-84014.3
-146584
17.9059
-0.00516562
-17.9059
17.9061
-0.00930612
17.9065
-0.0167404
17.9075
-0.0300715
17.91
-0.0539497
17.9154
-0.096672
17.9267
-0.173037
17.95
-0.309451
17.9966
-0.553239
18.0888
-0.990162
18.2675
-1.77302
18.5936
-3.15527
19.2062
-5.58959
19.6411
-9.16188
20.3912
-14.8091
22.8297
-24.9376
22.2001
-37.2244
33.0392
-71.813
34.2598
-118.069
41.1853
-207.317
56.6076
-352.267
79.892
-565.84
107.608
-1028.34
147.917
-1805.53
198.423
-3114.02
264.383
-5384.4
353.45
-9258.77
472.768
-16173.9
644.273
-28080.5
888.523
-48507.8
1250.82
-84643.8
-147111
11.9921
-0.00514692
-11.9921
11.9923
-0.00945852
11.9929
-0.0173241
11.9946
-0.031635
11.9984
-0.0576156
12.0069
-0.104701
12.0249
-0.190007
12.0623
-0.344776
12.1353
-0.622168
12.2624
-1.10995
12.4923
-1.98981
12.9379
-3.57424
13.1524
-5.77912
13.9116
-9.81803
15.9219
-16.9387
16.6825
-26.2863
23.046
-43.9676
22.7709
-70.3602
27.6045
-123.365
44.1059
-223.931
55.747
-364.143
81.33
-591.922
108.699
-1053.34
148.05
-1840.89
197.302
-3161.77
262.582
-5446.82
350.719
-9404.05
469.393
-16295.3
640.604
-28219.4
875.841
-49049.9
1231.81
-85147.4
-147650
8.27892
-0.00507054
-8.27897
8.27906
-0.00958743
8.27984
-0.0179997
8.28198
-0.0335882
8.28706
-0.0623526
8.29824
-0.115258
8.3218
-0.212465
8.37118
-0.392178
8.47558
-0.722902
8.67748
-1.30464
8.94096
-2.23674
9.03904
-3.64664
9.6011
-6.33271
10.9916
-11.1464
14.3381
-20.1729
16.8323
-29.7562
15.2278
-44.4983
16.1878
-70.9113
29.0777
-136.056
42.9114
-238.021
55.9003
-377.626
82.2825
-618.248
109.569
-1079.38
147.342
-1874.72
195.691
-3209.27
260.21
-5508.42
347.249
-9517.07
465.567
-16362.3
630.887
-28193.3
865.515
-49206.9
1207.95
-85360.4
-148574
5.5653
-0.00502666
-5.56534
5.56563
-0.00989714
5.56687
-0.0192037
5.57014
-0.0368263
5.57777
-0.0699433
5.59434
-0.131742
5.6282
-0.246188
5.69163
-0.455303
5.80164
-0.831757
5.99391
-1.49493
6.0385
-2.273
6.26173
-3.87499
7.44432
-7.45551
11.6718
-15.2513
10.7908
-18.8783
10.374
-30.0616
11.1447
-46.2478
14.4479
-75.7128
28.1574
-149.535
41.7873
-251.628
56.9757
-393.048
84.0596
-645.094
110.844
-1104.41
146.478
-1909.32
193.723
-3256.17
257.178
-5570.61
342.872
-9522.2
459.411
-16378.3
618.129
-28377.5
851.428
-49194.9
1177.76
-85355.8
-148927
3.7717
-0.0049801
-3.77176
3.77215
-0.0103637
3.77386
-0.0209572
3.77845
-0.0414896
3.78912
-0.0807654
3.81197
-0.154849
3.85644
-0.291126
3.93833
-0.537895
4.00045
-0.894629
3.8711
-1.37291
4.214
-2.59533
5.48164
-5.02551
7.75196
-9.47556
5.43905
-12.6462
6.10548
-18.9918
7.37772
-31.1734
8.75508
-47.5786
16.8898
-85.0231
26.2478
-158.97
39.4322
-264.716
58.0598
-412.007
84.7325
-671.257
111.333
-1126.61
144.769
-1941.94
191.084
-3326.38
253.386
-5631.75
337.595
-9597.95
451.281
-16525.8
607.426
-28560.1
831.626
-49400.1
1143.4
-85769
-148869
2.55538
-0.00475202
-2.5556
2.55561
-0.0106257
2.5572
-0.0225312
2.5616
-0.0458447
2.5712
-0.0902623
2.58471
-0.168139
2.59153
-0.297439
2.50815
-0.45348
2.37407
-0.760173
2.43499
-1.42753
3.60531
-3.72265
3.6732
-4.98332
2.50014
-8.10354
2.80176
-12.7319
3.74257
-19.5488
4.93354
-31.7615
7.57523
-49.6609
15.3134
-92.7082
25.4593
-170.012
39.0862
-277.772
59.1591
-432.011
85.2685
-696.899
111.871
-1152.16
142.885
-1972.47
187.974
-3375.91
248.775
-5691.96
331.254
-9691.48
441.942
-16745.6
594.997
-28838.2
807.804
-49661.9
1107.78
-86355.6
-149419
1.74016
-0.00138888
-1.74286
1.73326
-0.00337013
1.71612
-0.00794305
1.68888
-0.0177231
1.63619
-0.038055
1.54276
-0.0745979
1.39958
-0.153933
1.24523
-0.300099
1.21427
-0.726916
1.33436
-1.53766
0.837362
-3.1564
0.759946
-4.77732
0.878155
-8.11421
1.23766
-13.0141
1.97044
-20.0919
3.16656
-31.9546
6.27461
-52.0958
13.9728
-97.6521
24.4121
-181.37
39.3032
-292.817
59.4647
-451.739
84.3881
-719.598
111.345
-1178.06
140.408
-2001.5
184.094
-3404.7
243.227
-5750.75
323.441
-9851.13
431.157
-16859.8
579.643
-28973.5
780.419
-50112
1067.94
-86670.9
-150279
-0.00126402
-0.000132765
-0.00382722
-0.000822587
-0.00921105
-0.00259143
-0.0198689
-0.00713932
-0.0394008
-0.0186782
-0.0668419
-0.0474326
-0.103112
-0.117816
-0.134588
-0.267894
-0.211297
-0.640943
-0.19126
-1.52023
-0.31228
-3.03074
-0.254858
-4.83851
-0.225422
-8.14209
-0.0625651
-13.1139
0.522544
-20.5612
1.69679
-32.301
4.47188
-54.1816
11.5979
-107.665
24.1838
-193.077
39.6553
-308.988
59.1438
-471.417
83.1477
-744.436
110.259
-1204.93
137.728
-2029.39
179.491
-3441.7
236.61
-5840.14
314.013
-9907.65
418.339
-16905.6
559.218
-29096.4
751.665
-50252.4
1018.48
-86869.8
-150597
0.00013756
-0.000266489
0.000782441
-0.00145869
0.00242307
-0.00421211
0.0057108
-0.0103816
0.0109449
-0.0238072
0.0164911
-0.0527252
0.0137467
-0.114418
-0.00801819
-0.244386
-0.121134
-0.524421
-0.468653
-1.16594
-0.964946
-2.53049
-0.998464
-4.82557
-1.13644
-8.03442
-1.23816
-13.0316
-0.845964
-20.9305
0.326461
-33.4286
2.83984
-56.7644
10.684
-113.3
24.3257
-204.91
39.4299
-324.253
58.0964
-490.949
80.7562
-768.854
107.982
-1232.09
134.683
-2056.64
174.077
-3478.51
228.767
-5874.95
302.739
-9925.05
401.318
-16927.8
535.225
-29166.9
716.613
-50223.7
959.826
-86825.4
-150774
2.89343e-05
-0.000268282
5.9089e-05
-0.00143034
1.66158e-05
-0.00404756
-0.000320553
-0.00979365
-0.00158902
-0.0220235
-0.00562945
-0.0476361
-0.0170885
-0.100811
-0.0456586
-0.211463
-0.118309
-0.444455
-0.330297
-0.945434
-0.876555
-1.97731
-1.58614
-4.13488
-1.96483
-7.71369
-2.32886
-12.7133
-2.11962
-21.1833
-1.1903
-34.531
1.64536
-59.531
8.33905
-116.921
23.4726
-220.172
38.6341
-338.871
56.3872
-508.947
78.0134
-789.811
104.827
-1259.3
131.266
-2083.33
167.739
-3513.72
219.534
-5918.94
289.481
-10000.8
381.714
-17053.1
507.295
-29286.6
673.839
-50404.4
891.274
-87112.3
-150740
3.05469e-05
-0.000250527
1.42389e-05
-0.00131414
-0.000184878
-0.00364572
-0.000904927
-0.00866717
-0.00285791
-0.0192629
-0.00758615
-0.0413056
-0.0186218
-0.0866429
-0.0446364
-0.179504
-0.107081
-0.371733
-0.266254
-0.77257
-0.645219
-1.58533
-1.55897
-3.22876
-2.54563
-6.74488
-3.06576
-12.281
-3.27608
-21.1277
-2.67271
-35.4612
0.44327
-63.5783
6.75392
-126.806
23.0188
-237.853
37.1812
-353
53.9705
-525.553
74.5959
-809.912
100.671
-1285.77
127.229
-2109.83
160.519
-3546
208.757
-5966.07
273.943
-10070.4
359.359
-17247
474.118
-29460.2
623.22
-50722.1
813.097
-87547.9
-151062
3.25249e-05
-0.000232276
2.72099e-05
-0.00120725
-0.000123534
-0.00329412
-0.000705251
-0.00769377
-0.00238891
-0.0168161
-0.00676977
-0.035453
-0.0175554
-0.0730412
-0.0434938
-0.148372
-0.105364
-0.300376
-0.242427
-0.617754
-0.514599
-1.29105
-1.05913
-2.66953
-2.52584
-5.29869
-3.69273
-11.2809
-4.26883
-20.9439
-4.16899
-35.9795
-1.31668
-67.1049
5.32409
-134.662
22.4356
-254.775
35.571
-366.42
52.561
-542.193
70.6369
-827.874
95.2475
-1310.72
121.785
-2136.92
152.287
-3575.45
196.223
-6008.71
255.605
-10150
333.603
-17298.5
434.383
-29545.1
563.427
-50820
721.347
-87678.6
-151398
3.8302e-05
-0.000217514
5.58565e-05
-0.00112174
-2.15325e-05
-0.00301795
-0.000395515
-0.00693777
-0.0015289
-0.0149464
-0.00446283
-0.0311105
-0.0114114
-0.0634446
-0.0270074
-0.128018
-0.0609388
-0.257677
-0.140753
-0.523406
-0.337627
-1.08036
-0.758867
-2.27021
-1.61706
-4.53617
-4.01391
-9.01436
-5.11407
-20.506
-5.40052
-36.8368
-3.06028
-69.6262
3.93769
-141.61
21.3222
-272.145
33.5143
-378.885
49.7397
-558.151
66.2001
-844.27
89.453
-1334.21
115.933
-2163.75
142.998
-3601.72
181.73
-6046.96
234.178
-10218
302.208
-17266.9
387.594
-29594.4
492.21
-50829
610.69
-87626
-151670
3.6561e-05
-0.000210419
7.20579e-05
-0.00107485
6.44745e-05
-0.00285736
-0.000104309
-0.00649007
-0.000717026
-0.0138398
-0.00241834
-0.028555
-0.00661582
-0.0577871
-0.0163001
-0.1158
-0.0383543
-0.231816
-0.0899799
-0.469466
-0.211823
-0.995778
-0.523399
-2.07036
-1.14499
-4.13079
-2.57781
-8.04883
-5.78379
-17.6414
-6.6856
-36.9468
-4.76445
-72.0108
6.14917
-150.508
20.2179
-286.643
32.5128
-391.316
44.4306
-569.896
61.2456
-861.099
82.6852
-1355.88
108.025
-2189.47
132.494
-3625.6
165.063
-6078.25
209.651
-10234.9
264.541
-17338.6
332.328
-29685.7
407.95
-50932.9
478.787
-87701.5
-151596
1.18907e-05
-0.000210519
1.95949e-05
-0.00106087
-1.0219e-05
-0.00278896
-0.000159127
-0.00627523
-0.000615035
-0.0132795
-0.00180478
-0.0272284
-0.0047097
-0.0548281
-0.0115487
-0.109521
-0.0275178
-0.219136
-0.0669265
-0.445339
-0.157355
-0.933912
-0.318675
-1.93595
-0.696367
-3.80159
-1.55212
-7.40175
-4.8469
-14.5394
-7.64438
-34.1299
-6.12304
-72.0022
8.45244
-161.732
18.7604
-294.936
30.2786
-402.819
40.5498
-580.106
55.7572
-876.336
75.0226
-1375.59
98.1108
-2213.13
120.381
-3647.41
146.008
-6103.12
180.618
-10266.2
221.242
-17392.2
267.146
-29743.4
308.22
-51016.7
323.276
-87735
-151333
-3.41623e-05
-0.000217998
-9.49884e-05
-0.00107798
-0.000228153
-0.00280275
-0.000522418
-0.00626017
-0.00115863
-0.0131805
-0.00249541
-0.026943
-0.00523045
-0.0541729
-0.0104666
-0.108177
-0.0196794
-0.216621
-0.0322331
-0.43991
-0.0582402
-0.904989
-0.146197
-1.84101
-0.360708
-3.57244
-0.783608
-7.01957
-1.87713
-13.3752
-8.0737
-27.7583
-7.33275
-71.8138
8.21175
-181.209
17.1318
-304.085
27.5248
-413.183
36.3707
-589.337
49.7305
-889.783
66.4733
-1397.29
86.5587
-2240.29
106.08
-3666.44
124.283
-6121.1
147.232
-10310.1
171.001
-17424
190.452
-29743.2
189.993
-51009.7
138.561
-87699.1
-151271
-1.91565e-05
-0.000228183
-4.13364e-05
-0.00110842
-8.13325e-05
-0.00285459
-0.000155704
-0.00634148
-0.000281828
-0.0133082
-0.00043605
-0.0271687
-0.000479122
-0.054611
-0.00033729
-0.108892
-0.000197867
-0.216906
-0.00277297
-0.435033
-0.00766124
-0.877853
-0.0219597
-1.72812
-0.061225
-3.26358
-0.203741
-6.12626
-0.757515
-11.5283
-3.74851
-23.6872
-8.49793
-66.2585
7.96195
-199.363
16.0438
-312.654
23.0095
-420.174
31.8584
-598.199
43.1448
-901.231
56.9813
-1410.23
73.4205
-2257.7
88.9266
-3682.52
99.4565
-6131.4
108.881
-10308.2
112.667
-17466
100.464
-29720.7
50.0947
-50934.8
-81.4307
-87616
-151074
5.93956e-05
-0.000239999
0.000186141
-0.00114659
0.00043054
-0.00292959
0.000909177
-0.00648209
0.00190875
-0.013574
0.00403838
-0.0277018
0.00862392
-0.0557373
0.0179521
-0.111212
0.0352252
-0.220991
0.0631597
-0.439161
0.101638
-0.873166
0.141765
-1.68729
0.15089
-3.16524
0.178168
-5.93429
0.0876234
-11.1391
0.296411
-22.3219
-10.8627
-54.3268
7.06329
-214.981
14.7807
-320.362
19.6734
-425.115
27.0398
-605.342
36.0046
-914.131
46.453
-1418.66
58.2921
-2266.24
68.8653
-3715.44
70.9095
-6151.96
64.9241
-10293.3
45.0768
-17441.7
-4.69859
-29687.8
-114.83
-50826.9
-342.789
-87393.8
-150545
3.97661e-05
-0.000280745
0.000169772
-0.00128188
0.000443805
-0.00322598
0.000976688
-0.00708899
0.00190463
-0.0147526
0.00342907
-0.0299229
0.0058874
-0.0599504
0.0103746
-0.119517
0.020376
-0.238378
0.0509822
-0.484562
0.147045
-1.00914
0.229556
-1.8844
0.359754
-3.52994
0.627682
-6.59234
0.950517
-12.4164
1.51268
-24.6151
-1.99015
-51.2875
6.25828
-224.13
12.8846
-326.988
16.3394
-428.606
21.8964
-610.861
28.299
-918.833
35.022
-1425.1
41.4743
-2276.34
45.2638
-3706.34
37.858
-6140.02
14.527
-10272.6
-33.1161
-17374.1
-127.005
-29598
-308.838
-50653.5
-651.881
-86992.5
-149858
2.21633e-06
-0.000336834
9.086e-05
-0.00146909
0.000327662
-0.00364409
0.000888047
-0.0079862
0.00212702
-0.0166282
0.00474282
-0.0337709
0.00992316
-0.0676066
0.0195649
-0.134398
0.0376238
-0.267626
0.0718736
-0.538815
0.115793
-1.08838
0.230165
-2.09486
0.497976
-3.95777
0.996891
-7.40608
2.17961
-14.2212
4.84667
-28.7935
7.9395
-56.3993
5.91234
-224.393
10.7037
-331.766
12.8518
-430.801
16.4532
-614.436
20.0333
-921.913
22.6021
-1427.24
23.1682
-2282.63
18.2924
-3697
-0.47987
-6113.06
-43.4964
-10236.7
-123.42
-17285.9
-269.063
-29437.1
-535.312
-50398.4
-1017.51
-86507.2
-149029
9.98698e-05
-0.000368957
0.000334566
-0.00157786
0.000823706
-0.00389623
0.00183579
-0.00854409
0.00393769
-0.0178311
0.00844242
-0.0363692
0.0178382
-0.0733121
0.0379246
-0.147105
0.0806886
-0.294978
0.159385
-0.587025
0.271934
-1.13499
0.466308
-2.14245
0.78482
-4.0096
1.34404
-7.51505
2.94033
-14.5609
6.89207
-30.5357
16.8634
-64.5229
5.80524
-212.999
7.42908
-333.381
9.19092
-432.583
10.7051
-615.915
11.2116
-922.286
9.31383
-1425.09
3.05592
-2269.57
-12.0637
-3681.3
-45.0503
-6078.56
-110.021
-10178
-227.387
-17183.1
-433.791
-29229.7
-798.806
-50019.6
-1447.34
-85901.9
-147881
9.946e-05
-0.000448084
0.00041406
-0.00185654
0.00114573
-0.00456642
0.00278879
-0.0100876
0.00638256
-0.0212882
0.0140083
-0.0439474
0.0299959
-0.0892536
0.0618047
-0.178926
0.120121
-0.35438
0.220678
-0.694015
0.362453
-1.30908
0.576523
-2.39041
1.00327
-4.46155
1.88459
-8.51634
4.09005
-17.1288
8.28152
-34.8903
17.8433
-73.3652
5.09123
-200.217
5.18765
-333.468
5.40608
-432.808
4.66124
-615.2
1.8342
-918.991
-4.98088
-1420.57
-18.8581
-2254.09
-45.7698
-3653.92
-95.633
-6027.25
-186.255
-10077
-346.399
-17027
-623.403
-28963.1
-1105.86
-49526.7
-1947.78
-85095.6
-146407
3.84796e-05
-0.000520859
0.000199659
-0.00208068
0.000596853
-0.00507918
0.00147256
-0.011177
0.00325311
-0.0234687
0.00674641
-0.0481768
0.0137837
-0.0976511
0.0289709
-0.196783
0.0649583
-0.396239
0.134721
-0.777895
0.285724
-1.48423
0.619283
-2.8091
1.30048
-5.32174
2.82713
-10.3265
6.50251
-21.3174
13.8812
-42.8991
20.0648
-80.266
4.20511
-184.603
2.89179
-332.143
1.4623
-431.377
-1.65034
-612.081
-8.03609
-913.037
-20.3325
-1407.18
-42.4738
-2230.36
-82.5999
-3613.25
-151.865
-5957.73
-272.996
-9955.15
-482.336
-16810.3
-840.655
-28602.9
-1461.36
-48927.6
-2527.09
-83987.7
-144562
0.000134185
-0.00060795
0.000519691
-0.00237805
0.00142297
-0.00581757
0.00345234
-0.0128965
0.00787382
-0.0273001
0.0173116
-0.0564884
0.0371548
-0.115306
0.079343
-0.234453
0.159423
-0.46589
0.29923
-0.895561
0.569435
-1.70226
1.08911
-3.22601
2.07332
-6.1282
4.16245
-12.0651
8.68417
-25.2641
15.0429
-48.669
21.9852
-86.6198
3.79869
-166.265
0.516393
-328.829
-2.56568
-428.292
-8.18099
-606.428
-18.4453
-902.377
-36.5467
-1388.52
-67.7329
-2198.36
-122.176
-3558.85
-213.635
-5866.25
-369.844
-9800.52
-636.19
-16546
-1089.35
-28142.7
-1866.4
-48155.3
-3196.43
-82631.1
-142306
0.000121913
-0.000765789
0.00058002
-0.00290422
0.00175245
-0.00711723
0.00452494
-0.0159057
0.0107308
-0.0339522
0.024216
-0.0708318
0.0536813
-0.146487
0.112507
-0.297119
0.217688
-0.578666
0.411735
-1.10267
0.774275
-2.09126
1.47445
-3.98084
2.88565
-7.64115
5.72422
-15.0898
11.4465
-31.2853
16.5768
-54.2502
24.6034
-94.7725
11.5452
-153.224
-1.69957
-315.577
-6.75578
-423.239
-15.0459
-598.135
-29.4376
-887.802
-53.5938
-1364.08
-94.5658
-2157.1
-164.328
-3489.41
-280.629
-5749.96
-476.497
-9604.38
-807.765
-16213.1
-1370.29
-27585.9
-2325.3
-47193.9
-3961.55
-81025.8
-139493
0.000220406
-0.000963159
0.000927712
-0.00357066
0.0026968
-0.00881581
0.00686319
-0.0199491
0.0162593
-0.0431071
0.0367141
-0.0907879
0.0771909
-0.185865
0.149294
-0.366631
0.281509
-0.707146
0.53773
-1.35335
1.04719
-2.59246
2.08506
-5.00442
4.1397
-9.66848
8.32773
-19.2595
12.9738
-35.8006
20.4873
-61.7489
24.8269
-99.1945
19.513
-148.037
-4.02791
-292.058
-11.1329
-416.138
-22.2532
-587.002
-40.9489
-869.056
-71.7139
-1333.22
-123.001
-2105.76
-208.993
-3403.75
-352.414
-5606.78
-592.266
-9364.61
-996.697
-15808.8
-1680.99
-26904.1
-2839.93
-46033.4
-4816.73
-79062.4
-136072
0.000223711
-0.00121482
0.00104419
-0.0044399
0.00324936
-0.0110954
0.00869404
-0.0254024
0.0208619
-0.0552522
0.0458012
-0.115808
0.0924928
-0.23292
0.178381
-0.453158
0.346601
-0.875435
0.680728
-1.68579
1.35923
-3.26516
2.7298
-6.35812
5.36549
-12.2602
9.36557
-23.2031
14.1313
-40.5673
21.9441
-69.4935
19.7592
-96.9376
17.6685
-145.956
-6.5963
-267.803
-15.6807
-407.052
-29.8036
-572.866
-52.9591
-845.887
-90.6952
-1295.52
-152.905
-2043.62
-256.216
-3300.86
-428.313
-5435.41
-716.264
-9076.35
-1200.87
-15324.3
-2019.04
-26079.9
-3404.19
-44645
-5753.99
-76698.9
-132101
0.000305276
-0.00152182
0.00140397
-0.00554253
0.00438665
-0.0140866
0.0114983
-0.0325361
0.0265949
-0.0703855
0.0558207
-0.145072
0.111073
-0.288264
0.222106
-0.564656
0.443111
-1.09793
0.891204
-2.13787
1.82372
-4.20742
3.59742
-8.15324
6.85912
-15.5639
10.4558
-26.8335
16.8907
-47.0501
16.3102
-68.8908
16.216
-96.7476
14.1088
-143.804
-9.29471
-244.388
-20.4125
-395.933
-37.6785
-555.594
-65.5339
-818.032
-110.543
-1250.5
-184.253
-1969.91
-306.267
-3180.08
-508.409
-5234.27
-847.736
-8739.29
-1417.84
-14753
-2379.74
-25119.1
-4005.17
-43019.2
-6757.69
-73945.2
-127428
0.000356326
-0.00187627
0.00171643
-0.00689863
0.00546873
-0.0178307
0.0140786
-0.0411297
0.0316378
-0.0879155
0.0657302
-0.179111
0.133905
-0.356284
0.271945
-0.702188
0.554496
-1.37916
1.13789
-2.71804
2.31812
-5.38015
4.77512
-10.5972
7.20325
-17.9698
12.1356
-31.7441
14.7421
-49.654
12.8592
-66.9958
11.0411
-94.9134
9.73894
-142.507
-11.2734
-223.372
-25.339
-381.867
-45.9254
-535.012
-78.6324
-785.331
-131.244
-1197.91
-216.926
-1884.42
-358.185
-3038.67
-592.826
-4999.19
-985.505
-8346.35
-1645.5
-14094.2
-2754.66
-24011
-4625.63
-41151.2
-7793.64
-70774.7
-121998
0.000440302
-0.00231812
0.00222389
-0.00868564
0.00706867
-0.0226828
0.0177434
-0.0518204
0.0395386
-0.109748
0.0839715
-0.223632
0.175713
-0.448236
0.363355
-0.890319
0.746804
-1.76372
1.49209
-3.46581
3.10679
-6.99974
5.05848
-12.5596
8.35032
-21.2688
11.52
-34.9167
10.2625
-48.4071
7.30786
-64.0475
6.24757
-93.8368
4.3612
-140.619
-5.52875
-213.481
-30.5138
-356.882
-54.5098
-511.019
-92.2446
-747.602
-152.716
-1137.47
-250.91
-1786.15
-412.191
-2877.34
-680.585
-4730.79
-1128.93
-7897.37
-1878.8
-13344.4
-3131.79
-22756.5
-5241.05
-39041.2
-8817.75
-67201.1
-115898
0.00059681
-0.00291399
0.00300214
-0.0110887
0.00922
-0.0288954
0.0228826
-0.0654705
0.051731
-0.138566
0.11252
-0.284354
0.23789
-0.573458
0.492234
-1.14434
0.989363
-2.26014
1.93266
-4.40763
3.50123
-8.56579
4.99213
-14.046
8.58314
-24.8595
7.6937
-34.0309
4.07567
-44.7805
2.78598
-62.7709
1.10552
-92.1557
-2.10185
-137.408
-8.43365
-207.148
-36.0481
-329.268
-63.4331
-483.636
-106.374
-704.674
-174.874
-1068.96
-285.884
-1675.11
-468.183
-2695.05
-770.979
-4427.86
-1275.33
-7392.89
-2109.35
-12510.1
-3493.25
-21373
-5822.69
-36711.5
-9789.48
-63237.4
-109111
0.000886382
-0.00380085
0.0040275
-0.0142311
0.0119338
-0.0368051
0.0294521
-0.0829977
0.0675642
-0.176699
0.147609
-0.364443
0.310543
-0.736487
0.6277
-1.4617
1.19827
-2.83113
2.43116
-5.64119
3.17832
-9.31467
5.54588
-16.414
4.89334
-24.2076
1.947
-31.0861
0.134027
-42.967
-1.52991
-61.1074
-4.42063
-89.2618
-9.606
-132.222
-18.2769
-198.477
-42.536
-305.01
-72.707
-453.467
-120.966
-656.418
-197.717
-992.211
-321.829
-1551
-525.441
-2491.41
-863.213
-4090
-1419.18
-6836.95
-2323.03
-11606.1
-3817.21
-19879
-6346.21
-34183.8
-10674.4
-58908.7
-101673
0.000951079
-0.00475157
0.00474999
-0.018029
0.0145895
-0.0466418
0.0372685
-0.10567
0.0865238
-0.22594
0.187957
-0.465846
0.385064
-0.933532
0.744732
-1.82125
1.57397
-3.66018
1.96956
-6.0364
2.90667
-10.2511
3.27334
-16.7804
0.723889
-21.6593
-1.06106
-29.3014
-3.26716
-40.7611
-6.1983
-58.1765
-10.7822
-84.6765
-18.1483
-124.855
-29.8267
-186.799
-51.1832
-283.655
-82.3746
-422.277
-136.005
-602.788
-221.145
-907.072
-358.538
-1413.6
-583.763
-2266.17
-954.719
-3719.06
-1549.73
-6242
-2501.13
-10654.6
-4087.36
-18293
-6798.73
-31472.3
-11463.8
-54243.4
-93637.2
0.000876145
-0.00562773
0.00523284
-0.0223858
0.0169567
-0.0583663
0.044759
-0.133474
0.104739
-0.285924
0.224885
-0.586001
0.4481
-1.15677
0.98329
-2.35647
1.26823
-3.94519
1.55366
-6.32206
1.7416
-10.4391
0.0155732
-15.0542
-1.69398
-19.9502
-4.05364
-26.9415
-7.08026
-37.7344
-11.3251
-53.9316
-17.7715
-78.2299
-27.5569
-115.069
-42.5814
-171.774
-65.8618
-260.374
-93.8823
-394.257
-151.448
-545.223
-244.992
-813.53
-395.726
-1262.86
-642.228
-2019.69
-1039.27
-3322.26
-1649.89
-5631.73
-2631.89
-9672.87
-4305.02
-16620.2
-7190.41
-28587.1
-12166.7
-49266.9
-85053.5
0.00114289
-0.00677041
0.0060603
-0.0273025
0.019726
-0.0720302
0.0518812
-0.165625
0.120051
-0.354085
0.253625
-0.719559
0.582819
-1.48593
0.770302
-2.54392
0.693589
-3.86841
0.943323
-6.57167
-0.350602
-9.14516
-2.03236
-13.3725
-4.22756
-17.7552
-7.09465
-24.0743
-11.0262
-33.8027
-16.6822
-48.2754
-24.995
-69.9168
-37.3668
-102.697
-55.9963
-153.145
-84.3352
-232.036
-121.647
-356.944
-167.441
-499.424
-269.053
-711.907
-432.957
-1098.95
-698.787
-1753.87
-1103.3
-2917.65
-1707.34
-5027.56
-2723.8
-8656.76
-4489.18
-14855.8
-7540.14
-25536.3
-12803.7
-44003.9
-75969.8
0.00118443
-0.00795473
0.00673981
-0.0328576
0.0222867
-0.0875763
0.0584319
-0.201769
0.134362
-0.430012
0.320893
-0.906083
0.450236
-1.61527
0.384466
-2.47814
0.217078
-3.70101
-0.584226
-5.77038
-1.66329
-8.06627
-3.73492
-11.3008
-6.48469
-15.0055
-9.9868
-20.5722
-14.8768
-28.9126
-21.8783
-41.2738
-32.0547
-59.7405
-47.0119
-87.7405
-69.286
-130.871
-102.885
-198.437
-153.887
-305.943
-191.328
-461.984
-293.183
-610.055
-469.597
-922.546
-746.831
-1476.63
-1128.94
-2535.49
-1733.21
-4423.3
-2801.19
-7588.51
-4658.44
-12998.4
-7861.76
-22334.5
-13383.4
-38484.5
-66442.8
0.00128172
-0.0092363
0.00788334
-0.0394587
0.0261616
-0.105853
0.06882
-0.244424
0.170588
-0.531774
0.24056
-0.976045
0.150713
-1.52541
-0.0268143
-2.30059
-0.340609
-3.38716
-1.71833
-4.39267
-2.96761
-6.81704
-5.35869
-8.90977
-8.4498
-11.9143
-12.5981
-16.4239
-18.4027
-23.108
-26.6632
-33.0132
-38.5548
-47.8489
-55.9124
-70.3829
-81.5947
-105.189
-120.154
-159.879
-178.878
-247.219
-252.915
-387.948
-321.361
-541.609
-504.541
-739.362
-769.185
-1211.97
-1120.33
-2184.34
-1755.25
-3788.37
-2880.26
-6463.48
-4820
-11058.4
-8155.41
-18998.3
-13901.3
-32737.6
-56531.8
0.00144274
-0.0106789
0.00928236
-0.0472978
0.0319065
-0.128476
0.0854586
-0.297973
0.108942
-0.555253
0.0301675
-0.897262
-0.139573
-1.35566
-0.462906
-1.97724
-0.989744
-2.86026
-1.98955
-3.39289
-3.97917
-4.82743
-6.5946
-6.29433
-10.0566
-8.45233
-14.7847
-11.6957
-21.3714
-16.5213
-30.6827
-23.7019
-44.0274
-34.5041
-63.4079
-51.0024
-91.9777
-76.6194
-134.762
-117.095
-199.867
-182.115
-299.689
-288.126
-390.001
-451.296
-537.322
-592.04
-750.304
-998.989
-1110.55
-1824.08
-1787.6
-3111.3
-2959.21
-5291.86
-4966.2
-9051.39
-8411.61
-15552.6
-14343.1
-26805.5
-46295.7
0.00187198
-0.0125508
0.0104746
-0.0558999
0.0248224
-0.142823
0.0162746
-0.289422
-0.035628
-0.503345
-0.148146
-0.784735
-0.374671
-1.12912
-0.813532
-1.53836
-1.57327
-2.10048
-2.58191
-2.38431
-4.65845
-2.7509
-7.45861
-3.49417
-11.2198
-4.69117
-16.363
-6.55247
-23.5187
-9.36555
-33.6062
-13.6144
-48.0115
-20.0988
-68.873
-30.1409
-99.5663
-45.9261
-145.443
-71.2182
-215.203
-112.356
-322.993
-180.337
-479.997
-294.293
-575.811
-496.226
-721.98
-852.819
-1118.18
-1427.88
-1824.75
-2404.71
-3029.58
-4087.02
-5088.08
-6992.87
-8620.47
-12020.1
-14701.3
-20724.3
-35802.2
-0.00303983
-0.00951081
-0.0178617
-0.0410775
-0.0494456
-0.111237
-0.0875156
-0.251349
-0.148637
-0.442219
-0.27668
-0.656684
-0.527082
-0.878704
-0.990931
-1.07449
-1.83134
-1.26002
-2.83528
-1.38046
-4.98078
-0.605414
-7.89277
-0.582187
-11.823
-0.760952
-17.1987
-1.1767
-24.6685
-1.89572
-35.1851
-3.09785
-50.1857
-5.09813
-71.8791
-8.44747
-103.747
-14.0578
-151.334
-23.6319
-223.574
-40.1152
-335.06
-68.8522
-493.489
-135.864
-577.466
-412.249
-733.194
-697.091
-1138.49
-1022.59
-1858.22
-1684.98
-3085.12
-2860.13
-5181.03
-4896.95
-8777.5
-8423.56
-14969.3
-14532.5
-25118.4
-0.00256346
-0.0069472
-0.0152467
-0.0283937
-0.0501689
-0.0763138
-0.127762
-0.173753
-0.221335
-0.348641
-0.347675
-0.530336
-0.598605
-0.62776
-1.02529
-0.647782
-1.76121
-0.524067
-2.73812
-0.403627
-4.90727
1.56372
-7.87943
2.38996
-11.8474
3.20703
-17.2634
4.23929
-24.7817
5.62261
-35.3617
7.48214
-50.4485
9.9887
-72.2718
13.3758
-104.284
17.9543
-152.024
24.1086
-224.374
32.2349
-334.406
41.18
-412.844
-57.426
-553.861
-271.232
-784.779
-466.172
-1171.61
-635.752
-1887.9
-968.69
-3125.28
-1622.76
-5244.2
-2778.03
-8881.76
-4786.01
-15144.6
-8269.63
-14312.8
-0.00212443
-0.00482261
-0.0120839
-0.0184337
-0.0396814
-0.0487149
-0.102365
-0.111066
-0.224699
-0.226301
-0.368544
-0.386482
-0.586561
-0.409732
-0.986086
-0.248235
-1.58401
0.0739037
-2.58164
0.593985
-4.48925
3.47136
-7.39751
5.29822
-11.2611
7.07059
-16.5194
9.49762
-23.823
12.9262
-34.1136
17.7728
-48.8017
24.6769
-70.0511
34.6252
-101.232
49.1356
-147.675
70.5509
-217.835
102.395
-295.562
118.908
-350.515
-2.47315
-543.61
-78.1356
-830.751
-179.03
-1223.35
-243.157
-1922.71
-269.33
-3156.13
-389.34
-5281.53
-652.647
-8935.44
-1132.13
-15228.3
-1976.87
-3455.7
-0.00191323
-0.00290922
-0.0100119
-0.0103345
-0.0320056
-0.0267199
-0.0823096
-0.0607593
-0.184132
-0.124473
-0.351516
-0.219087
-0.527783
-0.233452
-0.927431
0.151433
-1.66182
0.808319
-3.125
2.05711
-3.7487
4.09497
-6.56389
8.11348
-10.22
10.7268
-15.1489
14.4265
-21.9974
19.7748
-31.6778
27.4531
-45.5386
38.5377
-65.6289
54.7155
-95.1309
78.6377
-139.023
114.444
-204.085
167.457
-224.376
139.199
-335.074
108.225
-530.421
117.213
-839.272
129.822
-1276.41
193.981
-1969.71
423.967
-3187.45
828.395
-5301.71
1461.6
-8946.31
2512.43
-15227.3
4304.04
7381.32
-0.00202317
-0.000885934
-0.00948957
-0.00286771
-0.0290263
-0.00718226
-0.0735424
-0.0162412
-0.164132
-0.0338791
-0.322251
-0.0609615
-0.496055
-0.0596371
-0.692837
0.34823
-1.30827
1.42375
-2.42238
3.17114
-2.63488
4.30737
-5.20957
10.6883
-8.67155
14.1888
-13.1816
18.9366
-19.426
26.0193
-28.2835
36.3107
-41.0033
51.2576
-59.495
73.2073
-86.6913
105.834
-127.103
154.855
-165.37
205.725
-204.735
178.564
-323.034
226.524
-513.276
307.455
-821.667
438.214
-1296.64
668.956
-2015.26
1142.59
-3221.92
2035.06
-5312.42
3552.09
-8923.35
6123.33
-15151
10531.5
18125.6
-0.00184193
0.00095606
-0.0076297
0.00292026
-0.0219945
0.0071831
-0.0544429
0.0162085
-0.12296
0.0346405
-0.255858
0.0719417
-0.470678
0.15519
-0.5128
0.390358
-0.697785
1.60873
-0.972491
3.44582
-2.38575
5.72051
-3.50367
11.8062
-6.70335
17.3886
-10.8456
23.0789
-16.4167
31.5905
-24.2765
44.1706
-35.6304
62.6116
-52.2294
89.8064
-76.7283
130.333
-113.05
191.177
-125.378
218.053
-195.218
248.404
-309.649
340.956
-493.269
491.076
-792.722
737.668
-1276.49
1152.73
-2028.35
1894.45
-3242.29
3249.01
-5308.13
5617.94
-8866.64
9681.83
-15001.2
16666
28704.2
-0.00127481
0.00222865
-0.00487226
0.00651825
-0.0133919
0.0157044
-0.0320973
0.0349147
-0.0718602
0.0744049
-0.153508
0.153592
-0.306815
0.308501
-0.532063
0.615608
-0.23693
1.31359
-0.318664
3.52754
-1.21024
6.61201
-1.84346
12.4392
-4.45836
20.0037
-8.22483
26.8454
-13.0539
36.4197
-19.8819
50.9986
-29.7973
72.5271
-44.39
104.399
-66.0481
151.991
-94.1059
219.235
-115.853
239.801
-185.495
318.046
-295.126
450.586
-471.126
667.075
-758.491
1025.03
-1231.08
1625.31
-1993.23
2656.6
-3219.32
4475.09
-5264.88
7663.51
-8758.27
13175.2
-14762.7
22670.3
39041.9
-0.000853982
0.0030827
-0.00283296
0.00849812
-0.00698117
0.0198521
-0.0150904
0.0430235
-0.0302826
0.0895973
-0.0580427
0.181352
-0.10782
0.358278
-0.196669
0.704455
-0.301557
1.41847
0.394513
2.83146
0.415583
6.59097
-0.553143
13.4078
-2.22851
21.6789
-5.84556
30.4625
-9.54623
40.1205
-15.42
56.8725
-23.8941
81.0013
-36.493
116.998
-55.3936
170.892
-69.3966
233.238
-109.108
279.512
-175.362
384.3
-279.749
554.973
-447.381
834.706
-721.094
1298.74
-1173.51
2077.73
-1919.37
3402.46
-3137.65
5693.35
-5155.14
9680.99
-8567.8
16587.9
-14403.2
28505.7
49059.4
-0.000332079
0.0034149
-0.001146
0.00931269
-0.00273177
0.0214378
-0.00552389
0.0458151
-0.0102416
0.0943148
-0.018398
0.189508
-0.0334167
0.373296
-0.0508048
0.721841
-0.0107468
1.37841
0.192328
2.62836
1.35462
5.42867
1.79652
12.9659
0.318725
23.1563
-3.04064
33.8219
-6.19968
43.2796
-11.0523
61.7252
-18.1375
88.0866
-28.8951
127.756
-45.1923
187.189
-61.8371
249.883
-102.343
320.018
-164.981
446.937
-263.795
653.787
-422.499
993.41
-681.553
1557.8
-1110.09
2506.26
-1823.16
4115.54
-3005.2
6875.36
-4969.12
11644.9
-8273.19
19892
-13892.3
34124.5
58669.6
0.000214436
0.0032006
0.000255924
0.00927113
0.000498126
0.0211956
0.00159801
0.0447152
0.00500448
0.0909084
0.0138829
0.18063
0.0339141
0.353265
0.0744169
0.681338
0.155933
1.29689
0.334619
2.44967
1.14061
4.62268
3.10528
11.0013
5.10168
21.1596
-0.400245
39.3235
-3.29341
46.1727
-6.95716
65.389
-12.7425
93.872
-21.9005
136.914
-37.0792
202.368
-57.2776
270.081
-95.5136
358.254
-154.423
505.845
-247.435
746.798
-396.829
1142.8
-640.557
1801.52
-1043.53
2909.23
-1715.87
4787.88
-2839.87
7999.35
-4718.39
13523.4
-7875.06
23048.4
-13222.2
39471.8
67784.3
0.000326552
0.0028725
0.000816564
0.00877887
0.00183757
0.02017
0.00422703
0.0423267
0.00972392
0.0854162
0.0218743
0.168485
0.0474854
0.327656
0.0989599
0.629869
0.197749
1.19811
0.385997
2.26144
0.729856
4.27886
3.19241
8.53873
5.78255
18.5695
8.13707
36.9687
-0.0741134
54.3831
-3.37074
68.6857
-7.9875
98.4888
-15.6341
144.56
-30.6017
217.335
-52.9966
292.476
-88.6403
393.898
-143.74
560.945
-230.803
833.862
-370.641
1282.64
-598.645
2029.51
-975.262
3285.82
-1603.54
5416.13
-2656.84
9052.64
-4423.79
15290.3
-7393.64
26018
-12413.4
44491.5
76319.3
0.000271315
0.00259317
0.000964562
0.00807177
0.00240796
0.0187075
0.00533937
0.0393978
0.0115285
0.0792498
0.0245231
0.155507
0.0519276
0.30025
0.108097
0.573697
0.219113
1.08709
0.432776
2.04777
0.848881
3.86275
1.99038
7.39715
5.92645
14.6334
9.49547
33.3991
8.15454
55.7237
0.377254
76.4628
-3.83201
102.698
-10.2037
150.932
-26.9881
234.118
-48.7822
314.272
-81.7523
426.867
-133
612.192
-214.036
914.9
-344.194
1412.79
-556.283
2241.59
-906.197
3635.7
-1489.1
5999.01
-2465.71
10029.2
-4104.3
16928.8
-6857.58
28771.4
-11507.6
49140.5
84209.6
0.000228647
0.00236197
0.000974898
0.0073196
0.00269463
0.0169755
0.006124
0.0359702
0.0128481
0.0725337
0.0264001
0.141977
0.0538263
0.272834
0.10918
0.518361
0.218972
0.977333
0.433403
1.83341
0.859096
3.43717
1.77782
6.4786
4.05169
12.36
10.6091
26.8421
14.254
52.0789
4.19933
86.5164
-0.484044
107.381
-5.91034
156.358
-24.3046
252.509
-44.522
334.484
-74.9154
457.261
-122.279
659.555
-197.269
989.885
-317.734
1533.25
-513.889
2437.74
-837.144
3958.93
-1374.41
6536.21
-2271.82
10926.5
-3773.52
18430.1
-6294.98
31292.6
-10552.1
53397.1
91431.8
0.000203735
0.00215872
0.00087833
0.00664458
0.00254766
0.0153056
0.00601018
0.0325069
0.0126496
0.0658949
0.025313
0.129315
0.0497825
0.248363
0.0979993
0.47014
0.192211
0.883109
0.375667
1.64992
0.736441
3.07631
1.46481
5.75003
2.95947
10.8649
8.16896
21.6315
15.2299
45.0179
16.9256
84.8204
3.7093
120.597
-3.02834
163.095
-21.7385
271.216
-40.1755
352.919
-68.0717
485.157
-111.593
703.077
-180.575
1058.87
-291.441
1644.1
-471.878
2618.16
-768.674
4255.77
-1260.65
7028.14
-2078.55
11744.5
-3441.76
19793.6
-5729.2
33579.3
-9592.03
57259
97983.7
0.000180043
0.00198624
0.000742578
0.00609507
0.00214551
0.0139211
0.00513818
0.0295141
0.0109283
0.0600799
0.0215321
0.118707
0.041023
0.228891
0.0774216
0.43377
0.148568
0.812019
0.28836
1.51023
0.563959
2.80092
1.11258
5.20179
2.2239
9.75433
4.82013
19.0364
13.4563
36.3823
22.0537
76.2232
7.58934
135.059
-5.98313
176.668
-19.408
284.632
-35.9745
369.489
-61.3705
510.551
-101.094
742.803
-164.147
1121.92
-265.545
1745.5
-430.548
2783.14
-701.584
4526.81
-1148.94
7475.7
-1888.51
12483.9
-3117.62
21023.1
-5179.83
35642.4
-8663.45
60744
103888
0.000161616
0.00182482
0.000644515
0.0056127
0.00183715
0.0127294
0.00447035
0.0268826
0.00979123
0.0547619
0.0196388
0.108865
0.0369405
0.211594
0.0679216
0.402788
0.12561
0.754316
0.235039
1.40075
0.446832
2.589
0.862559
4.78578
1.6986
8.91769
3.64875
17.085
7.9651
32.0649
17.812
66.3758
17.5132
135.357
-6.59238
200.772
-17.2584
295.3
-32.0387
384.254
-54.9216
533.437
-90.8752
778.753
-148.107
1179.15
-240.266
1837.67
-390.229
2933.11
-636.29
4772.82
-1040.34
7879.71
-1704.82
13148.5
-2808.11
22126.1
-4660.75
37495.3
-7790.46
63874.9
109188
0.000182008
0.00166672
0.000670837
0.0051639
0.00179343
0.0116606
0.00413802
0.0245313
0.0089558
0.0498698
0.018442
0.0993374
0.0356691
0.194389
0.0656045
0.372868
0.117159
0.702788
0.210894
1.30707
0.386665
2.41331
0.724749
4.44784
1.40175
8.24081
2.93331
15.5529
5.89148
29.1053
16.3468
55.9231
27.0852
124.625
-5.10387
232.967
-15.1329
305.226
-28.2378
397.372
-48.646
553.841
-80.9062
811.014
-132.472
1230.72
-215.7
1920.9
-351.2
3068.64
-573.188
4994.77
-935.825
8242.3
-1530.51
13743.2
-2519.13
23114.5
-4180.34
39156.3
-6985.02
66678.2
113934
0.00013805
0.0015293
0.000520211
0.00478317
0.00140538
0.0107775
0.00333477
0.0226058
0.0073939
0.0458166
0.0155988
0.0911474
0.0311238
0.178891
0.058082
0.345952
0.10368
0.657268
0.184253
1.22663
0.329044
2.26874
0.596223
4.18107
1.10953
7.72837
2.1901
14.4744
4.29068
27.0058
8.51979
51.6871
24.322
108.797
-3.87758
261.165
-12.9132
314.376
-24.4798
408.933
-42.5027
571.852
-71.1896
839.699
-117.279
1276.81
-191.924
1995.54
-313.67
3190.4
-512.684
5193.81
-836.588
8565.66
-1368.04
14274.9
-2253.62
24000.2
-3741.68
40643
-6250.47
69187.7
118175
0.000104048
0.00142506
0.000388161
0.00449868
0.00103281
0.0101322
0.00241984
0.0212175
0.00532742
0.0429068
0.0112891
0.0851815
0.0231412
0.16703
0.0448283
0.324243
0.0806431
0.621374
0.139191
1.16787
0.241471
2.16607
0.431221
3.99049
0.802349
7.35534
1.59947
13.6728
3.07437
25.5275
6.00362
48.7551
20.9123
93.9161
-2.87003
284.967
-10.7226
322.334
-20.7669
418.937
-36.4937
587.571
-61.7204
864.918
-102.56
1317.64
-169.027
2062.01
-277.759
3299.12
-455.327
5371.37
-743.793
8854.6
-1219.13
14750.3
-2012.46
24794.7
-3344.36
41975.6
-5585.52
71427.8
121944
7.14951e-05
0.0013543
0.000260662
0.00431087
0.000675709
0.00971964
0.00154541
0.0203523
0.0033322
0.041128
0.00694359
0.0815843
0.014097
0.159902
0.0281178
0.310266
0.0544469
0.595131
0.0975776
1.12492
0.168997
2.09498
0.289261
3.87075
0.499434
7.14627
0.895454
13.2786
1.68682
24.7367
3.54791
46.9103
4.98503
92.4673
-2.00376
291.978
-8.42061
328.61
-17.1403
427.662
-30.6239
601.058
-52.5418
886.842
-88.3695
1353.47
-147.101
2120.75
-243.64
3395.66
-401.469
5529.15
-658.42
9111.79
-1083.84
15175.9
-1794.62
25503.8
-2985.79
43167.9
-4987.8
73427.8
125308
4.4169e-05
0.00131163
0.000155201
0.00420256
0.000387197
0.00949262
0.000871023
0.0198776
0.00191401
0.0401016
0.00423016
0.0792987
0.00926486
0.154923
0.0192575
0.300378
0.0365405
0.578026
0.0623025
1.09944
0.0963839
2.06128
0.139053
3.82886
0.194626
7.09171
0.259177
13.2158
0.213193
24.7813
0.573911
46.5375
-9.66485
102.669
-1.17572
283.352
-6.30839
333.294
-13.5801
434.874
-24.9275
612.386
-43.6729
905.58
-74.7654
1384.57
-126.242
2172.24
-211.525
3480.93
-351.535
5669.13
-580.759
9341
-961.807
15557
-1598.11
26140
-2663.73
44231.9
-4451.69
75223.1
128325
1.7056e-05
0.00129663
4.00837e-05
0.00418331
4.65689e-05
0.00949306
-3.26044e-05
0.0199694
-0.000379275
0.0404717
-0.00142568
0.0803893
-0.00399087
0.157573
-0.00941339
0.305963
-0.0204195
0.589347
-0.0432882
1.12287
-0.0903043
2.10916
-0.183545
3.92307
-0.372551
7.28131
-0.745392
13.5882
-1.54042
25.5753
-2.87586
47.8741
-19.4271
119.233
-0.362705
264.147
-4.27924
337.194
-10.1437
440.854
-19.3974
621.644
-35.1525
921.351
-61.7919
1411.22
-106.521
2216.98
-181.611
3556
-305.801
5793.33
-510.495
9545.61
-851.775
15897.6
-1421.14
26711.7
-2374.44
45186.4
-3973.1
76828.1
131012
9.17099e-06
0.00128857
2.86108e-06
0.00419166
-7.42354e-05
0.00957386
-0.000355686
0.0202576
-0.00114748
0.0412759
-0.00316286
0.0824267
-0.00808358
0.162533
-0.019809
0.317762
-0.0470461
0.616732
-0.108713
1.18488
-0.235055
2.2363
-0.454799
4.14448
-0.844582
7.67321
-1.62582
14.3712
-3.17613
27.1255
-10.3817
55.0924
-18.2714
127.154
1.0057
245.079
-2.2408
341.3
-6.80285
445.326
-14.0824
628.925
-26.9998
934.261
-49.4781
1433.7
-87.9994
2255.51
-154.064
3622.06
-264.283
5903.59
-447.109
9728.5
-752.356
16203.1
-1262.14
27220.1
-2114.91
46042.4
-3547.63
78244.8
133420
-1.34581e-06
0.00129126
-4.94531e-05
0.00424226
-0.000247348
0.00977638
-0.000835707
0.0208545
-0.002346
0.0428015
-0.00593297
0.0860408
-0.0139967
0.170644
-0.0315899
0.335437
-0.0700894
0.655365
-0.151556
1.26657
-0.320407
2.40571
-0.685548
4.51056
-1.4148
8.40397
-2.79217
15.7474
-5.58355
29.935
-18.0955
67.6265
-16.4081
125.488
3.79576
224.974
-0.321921
344.561
-3.62841
448.614
-9.00138
634.333
-19.2412
944.499
-37.8438
1452.31
-70.7338
2288.42
-128.973
3680.3
-226.78
6001.43
-389.933
9891.52
-662.666
16476.2
-1118.95
27676.1
-1883.61
46806.4
-3168.74
79530
135590
-8.41951e-06
0.00130072
-9.45582e-05
0.00433031
-0.00041726
0.0101026
-0.0013508
0.0217946
-0.00372144
0.0451844
-0.00932988
0.0916722
-0.0221509
0.183508
-0.0500815
0.363444
-0.105496
0.710917
-0.214997
1.37628
-0.454241
2.6451
-0.940148
4.99593
-1.91479
9.37203
-3.971
17.7834
-10.3285
36.2427
-16.6685
73.8778
-14.6305
123.347
4.29104
205.828
1.82488
347.442
-0.580196
451.061
-4.12663
637.898
-11.8669
952.247
-26.9001
1467.36
-54.8101
2316.36
-106.269
3731.77
-192.87
6087.99
-338.146
10035.6
-581.893
16719.3
-990.345
28086.3
-1677.16
47486.1
-2832.07
80689.3
137533
-1.49183e-05
0.00131604
-0.000141407
0.00445777
-0.00060223
0.0105652
-0.00191851
0.0231141
-0.00524596
0.0485176
-0.0130968
0.0995336
-0.0305136
0.200943
-0.0678151
0.400779
-0.14936
0.792497
-0.320965
1.54762
-0.638191
2.96031
-1.29088
5.64244
-2.7047
10.7725
-5.66694
20.7239
-12.5475
43.0871
-13.9494
75.2476
-13.1462
122.606
-3.53347
196.208
4.02926
344.232
2.61434
452.487
0.546122
639.952
-4.89019
957.695
-16.6601
1479.15
-40.3062
2340.04
-85.7464
3777.25
-162.187
6164.24
-291.236
10165.1
-508.917
16937.2
-875.225
28452.6
-1492.49
48103.2
-2533.39
81726.7
139277
-2.01734e-05
0.00133589
-0.000189201
0.00462634
-0.000805372
0.0111804
-0.00255243
0.0248591
-0.00689641
0.0528577
-0.0169213
0.109551
-0.0389162
0.222927
-0.0863465
0.448192
-0.185319
0.891513
-0.386334
1.74889
-0.831886
3.40773
-1.76367
6.57369
-3.6173
12.6381
-8.83536
26.0057
-10.882
45.2372
-11.4654
76.0249
-11.0725
122.122
-8.21003
192.417
6.37076
327.821
5.86156
452.956
5.17163
640.743
1.707
961.15
-7.12386
1487.99
-27.2975
2360.28
-67.163
3817.24
-134.342
6231.07
-248.744
10280.9
-443.235
17130.6
-771.948
28786.5
-1327.49
48665.5
-2269.01
82665.5
140912
-3.9797e-05
0.00137529
-0.000305799
0.00489152
-0.00123131
0.0121044
-0.0038003
0.0274253
-0.0100544
0.0591069
-0.0240807
0.12357
-0.0548986
0.253741
-0.124592
0.517904
-0.280452
1.04758
-0.609712
2.07874
-1.22055
4.0232
-2.38529
7.76219
-5.73355
16.0501
-8.0698
28.4219
-9.3121
46.5554
-9.24068
75.9341
-8.1036
120.859
-5.02114
189.029
8.75666
312.118
9.03441
453.028
9.59448
640.213
7.9959
962.755
1.70713
1494.3
-15.7292
2377.79
-50.3076
3851.9
-108.91
6290.29
-210.459
10380.9
-383.8
17306
-679.509
29077.9
-1180.48
49163.4
-2033.03
83544.7
142427
-8.84161e-05
0.00146314
-0.000603751
0.00540569
-0.00234113
0.0138395
-0.00721162
0.0322916
-0.0192534
0.0711414
-0.0474079
0.151714
-0.109865
0.316188
-0.235647
0.643685
-0.457713
1.26984
-0.829807
2.45281
-1.63351
4.83208
-3.74503
9.89593
-5.7694
18.1028
-6.80065
29.4664
-7.15383
46.8798
-6.4631
75.0044
-4.8862
119.079
-2.81126
186.552
11.2537
299.109
12.1519
452.303
13.773
638.414
13.8721
962.66
9.86169
1498.31
-5.45262
2393.19
-34.9318
3881.43
-85.8609
6341.16
-175.672
10470.6
-330.348
17461.9
-596.248
29325.8
-1048.94
49618
-1822.95
84321.9
143703
-0.000122698
0.00158421
-0.000780916
0.00606047
-0.00287723
0.0159288
-0.00841663
0.0378169
-0.0214748
0.0841715
-0.0486628
0.178849
-0.100395
0.367823
-0.22292
0.766118
-0.518299
1.56528
-1.15496
3.09007
-2.54913
6.23086
-4.11655
11.4674
-4.5717
18.5578
-4.57429
29.4651
-4.61253
46.9372
-3.47934
74.0406
-0.83308
116.733
1.73348
183.65
13.7123
290.54
15.1961
450.07
17.7561
635.883
19.3282
961.069
17.2224
1500.42
3.77212
2406.76
-20.8956
3906.52
-64.9329
6385.74
-144.098
10551.6
-282.44
17599.9
-521.088
29559.8
-930.765
50043.5
-1635.64
84970.3
144863
-0.000259792
0.00184287
-0.00147609
0.00727458
-0.00543662
0.019884
-0.0166134
0.0489839
-0.0457482
0.113253
-0.115302
0.248307
-0.258855
0.511123
-0.500083
1.00705
-0.894045
1.95888
-1.72376
3.91923
-2.50892
7.01425
-2.63256
11.5861
-2.58089
18.4981
-2.38723
29.2671
-1.81601
46.4259
-0.252387
72.5535
2.61186
113.684
7.69434
178.582
20.1232
276.577
18.3105
451.89
21.4836
632.632
24.3862
958.148
23.7311
1501.07
12.1888
2418.38
-8.10685
3927.18
-45.9249
6423.67
-115.503
10619.5
-239.308
17722.1
-452.872
29817.3
-825.351
50379.5
-1468.01
85597.4
145978
-0.00220441
0.00405384
-0.00653133
0.0116039
-0.0148734
0.0282333
-0.0386214
0.0727762
-0.0891705
0.163803
-0.1734
0.332475
-0.327963
0.665514
-0.586192
1.26484
-0.896065
2.26797
-1.03629
4.05749
-0.97719
6.95097
-0.792253
11.3895
-0.538664
18.2187
-0.0332123
28.7244
1.08885
45.2471
2.84484
70.6241
6.09294
110.213
12.6257
172.41
14.4134
275.029
22.2473
443.252
25.0667
630.13
29.0406
954.166
29.3565
1500.75
19.925
2427.93
3.55167
3943.81
-28.6773
6455.93
-89.6458
10685.5
-199.895
17838.1
-392.18
30024.7
-730.608
50697.7
-1316.79
86261.9
147125
-1.74275
0.0047018
-1.74092
0.010514
-1.73678
0.0223106
-1.70954
0.0455556
-1.63975
0.0941709
-1.49803
0.190609
-1.22789
0.394852
-0.777989
0.813733
-0.180811
1.66877
0.307693
3.56502
0.651706
6.59871
1.06129
10.9653
1.6048
17.6469
2.50173
27.7858
3.85698
43.8975
6.03168
68.2496
9.48353
106.977
15.8641
165.969
19.9539
271.363
26.5753
435.412
28.5323
628.247
33.3308
949.43
34.1263
1499.97
27.0827
2435.12
14.2651
3956.76
-13.0091
6482.96
-66.244
10732.3
-164.043
17920.9
-338.715
30153
-644.048
51057.1
-1180.69
86824.8
148096
-2.55587
0.00498004
-2.55572
0.0103647
-2.55436
0.0209614
-2.55033
0.0415291
-2.53637
0.0802329
-2.49943
0.153672
-2.39925
0.294594
-2.16005
0.574182
-1.61278
1.12066
-0.305054
2.25526
1.59881
4.68889
2.53108
10.0151
3.4557
16.6866
4.66228
26.5801
6.57086
41.9331
9.12412
65.8079
12.8559
103.49
19.4843
160.153
27.1654
263.67
31.5656
430.411
32.0426
627.933
37.2725
944.208
38.1913
1499.12
33.6921
2439.79
24.0255
3966.52
1.19637
6505.36
-45.0135
10773.8
-131.696
18010.8
-289.692
30278.1
-565.562
51363
-1057.89
87256.5
148924
-3.77181
0.00502683
-3.77137
0.00989942
-3.76966
0.0192107
-3.76506
0.0368468
-3.755
0.070009
-3.73366
0.132007
-3.68721
0.247533
-3.5679
0.4537
-3.30456
0.854888
-2.67597
1.62177
-1.13666
3.13627
2.51666
6.32337
4.69687
14.4565
6.35564
24.8982
8.6049
39.6299
11.6613
63.0192
15.6517
99.4268
22.7663
153.72
30.3957
255.487
49.6231
410.714
36.1371
641.9
40.9097
939.499
41.7482
1498.37
39.7849
2441.96
32.914
3973.45
14.2453
6523.63
-25.6856
10828.5
-102.682
18116.1
-243.977
30447.8
-495.312
51623.4
-945.754
87644.6
149554
-5.56538
0.00507068
-5.56503
0.00958959
-5.56384
0.0180064
-5.56056
0.0336069
-5.55292
0.0624022
-5.53621
0.115358
-5.50099
0.212347
-5.43793
0.390605
-5.30944
0.726395
-4.99529
1.30828
-4.27212
2.41493
-2.52612
4.57198
2.99474
8.92144
7.33877
20.5778
9.99422
37.0807
13.5981
59.5349
17.8963
94.911
24.1135
147.713
34.1706
244.478
45.8819
398.773
41.8973
645.831
44.362
937.176
45.0383
1497.78
45.3632
2441.8
41.006
3977.95
26.1176
6537.99
-8.13235
10856.6
-76.3648
18171
-202.437
30606.5
-432.154
51746.7
-843.696
88020.7
150325
-8.27902
0.00514703
-8.27883
0.00945982
-8.27805
0.0173274
-8.27591
0.031648
-8.27083
0.0576681
-8.25977
0.104907
-8.23735
0.191021
-8.19297
0.348049
-8.09579
0.632073
-7.93149
1.14875
-7.5421
2.03469
-6.66509
3.70825
-4.58905
6.84012
3.03195
12.9701
10.7487
29.44
14.687
55.5752
19.3174
90.2866
26.0357
140.759
34.8328
234.345
45.971
387.583
51.9274
639.696
47.7294
942.043
48.1564
1497.42
50.4696
2439.72
48.3919
3980.27
36.9193
6548.61
7.82874
10869.8
-52.208
18191.7
-165.218
30715.8
-374.334
51917.8
-749.975
88571.5
151295
-11.9921
0.00516564
-11.992
0.00930658
-11.9914
0.0167421
-11.9897
0.030076
-11.9859
0.0539609
-11.9776
0.096703
-11.9595
0.173133
-11.921
0.309758
-11.8432
0.554071
-11.6898
0.992385
-11.4445
1.78197
-10.9524
3.20263
-9.90303
5.7645
-7.42761
10.4291
2.50099
19.4781
15.0855
42.9886
20.1989
85.226
27.3415
133.512
36.9776
224.999
49.9236
375.581
60.8395
629.113
51.29
949.855
51.245
1497.44
55.1199
2435.96
55.1312
3980.45
46.7512
6556.41
22.3658
10916.8
-30.0233
18264.7
-131.922
30787.9
-321.071
52253.2
-664.319
89014
151820
-17.9061
0.00516573
-17.906
0.00918297
-17.9056
0.0163134
-17.9045
0.0289624
-17.9021
0.0513884
-17.8968
0.0911323
-17.8857
0.161538
-17.863
0.286264
-17.818
0.507385
-17.7301
0.901027
-17.5605
1.60527
-17.231
2.85959
-16.5812
5.09012
-15.2968
9.08197
-12.2311
16.3845
0.560915
30.2392
20.3435
65.4847
27.2616
126.798
38.197
214.347
50.848
364.158
67.3357
612.694
55.6888
959.85
54.2311
1498.42
59.3698
2431.13
61.2837
3978.53
55.7027
6561.06
35.6148
10943.2
-9.90476
18351.5
-101.025
30878
-271.226
52488.1
-586.815
89084.7
152068
-27.737
0.00519477
-27.737
0.00915214
-27.7369
0.0161196
-27.7364
0.0283837
-27.7351
0.0499655
-27.7322
0.0879388
-27.7259
0.154744
-27.7127
0.272287
-27.686
0.479232
-27.6317
0.844343
-27.5224
1.49145
-27.3095
2.638
-26.8985
4.66172
-26.0973
8.24636
-24.4121
14.6464
-20.4926
26.2701
-3.26362
48.1634
27.0916
95.7558
38.288
203.298
48.8323
353.394
68.3695
592.369
61.7294
965.443
57.3057
1502.92
63.2507
2425.54
66.8996
3975.02
63.8615
6564.06
47.6893
10927.5
8.46649
18363.6
-72.1958
30987.6
-226.093
52458.1
-514.695
89203.8
152889
-42.5085
0.0052631
-42.5086
0.00921728
-42.5087
0.0161403
-42.5087
0.0282595
-42.5084
0.0494724
-42.5074
0.0865967
-42.5049
0.15155
-42.499
0.265117
-42.4852
0.46332
-42.4522
0.807536
-42.3705
1.40298
-42.1897
2.44513
-41.8349
4.28507
-41.1595
7.53234
-39.828
13.2519
-37.0108
23.3669
-30.6177
41.6664
-10.4269
75.447
37.6232
155.455
49.1676
341.365
69.8243
570.426
62.7576
971.854
60.2942
1505.3
66.8071
2419.14
72.0172
3969.86
71.302
6562.55
58.8275
10937.4
25.2888
18360.6
-45.9791
31037
-185.495
52507
-446.344
89843.2
153648
-66.5254
0.005317
-66.5254
0.00927498
-66.5256
0.0161785
-66.5257
0.0282188
-66.5259
0.0492153
-66.5255
0.0858224
-66.5243
0.14962
-66.5211
0.260638
-66.5131
0.453066
-66.4929
0.783297
-66.4439
1.34653
-66.3365
2.32417
-66.1154
4.03935
-65.6858
7.05911
-64.9148
12.4118
-63.7397
22.0963
-61.8295
39.7417
-56.7498
70.7505
-32.0082
131.137
47.8967
261.276
64.3183
553.976
78.3822
957.162
63.5073
1519.4
70.0679
2412.4
76.6831
3962.89
78.0971
6564.63
68.9512
10994.2
40.772
18447.6
-22.0135
31080.1
-147.197
52873.5
-383.674
90224.4
153548
-111.846
0.00541258
-111.847
0.0094173
-111.847
0.0163847
-111.847
0.0285062
-111.848
0.0495936
-111.849
0.0862778
-111.851
0.15009
-111.854
0.261085
-111.859
0.454123
-111.873
0.789801
-111.913
1.37341
-112.002
2.38867
-112.16
4.15534
-112.307
7.14563
-112.309
12.3259
-111.987
21.6341
-109.77
37.3861
-105.427
66.4401
-95.3565
121.323
-57.0832
222.928
64.5368
432.461
78.4498
942.553
68.7917
1527.15
73.1404
2408.03
80.9242
3953.97
84.3017
6556.55
78.3458
10992.5
54.9717
18473.9
0.250647
31196
-111.043
53095.5
-326.871
89980.5
153853
-175.261
0.0056069
-175.261
0.00973874
-175.262
0.0169152
-175.263
0.0293796
-175.265
0.0510278
-175.267
0.0886249
-175.272
0.153917
-175.28
0.267289
-175.293
0.464092
-175.313
0.805484
-175.347
1.39665
-175.393
2.41762
-175.45
4.18174
-175.595
7.24308
-175.907
12.5652
-176.221
21.8342
-176.803
37.7868
-172.971
62.4502
-164.122
112.707
-150.36
210.607
-111.627
394.382
78.6901
749.869
70.7399
1532.87
76.0883
2401.04
84.7826
3946.15
89.9367
6551.49
86.6991
10931.3
68.0368
18403.9
20.8322
31173.7
-78.2564
52896.9
-273.442
90051.3
154843
-269.081
0.0058939
-269.082
0.0102257
-269.083
0.0177412
-269.084
0.0307799
-269.085
0.0534002
-269.088
0.0926408
-269.093
0.16071
-269.103
0.278763
-269.119
0.483452
-269.146
0.838125
-269.192
1.45186
-269.271
2.51072
-269.397
4.33204
-269.577
7.47289
-269.844
12.9272
-270.242
22.4128
-271.057
38.9049
-275.745
67.6773
-277.281
115.324
-268.286
204.233
-253.415
382.01
-185.318
682.808
89.4902
1252.87
79.4263
2410.22
88.2872
3934.25
95.1131
6553.57
94.8402
10965.5
80.1199
18458.4
39.8687
31208.5
-47.8098
52865.7
-222.122
90717.8
155230
-423.699
0.00602046
-423.699
0.0104377
-423.699
0.0180957
-423.699
0.0313723
-423.7
0.0543888
-423.701
0.0942905
-423.703
0.16346
-423.706
0.283359
-423.708
0.491166
-423.712
0.851275
-423.718
1.4752
-423.732
2.55628
-423.769
4.43105
-423.865
7.68764
-424.075
13.3301
-424.454
23.1053
-424.943
40.0415
-425.169
69.2417
-429.295
119.889
-428.531
203.033
-416.362
367.908
-389.394
646.462
-280.337
1127.67
87.2257
2033.18
91.5317
3928.57
99.7909
6517.53
101.899
11025.4
91.3228
18560.3
57.5149
31406.8
-19.0284
53220.9
-174.272
91013.7
154922
-650.357
0.00591911
-650.357
0.0102571
-650.356
0.0177743
-650.357
0.0308006
-650.357
0.0533738
-650.356
0.0924907
-650.356
0.160276
-650.356
0.277746
-650.354
0.481325
-650.353
0.834161
-650.35
1.44562
-650.345
2.50408
-650.328
4.33835
-650.278
7.51533
-650.155
13.0154
-649.972
22.539
-649.866
39.0528
-650.197
67.839
-651.392
118.01
-654.994
204.411
-649.389
355.692
-635.269
619.386
-606.613
1080.99
-449.742
1857.63
109.867
3355.71
104.255
6539.22
108.667
10949.7
101.707
18483.1
73.9264
31274.1
7.81045
53436.6
-130.302
90639.2
155131
-997.328
0.00586526
-997.328
0.0101606
-997.328
0.0176016
-997.328
0.0304918
-997.328
0.0528224
-997.327
0.0915064
-997.325
0.158522
-997.323
0.274612
-997.318
0.475704
-997.31
0.823912
-997.294
1.4262
-997.262
2.4681
-997.221
4.29088
-997.154
7.43886
-997.051
12.9008
-996.904
22.3698
-996.612
38.7688
-995.267
67.2087
-993.336
116.667
-997.091
208.258
-992.954
351.45
-984.277
609.808
-963.481
1057.08
-940.638
1827.52
-757.859
3165.65
139.782
5649.74
114.418
10985.6
111.066
18412.8
89.3126
31160
32.8921
53320.8
-88.5843
90556.7
155957
-1528.74
0.0058885
-1528.74
0.0101987
-1528.74
0.017664
-1528.74
0.0305937
-1528.74
0.0529875
-1528.74
0.0917736
-1528.74
0.15895
-1528.73
0.275302
-1528.73
0.476824
-1528.72
0.825879
-1528.71
1.43049
-1528.69
2.47788
-1528.64
4.29236
-1528.54
7.43611
-1528.32
12.8854
-1528.04
22.3588
-1528.14
39.2966
-1528.79
68.5103
-1530.36
119.156
-1522.07
201.386
-1517.54
348.897
-1509.1
604.434
-1500.56
1046.99
-1486.17
1812.71
-1462.51
3139.45
-1273.74
5454.75
139.807
9593.9
120.031
18516.4
104.114
31482.7
56.1907
53134.8
-48.7887
91190.2
156386
-2328.12
0.00590191
-2328.12
0.0102206
-2328.12
0.0176995
-2328.12
0.030651
-2328.12
0.0530796
-2328.12
0.0919206
-2328.12
0.159183
-2328.12
0.275669
-2328.13
0.477397
-2328.13
0.826793
-2328.13
1.43214
-2328.13
2.48284
-2328.16
4.3139
-2328.23
7.50575
-2328.38
13.0349
-2328.62
22.6063
-2327.94
38.6265
-2326.29
66.8964
-2322.91
115.851
-2322.07
200.63
-2321.2
347.448
-2319.52
601.707
-2316.46
1042.05
-2307.44
1804.69
-2292.3
3125.84
-2264.34
5415.71
-2079.72
9395.73
33.1118
16409.6
118.565
31255
78.4331
53366.7
-11.4321
91548.2
155960
-3554.89
0.00590262
-3554.89
0.0102209
-3554.89
0.0176984
-3554.89
0.0306465
-3554.89
0.0530672
-3554.89
0.0918907
-3554.89
0.159117
-3554.89
0.275526
-3554.9
0.477097
-3554.9
0.826133
-3554.9
1.4305
-3554.9
2.47696
-3554.87
4.2887
-3554.77
7.42513
-3554.56
12.8577
-3554.13
22.2662
-3553.9
38.5568
-3553.69
66.7746
-3554.28
115.622
-3553.86
200.217
-3552.97
346.698
-3551.7
600.367
-3549.16
1039.66
-3545.07
1800.42
-3537.63
3117.97
-3523.63
5400.51
-3483.19
9359.04
-3301.74
16224.2
-273.663
28228.6
103.324
53011.8
23.9798
91063.8
155864
-5434.38
0.00590277
-5434.38
0.0102206
-5434.38
0.0176969
-5434.38
0.030642
-5434.38
0.0530563
-5434.38
0.0918665
-5434.38
0.159066
-5434.38
0.275422
-5434.39
0.476891
-5434.39
0.825736
-5434.4
1.42978
-5434.41
2.47576
-5434.41
4.28736
-5434.42
7.42635
-5434.42
12.8631
-5434.4
22.2634
-5434.35
38.5309
-5434.21
66.6762
-5433.9
115.452
-5433.58
199.95
-5433
346.233
-5431.84
599.532
-5430.01
1037.98
-5429.47
1797.72
-5424.92
3113.01
-5415.9
5390.81
-5394.14
9337.21
-5348.17
16179.6
-5150.08
28022.7
-889.061
48735.2
57.7384
90302.5
156530
-8308.27
0.00590263
-8308.27
0.01022
-8308.27
0.0176951
-8308.27
0.0306378
-8308.27
0.053047
-8308.27
0.091847
-8308.27
0.159026
-8308.27
0.275342
-8308.27
0.476735
-8308.27
0.825429
-8308.27
1.42916
-8308.26
2.47445
-8308.26
4.28411
-8308.55
7.41636
-8308.78
12.8372
-8308.74
22.223
-8308.75
38.4835
-8308.82
66.6442
-8308.89
115.423
-8308.78
199.878
-8308.87
346.099
-8308.08
599.083
-8306.72
1037.22
-8304.17
1796.23
-8299.26
3109.89
-8295
5384.62
-8284.63
9324.59
-8253.75
16153.1
-8208.47
27977.7
-7945.12
48472.6
-1920.22
84243.3
154594
-12702.6
0.00590259
-12702.6
0.0102196
-12702.6
0.0176941
-12702.6
0.0306353
-12702.6
0.0530415
-12702.6
0.0918351
-12702.6
0.159002
-12702.6
0.275293
-12702.6
0.476638
-12702.6
0.825243
-12702.6
1.42881
-12702.5
2.47382
-12702.5
4.28314
-12702.5
7.41576
-12702.4
12.839
-12702.3
22.2263
-12703.2
38.4833
-12703.7
66.6352
-12703.8
115.36
-12703.4
199.724
-12702.9
345.765
-12703.1
598.792
-12703.9
1037.1
-12703.6
1795.52
-12699.8
3109.59
-12691.4
5381.5
-12685.2
9316.21
-12671.7
16136.1
-12638.1
27948.3
-12576
48394.2
-12175.3
83846.8
145756
-19421.3
0.00590256
-19421.3
0.0102194
-19421.3
0.0176935
-19421.3
0.0306337
-19421.3
0.0530377
-19421.3
0.0918272
-19421.3
0.158985
-19421.3
0.27526
-19421.3
0.476574
-19421.3
0.825118
-19421.4
1.42857
-19421.5
2.47337
-19421.6
4.28229
-19421.7
7.41433
-19421.8
12.8391
-19421.8
22.2344
-19421.4
38.4994
-19419
66.6592
-19417
115.391
-19418.1
199.729
-19418.4
345.684
-19418.6
598.468
-19418.6
1036.08
-19417.9
1794.26
-19423.6
3107.49
-19420.4
5379.11
-19408.3
9315.11
-19401.3
16127.6
-19381.7
27922.9
-19343
48357.9
-19253.1
83749.2
145145
-29694.2
-29694.2
-29694.2
-29694.2
-29694.2
-29694.2
-29694.2
-29694.2
-29694.2
-29694.2
-29694.1
-29694.1
-29694.1
-29694.2
-29694.2
-29693.7
-29691.7
-29691.8
-29691.7
-29692
-29692.7
-29692.3
-29690.5
-29690.3
-29690.5
-29695.5
-29692.7
-29685.8
-29668.7
-29646.5
-29592.6
)
;

boundaryField
{
    QUAD_bdy____1
    {
        type            empty;
    }
    QUAD_bdy____2
    {
        type            empty;
    }
    QUAD_bdy____3
    {
        type            calculated;
        value           nonuniform List<scalar> 
32
(
0.00590254
0.0102193
0.017693
0.0306326
0.0530353
0.091822
0.158975
0.275239
0.476532
0.825037
1.42842
2.47307
4.28172
7.4131
12.8346
22.221
38.472
66.608
115.321
199.66
345.679
598.488
1036.19
1793.99
3106.03
5377.66
9310.74
16120.6
27912.2
48331.3
83696.1
144966
)
;
    }
    QUAD_bdy____4
    {
        type            calculated;
        value           nonuniform List<scalar> 
32
(
0.00590254
0.0102193
0.017693
0.0306326
0.0530353
0.091822
0.158975
0.275239
0.476532
0.825037
1.42842
2.47307
4.28172
7.4131
12.8346
22.221
38.4721
66.6081
115.321
199.66
345.679
598.488
1036.19
1794
3106.03
5377.66
9310.74
16120.6
27912.2
48331.3
83696.1
144965
)
;
    }
    QUAD_bdy____5
    {
        type            calculated;
        value           uniform 0;
    }
    QUAD_bdy____6
    {
        type            calculated;
        value           nonuniform List<scalar> 
112
(
29785.4
19676.4
9587.65
2543.65
2134.84
2109.31
2091.56
2073.01
2053.42
2032.67
2010.42
1986.72
1961.46
1934.26
1904.74
1872.69
1837.89
1799.76
1757.8
1711.44
1659.86
1602.05
1537.09
1463.65
1380.04
1284.09
1173.39
1044.97
894.999
718.852
510.763
263.901
-29.8718
-380.233
-798.36
-1296.75
-1889.06
-2589.8
-3413.77
-4375.4
-5487.45
-6758.51
-8188.68
-9763.72
-11449.9
-13193
-14925.3
-16580.1
-18109.7
-19497.3
-20751.4
-21887.5
-22910.7
-23812.4
-24578
-25194.4
-25653.3
-25950.3
-26085.6
-26064.7
-25895.7
-25580.1
-25100.5
-24420.7
-23503.2
-22336.2
-20947.8
-19400.7
-17773.9
-16143.8
-14570.1
-13091.4
-11727.4
-10484.9
-9363.12
-8357.16
-7460.12
-6663.75
-5959.07
-5336.79
-4787.68
-4302.93
-3874.35
-3494.58
-3157.03
-2855.97
-2586.44
-2344.2
-2125.58
-1927.47
-1747.23
-1582.6
-1431.66
-1292.76
-1164.51
-1045.67
-935.201
-832.23
-735.957
-645.676
-560.78
-480.851
-405.329
-333.798
-265.926
-201.44
-140.059
-82.0294
-50.0672
-3412.35
-18580.2
-29418.2
)
;
    }
}


// ************************************************************************* //
