/*--------------------------------*- C++ -*----------------------------------*\
  =========                 |
  \\      /  F ield         | OpenFOAM: The Open Source CFD Toolbox
   \\    /   O peration     | Website:  https://openfoam.org
    \\  /    A nd           | Version:  12
     \\/     M anipulation  |
\*---------------------------------------------------------------------------*/
FoamFile
{
    format      ascii;
    class       volScalarField;
    location    "0.018";
    object      rho;
}
// * * * * * * * * * * * * * * * * * * * * * * * * * * * * * * * * * * * * * //

dimensions      [1 -3 0 0 0 0 0];

internalField   nonuniform List<scalar> 
3584
(
1.15862
1.15862
1.15862
1.15862
1.15862
1.15862
1.15862
1.15862
1.15862
1.15862
1.15862
1.15862
1.15862
1.15862
1.15862
1.15862
1.15862
1.15862
1.15862
1.15862
1.15862
1.15862
1.15862
1.15862
1.15862
1.15862
1.15862
1.15862
1.15862
1.15862
1.15862
1.15862
1.15862
1.15862
1.15862
1.15862
1.15862
1.15862
1.15862
1.15862
1.15862
1.15862
1.15862
1.15862
1.15862
1.15862
1.15863
1.15862
1.15862
1.15862
1.15861
1.15862
1.15862
1.15862
1.15862
1.15862
1.15862
1.15862
1.15862
1.15862
1.15862
1.15862
1.15862
1.15862
1.15862
1.15862
1.15862
1.15862
1.15862
1.15862
1.15862
1.15862
1.15862
1.15862
1.15862
1.15862
1.15862
1.15862
1.15862
1.15862
1.15862
1.15862
1.15862
1.15862
1.15862
1.15862
1.15862
1.15862
1.15862
1.15862
1.15862
1.15862
1.15862
1.15862
1.15862
1.15862
1.15861
1.15861
1.15861
1.15861
1.15861
1.15861
1.15861
1.15861
1.15861
1.15861
1.15861
1.15861
1.15861
1.15861
1.15861
1.15861
1.15862
1.15862
1.15862
1.15862
1.15862
1.15862
1.15862
1.15862
1.15862
1.15862
1.15862
1.15861
1.15862
1.15862
1.15862
1.15862
1.15861
1.15861
1.15861
1.15861
1.15861
1.15861
1.15861
1.15861
1.15861
1.15861
1.15861
1.15861
1.15861
1.1586
1.1586
1.1586
1.1586
1.15861
1.1586
1.1586
1.15861
1.1586
1.15861
1.1586
1.15861
1.15861
1.15861
1.15861
1.15862
1.15862
1.15865
1.15865
1.15853
1.15853
1.15853
1.15853
1.15853
1.15853
1.15853
1.15853
1.15853
1.15852
1.15852
1.15852
1.15852
1.15852
1.15852
1.15852
1.15853
1.15853
1.15853
1.15853
1.15854
1.15857
1.15862
1.15862
1.1586
1.15858
1.15855
1.1586
1.15862
1.15867
1.15857
1.1586
1.15805
1.15805
1.15805
1.15805
1.15805
1.15804
1.15804
1.15803
1.15802
1.158
1.15797
1.15794
1.15792
1.15791
1.1579
1.15788
1.15786
1.15783
1.15782
1.15787
1.15792
1.15831
1.159
1.15904
1.15874
1.15845
1.15841
1.1586
1.15853
1.15853
1.15859
1.1586
1.15303
1.15303
1.15303
1.15303
1.15303
1.15302
1.15302
1.153
1.15299
1.15296
1.15292
1.15287
1.15282
1.15278
1.15274
1.15271
1.15267
1.15263
1.15263
1.1529
1.1529
1.15561
1.16104
1.16086
1.15873
1.15744
1.1584
1.15849
1.15869
1.15857
1.15861
1.15861
1.14499
1.14499
1.14499
1.14499
1.14499
1.145
1.145
1.14501
1.14503
1.14505
1.14508
1.14512
1.14516
1.14519
1.1452
1.14518
1.14511
1.14503
1.14508
1.14565
1.14595
1.15284
1.16496
1.1593
1.15376
1.1568
1.15818
1.15881
1.15873
1.15862
1.15866
1.15863
1.15855
1.15855
1.15855
1.15855
1.15855
1.15855
1.15855
1.15855
1.15855
1.15855
1.15856
1.1586
1.15868
1.15883
1.15907
1.15946
1.15988
1.16038
1.16068
1.16017
1.15277
1.1531
1.15705
1.14595
1.14536
1.15646
1.15862
1.15867
1.15867
1.15869
1.15864
1.15864
1.18231
1.18231
1.18232
1.18233
1.18235
1.18238
1.18242
1.1825
1.18262
1.18277
1.18296
1.18312
1.18325
1.1834
1.18365
1.18414
1.18495
1.18546
1.18499
1.18016
1.15765
1.12778
1.12492
1.12294
1.14465
1.15663
1.15858
1.15847
1.15863
1.15868
1.15864
1.15861
1.14319
1.14319
1.1432
1.1432
1.14322
1.14326
1.14332
1.14342
1.14356
1.14373
1.1439
1.14401
1.14409
1.14419
1.14439
1.14534
1.14673
1.15384
1.15456
1.13238
1.10944
1.11309
1.1177
1.12108
1.14592
1.15668
1.15834
1.15853
1.15852
1.1586
1.15858
1.1586
1.08698
1.08699
1.08699
1.08699
1.087
1.087
1.08702
1.08706
1.0871
1.08715
1.08719
1.08721
1.08726
1.08742
1.08786
1.08855
1.08867
1.0849
1.05928
1.04796
1.0964
1.12629
1.06404
1.12159
1.14733
1.15685
1.15815
1.15873
1.15856
1.15856
1.15858
1.15863
1.05929
1.0593
1.0593
1.05931
1.05931
1.05931
1.05929
1.05927
1.0592
1.05905
1.0588
1.05847
1.05802
1.0573
1.05611
1.05429
1.05105
1.0381
0.995742
1.01608
1.06352
1.00469
1.05505
1.12294
1.14938
1.15693
1.15832
1.15873
1.15861
1.15861
1.15862
1.15865
1.04297
1.04298
1.04299
1.043
1.04301
1.04301
1.043
1.04297
1.04292
1.04284
1.04269
1.04237
1.0417
1.04037
1.03821
1.0341
1.02135
0.970632
0.967058
1.02694
0.960526
0.979478
1.05576
1.12464
1.15114
1.15711
1.15857
1.15861
1.15871
1.15869
1.15866
1.15863
1.03341
1.03342
1.03342
1.03341
1.0334
1.03338
1.03334
1.03325
1.03312
1.03288
1.03247
1.03174
1.03028
1.02737
1.02248
1.00779
0.960253
0.939474
0.961945
0.925309
0.933472
0.972778
1.05585
1.12537
1.15208
1.15741
1.15846
1.15849
1.15863
1.15866
1.15863
1.1586
1.03557
1.03558
1.03557
1.03556
1.03551
1.03543
1.03531
1.0351
1.03476
1.03423
1.03332
1.03162
1.02826
1.02297
1.009
0.959283
0.936889
0.940265
0.95508
0.896962
0.924602
0.973119
1.05901
1.13146
1.153
1.15744
1.1582
1.15853
1.15854
1.15858
1.15858
1.15861
1.0527
1.05273
1.05275
1.05279
1.05284
1.0529
1.05293
1.05287
1.05264
1.05211
1.05115
1.0494
1.04487
1.03272
0.982646
0.946514
0.929053
0.949696
0.861761
0.882018
0.924185
0.969419
1.06327
1.13624
1.15399
1.15748
1.15824
1.15861
1.15863
1.15858
1.1586
1.15861
1.07092
1.07087
1.07085
1.07085
1.07087
1.07093
1.07101
1.07108
1.07101
1.07068
1.07062
1.06885
1.05908
1.01575
0.993171
0.954272
0.910078
0.778333
0.818626
0.881729
0.923858
0.972587
1.07822
1.14367
1.15479
1.15756
1.15832
1.15875
1.1587
1.15864
1.15865
1.15861
1.07131
1.07121
1.07113
1.07104
1.07094
1.07083
1.07078
1.07087
1.07093
1.07039
1.06835
1.05694
1.00678
0.994282
0.997129
0.950964
0.705391
0.696342
0.807924
0.882644
0.929318
0.987167
1.09358
1.14715
1.15528
1.15761
1.15856
1.1587
1.15863
1.15867
1.15865
1.15863
1.05878
1.05865
1.05853
1.05844
1.05835
1.05834
1.05847
1.05896
1.05907
1.05777
1.04656
0.987819
0.982094
0.993969
0.911221
0.731745
0.654932
0.671978
0.812489
0.886389
0.951844
1.02424
1.11676
1.15121
1.15585
1.15772
1.15848
1.15853
1.15855
1.15864
1.1586
1.15864
1.04906
1.04893
1.0489
1.04897
1.04926
1.04975
1.05018
1.05117
1.04665
1.02835
0.963804
0.948089
0.934318
0.723232
0.674152
0.638091
0.624382
0.689382
0.814752
0.90489
0.986
1.05863
1.1312
1.15269
1.15609
1.15777
1.1583
1.15852
1.15858
1.15857
1.15859
1.15861
1.0298
1.02975
1.02989
1.03033
1.031
1.0315
1.02945
1.02505
0.985314
0.921073
0.92094
0.856043
0.655165
0.586612
0.584842
0.59895
0.611637
0.691018
0.849778
0.942751
1.02584
1.09771
1.14444
1.15461
1.15678
1.15784
1.15836
1.1586
1.15864
1.15859
1.15861
1.1586
0.991846
0.990881
0.991619
0.988018
0.983477
0.97026
0.948179
0.887731
0.825031
0.764755
0.616982
0.585896
0.537576
0.542423
0.549084
0.577032
0.598163
0.70227
0.899086
0.975803
1.06327
1.12503
1.14961
1.15516
1.15675
1.15791
1.15852
1.15872
1.15867
1.15864
1.15865
1.15862
0.539773
0.539705
0.538202
0.536285
0.533284
0.528321
0.525544
0.529999
0.538048
0.537488
0.511852
0.515736
0.505577
0.5153
0.533811
0.551026
0.595833
0.722326
0.938193
1.01914
1.10024
1.14296
1.15358
1.15597
1.15685
1.15805
1.15861
1.15868
1.15865
1.15866
1.15864
1.15864
0.502889
0.502927
0.502589
0.501977
0.500881
0.499692
0.498603
0.496893
0.491692
0.482364
0.473793
0.47733
0.485381
0.505029
0.527586
0.543152
0.587643
0.80382
0.966697
1.05641
1.13098
1.1503
1.15485
1.15629
1.15698
1.15814
1.15849
1.15854
1.15863
1.15863
1.15861
1.15863
0.452979
0.452978
0.452788
0.452446
0.452162
0.451555
0.450522
0.448867
0.446369
0.441112
0.446255
0.4625
0.481806
0.498828
0.526261
0.542759
0.608475
0.803762
0.994019
1.09418
1.14843
1.1548
1.15608
1.15669
1.15709
1.1581
1.15846
1.15855
1.1586
1.15859
1.1586
1.15861
0.425177
0.425127
0.424979
0.424684
0.424228
0.423727
0.422965
0.421511
0.419686
0.418452
0.428694
0.451276
0.472837
0.493499
0.527378
0.553593
0.627335
0.847427
1.03782
1.1198
1.15537
1.15635
1.15651
1.15684
1.15723
1.15813
1.1585
1.15866
1.15862
1.15862
1.15862
1.15861
0.406904
0.406835
0.406663
0.406351
0.405859
0.405097
0.404082
0.402668
0.401596
0.402296
0.414165
0.439684
0.463578
0.491432
0.53105
0.566955
0.676179
0.908212
1.07125
1.14424
1.15903
1.15726
1.15698
1.15694
1.15735
1.15817
1.15853
1.15868
1.15863
1.15864
1.15864
1.15862
0.393486
0.393413
0.393232
0.392908
0.392379
0.391531
0.390277
0.388809
0.388007
0.390286
0.402794
0.431549
0.455757
0.486048
0.539758
0.580049
0.69214
0.915036
1.09499
1.15675
1.15989
1.15749
1.15718
1.15714
1.15743
1.1582
1.15861
1.1586
1.15861
1.15861
1.15862
1.15863
0.382666
0.382605
0.382463
0.382235
0.38191
0.381484
0.380968
0.380366
0.380103
0.382645
0.401638
0.444308
0.474519
0.49729
0.538833
0.603572
0.724815
0.950918
1.12497
1.16469
1.16046
1.15775
1.15734
1.15733
1.15753
1.15824
1.15859
1.15856
1.15861
1.15861
1.15861
1.15863
0.377309
0.377306
0.377296
0.377278
0.377264
0.377294
0.377514
0.378404
0.38137
0.391048
0.420906
0.458431
0.488671
0.513953
0.549122
0.610722
0.738451
0.944261
1.14345
1.16754
1.16059
1.15773
1.1575
1.1575
1.15766
1.15827
1.15855
1.15859
1.15863
1.15862
1.15861
1.15862
0.379251
0.379334
0.379527
0.379854
0.38039
0.381298
0.382895
0.385843
0.391638
0.403488
0.42676
0.46259
0.492618
0.518043
0.54638
0.596307
0.726897
0.972295
1.15254
1.16907
1.16143
1.15784
1.15769
1.15767
1.15773
1.15832
1.15858
1.1586
1.15862
1.15862
1.15862
1.15862
0.389562
0.389613
0.389731
0.389931
0.390261
0.390826
0.391823
0.393698
0.397565
0.406282
0.42462
0.450181
0.472025
0.490978
0.517145
0.58919
0.726961
1.03577
1.17183
1.1695
1.16186
1.15787
1.15789
1.15786
1.15779
1.15835
1.1586
1.15863
1.15861
1.15862
1.15862
1.15862
0.399362
0.399333
0.399282
0.399219
0.399131
0.39901
0.398923
0.399096
0.400278
0.404553
0.416547
0.432232
0.44365
0.459719
0.483005
0.546609
0.723586
1.05007
1.18119
1.16994
1.16192
1.15812
1.15778
1.15781
1.15805
1.1584
1.15857
1.15864
1.15862
1.15862
1.15862
1.15862
0.407316
0.407214
0.407025
0.406776
0.406511
0.406339
0.406504
0.407621
0.411242
0.421135
0.440028
0.460728
0.478536
0.496861
0.519498
0.548634
0.722185
1.07366
1.18663
1.17013
1.16106
1.15818
1.15775
1.15781
1.15816
1.15848
1.15857
1.15863
1.15863
1.15862
1.15862
1.15862
0.455396
0.4555
0.455714
0.456064
0.456626
0.457562
0.459215
0.46245
0.469713
0.487409
0.518777
0.543134
0.566349
0.587199
0.62598
0.692461
0.770987
1.13647
1.18924
1.17029
1.16026
1.1581
1.15777
1.15804
1.15813
1.15845
1.15858
1.1586
1.15862
1.15862
1.15862
1.15862
0.494791
0.49484
0.494963
0.495204
0.495645
0.496422
0.497977
0.501735
0.509979
0.52466
0.543462
0.566514
0.587661
0.608563
0.638463
0.74259
0.831755
1.1921
1.19022
1.16459
1.15966
1.15805
1.15784
1.15802
1.15819
1.15846
1.15861
1.15861
1.15862
1.15862
1.15862
1.15862
0.509689
0.509593
0.509475
0.509395
0.509489
0.510122
0.512012
0.516327
0.526008
0.54208
0.556382
0.567634
0.584449
0.606564
0.650973
0.767145
0.87373
1.2135
1.19067
1.16227
1.15931
1.15806
1.15801
1.15805
1.15824
1.15848
1.15861
1.15863
1.15862
1.15862
1.15862
1.15862
0.572908
0.572995
0.573194
0.573581
0.574336
0.575935
0.579497
0.587687
0.605123
0.63016
0.651443
0.673048
0.700539
0.740123
0.832283
0.940997
1.03928
1.23951
1.19126
1.16099
1.15901
1.15824
1.15818
1.15812
1.15828
1.15851
1.1586
1.15862
1.15862
1.15862
1.15862
1.15862
0.605031
0.604997
0.605075
0.60542
0.606369
0.608689
0.614151
0.625324
0.639775
0.655354
0.675508
0.699698
0.733224
0.790241
0.915641
1.0129
1.19852
1.26016
1.19146
1.16033
1.15894
1.15838
1.15825
1.15824
1.15835
1.15853
1.1586
1.15862
1.15862
1.15862
1.15862
1.15862
0.661277
0.661347
0.661607
0.662362
0.664203
0.668513
0.677952
0.69454
0.709457
0.722666
0.739405
0.763518
0.801291
0.884463
1.03282
1.1467
1.28162
1.26905
1.19154
1.15983
1.15887
1.15844
1.15836
1.15836
1.15843
1.15854
1.1586
1.15862
1.15862
1.15862
1.15862
1.15862
0.757717
0.7578
0.758328
0.759759
0.763152
0.770701
0.784603
0.800981
0.815885
0.834355
0.859439
0.895993
0.957922
1.05366
1.18364
1.34635
1.33563
1.27584
1.18667
1.15973
1.15887
1.15852
1.15848
1.15847
1.15849
1.15856
1.15861
1.15862
1.15862
1.15862
1.15862
1.15862
0.847782
0.847991
0.848835
0.851187
0.856604
0.866796
0.879326
0.88536
0.901143
0.922939
0.955383
1.00783
1.08622
1.16893
1.35758
1.42384
1.34277
1.21907
1.17587
1.15963
1.15884
1.15859
1.15855
1.15854
1.15855
1.15858
1.15861
1.15862
1.15862
1.15862
1.15862
1.15862
0.970698
0.971157
0.972743
0.976964
0.985573
0.997923
1.00728
1.02124
1.03992
1.06913
1.11781
1.19124
1.26081
1.36326
1.51213
1.46428
1.35873
1.18892
1.1693
1.15968
1.15884
1.15863
1.15859
1.15858
1.15859
1.1586
1.15861
1.15862
1.15862
1.15862
1.15862
1.15862
1.07965
1.08026
1.08258
1.08814
1.09636
1.10429
1.11276
1.13054
1.15779
1.20422
1.28228
1.36222
1.41596
1.58043
1.5785
1.47429
1.24165
1.17305
1.16486
1.15965
1.1588
1.15865
1.15861
1.1586
1.1586
1.15861
1.15862
1.15862
1.15862
1.15862
1.15862
1.15862
1.19349
1.19459
1.1987
1.20644
1.21512
1.22162
1.23737
1.26116
1.30219
1.37318
1.47342
1.5297
1.63962
1.68427
1.59719
1.2971
1.19968
1.1667
1.16217
1.15966
1.15881
1.15866
1.15862
1.15861
1.15861
1.15861
1.15862
1.15862
1.15862
1.15862
1.15862
1.15862
1.30136
1.30359
1.31017
1.31892
1.32484
1.3375
1.35829
1.3954
1.46028
1.55176
1.65608
1.73272
1.80418
1.72017
1.3538
1.22152
1.17905
1.16289
1.16064
1.15937
1.1588
1.15867
1.15863
1.15862
1.15862
1.15862
1.15862
1.15862
1.15862
1.15862
1.15862
1.15862
1.43483
1.43895
1.44671
1.45432
1.46349
1.4817
1.51398
1.5706
1.65492
1.74539
1.82167
1.96638
1.87489
1.38873
1.24503
1.19078
1.1688
1.16158
1.15994
1.1592
1.15881
1.15868
1.15864
1.15862
1.15862
1.15862
1.15862
1.15862
1.15862
1.15862
1.15862
1.15862
1.59546
1.60084
1.60785
1.61166
1.62718
1.65363
1.6996
1.77275
1.85495
1.90324
2.05373
2.0768
1.88394
1.27586
1.20436
1.17413
1.16473
1.16081
1.15958
1.15907
1.15881
1.15868
1.15864
1.15863
1.15862
1.15862
1.15862
1.15862
1.15862
1.15862
1.15862
1.15862
1.76971
1.7779
1.78492
1.79473
1.81278
1.84546
1.89913
1.96982
2.00003
2.06167
2.16522
2.10095
1.42836
1.22752
1.18244
1.1692
1.16279
1.1605
1.15947
1.15902
1.15881
1.15869
1.15864
1.15863
1.15862
1.15862
1.15862
1.15862
1.15862
1.15862
1.15862
1.15862
1.95686
1.96285
1.96592
1.98069
2.00295
2.03768
2.08053
2.10885
2.12886
2.28341
2.19737
1.54579
1.30248
1.20688
1.17828
1.16673
1.16233
1.16023
1.15938
1.15898
1.15879
1.15869
1.15865
1.15863
1.15862
1.15862
1.15862
1.15862
1.15862
1.15862
1.15862
1.15862
2.13292
2.1408
2.14691
2.15728
2.17484
2.19677
2.2069
2.20933
2.22309
2.37096
2.07799
1.39843
1.2563
1.19813
1.17591
1.16654
1.1621
1.16025
1.15936
1.15897
1.15879
1.1587
1.15865
1.15863
1.15863
1.15862
1.15862
1.15862
1.15862
1.15862
1.15862
1.15862
2.26918
2.27566
2.28092
2.28994
2.29971
2.30436
2.29896
2.29621
2.31915
2.38231
1.68756
1.37592
1.24401
1.19616
1.17539
1.16616
1.16207
1.16016
1.15933
1.15895
1.15878
1.1587
1.15866
1.15864
1.15863
1.15862
1.15862
1.15862
1.15862
1.15862
1.15862
1.15862
2.3739
2.37826
2.38271
2.3865
2.38624
2.38352
2.37745
2.38449
2.43033
2.30835
1.61158
1.35521
1.23965
1.19367
1.17454
1.16592
1.16194
1.16014
1.15931
1.15894
1.15877
1.15869
1.15866
1.15864
1.15863
1.15862
1.15862
1.15862
1.15862
1.15862
1.15862
1.15862
2.4453
2.44866
2.45249
2.45248
2.45206
2.45137
2.44668
2.46421
2.51475
2.24205
1.59017
1.34234
1.23585
1.19246
1.17407
1.16573
1.16188
1.1601
1.1593
1.15893
1.15877
1.15869
1.15866
1.15864
1.15863
1.15862
1.15862
1.15862
1.15862
1.15862
1.15862
1.15862
2.50802
2.51067
2.51029
2.51037
2.51249
2.51168
2.50693
2.52116
2.5556
2.24056
1.58671
1.3413
1.23537
1.19239
1.17408
1.16574
1.16188
1.16011
1.1593
1.15893
1.15877
1.15869
1.15866
1.15864
1.15863
1.15862
1.15862
1.15862
1.15862
1.15862
1.15862
1.15862
2.57304
2.57548
2.57386
2.57073
2.56922
2.56591
2.5577
2.55711
2.57215
2.30919
1.59211
1.34346
1.23575
1.19235
1.17404
1.16572
1.16188
1.16011
1.15931
1.15895
1.15878
1.1587
1.15866
1.15864
1.15863
1.15862
1.15862
1.15862
1.15862
1.15862
1.15862
1.15862
2.64957
2.65067
2.64916
2.64286
2.63252
2.62122
2.59863
2.58503
2.58508
2.45225
1.6703
1.3652
1.2423
1.19469
1.17494
1.16611
1.16206
1.16021
1.15937
1.15898
1.1588
1.15871
1.15866
1.15864
1.15863
1.15862
1.15862
1.15862
1.15862
1.15862
1.15862
1.15862
2.73644
2.73648
2.73438
2.72691
2.71106
2.68529
2.64726
2.61865
2.6206
2.69478
1.78344
1.37331
1.24847
1.19749
1.17609
1.16664
1.1623
1.16034
1.15944
1.15903
1.15883
1.15872
1.15866
1.15864
1.15863
1.15862
1.15862
1.15862
1.15862
1.15862
1.15862
1.15862
2.80537
2.80458
2.80156
2.7934
2.77671
2.74934
2.70859
2.65598
2.63448
2.67633
2.34199
1.4334
1.28271
1.20468
1.1782
1.16735
1.16264
1.16051
1.15954
1.15908
1.15885
1.15872
1.15866
1.15864
1.15863
1.15862
1.15862
1.15862
1.15862
1.15862
1.15862
1.15862
2.83406
2.8334
2.83111
2.82524
2.81257
2.78939
2.75388
2.69948
2.64338
2.6242
2.58826
1.65895
1.30672
1.20984
1.18089
1.16864
1.16313
1.16074
1.15965
1.15914
1.15888
1.15872
1.15866
1.15864
1.15863
1.15862
1.15862
1.15862
1.15862
1.15862
1.15862
1.15862
2.78716
2.7868
2.78587
2.78309
2.77658
2.7633
2.73963
2.70329
2.64632
2.60016
2.58312
2.54031
1.38222
1.24949
1.18738
1.17042
1.16382
1.16102
1.1598
1.15922
1.15891
1.15872
1.15866
1.15864
1.15863
1.15862
1.15862
1.15862
1.15862
1.15862
1.15862
1.15862
2.69305
2.6933
2.69313
2.69269
2.69086
2.68663
2.67821
2.66224
2.62884
2.58073
2.54867
2.54249
1.6202
1.2679
1.20605
1.17418
1.16501
1.1615
1.16001
1.15932
1.15891
1.15872
1.15866
1.15864
1.15863
1.15862
1.15862
1.15862
1.15862
1.15862
1.15862
1.15862
2.56002
2.56017
2.56059
2.56075
2.56102
2.56038
2.55833
2.55474
2.55285
2.53968
2.49016
2.51755
2.50519
1.40407
1.2566
1.18067
1.16699
1.16215
1.16033
1.15948
1.15891
1.15873
1.15866
1.15864
1.15863
1.15862
1.15862
1.15862
1.15862
1.15862
1.15862
1.15862
2.41795
2.41859
2.41922
2.41958
2.42036
2.42145
2.42256
2.42371
2.42502
2.42935
2.42443
2.44964
2.4695
1.66705
1.36107
1.20452
1.17293
1.16372
1.16104
1.1597
1.15893
1.15874
1.15867
1.15864
1.15863
1.15862
1.15862
1.15862
1.15862
1.15862
1.15862
1.15862
2.2926
2.29324
2.29372
2.29441
2.29531
2.29761
2.30035
2.30382
2.30881
2.31736
2.33572
2.3445
2.37462
2.43161
1.59462
1.2441
1.18275
1.16647
1.16241
1.15983
1.15898
1.15876
1.15868
1.15864
1.15863
1.15863
1.15862
1.15862
1.15862
1.15862
1.15862
1.15862
2.15363
2.15437
2.15575
2.15665
2.158
2.15967
2.16322
2.16779
2.1744
2.18512
2.2059
2.22041
2.24681
2.37939
2.23221
1.36565
1.2128
1.17363
1.16461
1.16004
1.15911
1.1588
1.15869
1.15865
1.15863
1.15863
1.15862
1.15862
1.15862
1.15862
1.15862
1.15862
2.02434
2.02495
2.02649
2.02846
2.03023
2.03199
2.03489
2.03921
2.04573
2.05628
2.07442
2.09575
2.13622
2.23692
2.22303
1.57007
1.25725
1.18505
1.16787
1.1605
1.15926
1.15886
1.15872
1.15866
1.15864
1.15863
1.15862
1.15862
1.15862
1.15862
1.15862
1.15862
1.91693
1.91731
1.91842
1.92051
1.92302
1.92547
1.92817
1.93357
1.94019
1.94948
1.96376
1.98402
2.02338
2.11575
2.17005
2.10899
1.37815
1.21432
1.17309
1.16146
1.15963
1.15898
1.15875
1.15867
1.15864
1.15863
1.15862
1.15862
1.15862
1.15862
1.15862
1.15862
1.81862
1.81884
1.81949
1.82089
1.82328
1.82582
1.82837
1.83175
1.83989
1.84964
1.86276
1.88141
1.91508
1.98852
2.03842
2.08416
1.56579
1.26125
1.17741
1.16283
1.15995
1.15908
1.15879
1.15868
1.15865
1.15863
1.15862
1.15862
1.15862
1.15862
1.15862
1.15862
1.72416
1.72434
1.7249
1.72618
1.72868
1.73272
1.73712
1.7423
1.74801
1.75562
1.76598
1.78151
1.80925
1.862
1.92065
2.00821
2.02871
1.35577
1.17796
1.16361
1.16025
1.15919
1.15883
1.1587
1.15865
1.15863
1.15863
1.15862
1.15862
1.15862
1.15862
1.15862
1.62042
1.62055
1.62098
1.62192
1.62387
1.62739
1.6327
1.63732
1.64244
1.6522
1.66343
1.67841
1.70231
1.74214
1.7942
1.88775
1.996
1.4353
1.17676
1.16406
1.16043
1.15923
1.15884
1.15871
1.15865
1.15863
1.15863
1.15862
1.15862
1.15862
1.15862
1.15862
1.52683
1.52692
1.52725
1.52798
1.52947
1.53249
1.53795
1.54514
1.55276
1.56187
1.57277
1.58696
1.60761
1.63949
1.68419
1.78242
1.88971
1.58486
1.17534
1.16478
1.16053
1.1593
1.15886
1.15871
1.15866
1.15863
1.15863
1.15862
1.15862
1.15862
1.15862
1.15862
1.45455
1.45461
1.4548
1.45534
1.45644
1.45869
1.46314
1.47117
1.47979
1.48778
1.49978
1.51431
1.53363
1.56089
1.60173
1.67646
1.79137
1.6271
1.17805
1.16547
1.16076
1.15933
1.15888
1.15872
1.15866
1.15864
1.15863
1.15862
1.15862
1.15862
1.15862
1.15862
1.41116
1.41119
1.41128
1.41153
1.41218
1.41363
1.41673
1.42296
1.43362
1.44522
1.45767
1.47102
1.48767
1.50876
1.5481
1.62212
1.76378
1.80601
1.18415
1.16678
1.16097
1.15942
1.15891
1.15873
1.15866
1.15864
1.15863
1.15862
1.15862
1.15862
1.15862
1.15862
1.40767
1.40768
1.40773
1.40787
1.40819
1.40899
1.41084
1.41488
1.42263
1.43458
1.44764
1.46315
1.48116
1.50319
1.54062
1.60388
1.75334
1.82227
1.18864
1.16857
1.16131
1.15948
1.15892
1.15874
1.15867
1.15864
1.15863
1.15862
1.15862
1.15862
1.15862
1.15862
1.41231
1.41232
1.41234
1.41241
1.41264
1.41321
1.41456
1.4176
1.4238
1.43413
1.44724
1.46234
1.47859
1.49853
1.5388
1.60933
1.74293
1.79832
1.19535
1.17053
1.16164
1.15956
1.15895
1.15875
1.15867
1.15864
1.15863
1.15862
1.15862
1.15862
1.15862
1.15862
1.4163
1.4163
1.41632
1.41637
1.41652
1.41688
1.41776
1.41987
1.42465
1.43404
1.44782
1.46354
1.48203
1.50408
1.5451
1.61603
1.73859
1.77395
1.20127
1.1746
1.162
1.15965
1.15896
1.15876
1.15868
1.15864
1.15863
1.15862
1.15862
1.15862
1.15862
1.15862
1.42322
1.42322
1.42325
1.42332
1.42349
1.42386
1.42468
1.42664
1.43114
1.44006
1.45361
1.46925
1.48488
1.50575
1.55115
1.64187
1.73718
1.75211
1.23138
1.1765
1.1623
1.15963
1.15898
1.15876
1.15868
1.15865
1.15863
1.15862
1.15862
1.15862
1.15862
1.15862
1.42369
1.4237
1.42372
1.42377
1.4239
1.42422
1.42498
1.42666
1.43028
1.43802
1.45103
1.46774
1.48855
1.51353
1.55837
1.6462
1.72977
1.73327
1.24131
1.17982
1.16248
1.15969
1.15897
1.15877
1.15869
1.15865
1.15863
1.15862
1.15862
1.15862
1.15862
1.15862
1.4229
1.42291
1.42293
1.42299
1.42312
1.42346
1.42424
1.42603
1.43014
1.43937
1.45236
1.46944
1.48897
1.51213
1.55744
1.64866
1.70621
1.72018
1.28469
1.18494
1.16298
1.15969
1.15899
1.15879
1.1587
1.15865
1.15863
1.15862
1.15862
1.15862
1.15862
1.15862
1.41983
1.41984
1.41987
1.41994
1.42011
1.42051
1.42145
1.42378
1.42837
1.43702
1.4511
1.46808
1.48771
1.51372
1.56599
1.64573
1.69654
1.7151
1.35045
1.19177
1.16363
1.15984
1.159
1.1588
1.15871
1.15865
1.15863
1.15862
1.15862
1.15862
1.15862
1.15862
1.41384
1.41386
1.4139
1.41403
1.41433
1.41501
1.41676
1.41983
1.42534
1.43508
1.45155
1.4693
1.49453
1.52526
1.57509
1.63486
1.68145
1.70503
1.35822
1.1995
1.16488
1.15997
1.15904
1.15883
1.15873
1.15866
1.15863
1.15862
1.15862
1.15862
1.15862
1.15862
1.4048
1.40487
1.40503
1.4054
1.40625
1.40838
1.41106
1.41483
1.41807
1.42993
1.44927
1.47496
1.50384
1.53158
1.56731
1.59539
1.65568
1.70229
1.38642
1.22086
1.16604
1.16027
1.15906
1.15888
1.15876
1.15868
1.15863
1.15862
1.15862
1.15862
1.15862
1.15862
1.38128
1.38148
1.38202
1.38347
1.38664
1.38916
1.39058
1.39436
1.40412
1.41986
1.44605
1.47849
1.50397
1.52336
1.54148
1.56421
1.62431
1.69306
1.4537
1.2284
1.16833
1.16048
1.15912
1.15897
1.15881
1.15869
1.15863
1.15862
1.15861
1.15862
1.15862
1.15862
1.3388
1.33971
1.34216
1.34501
1.34802
1.35324
1.35851
1.35971
1.37161
1.40092
1.4401
1.4716
1.49252
1.50255
1.52265
1.54271
1.59496
1.67232
1.54785
1.247
1.17051
1.16105
1.15917
1.1591
1.15892
1.15871
1.15863
1.15862
1.15862
1.15862
1.15862
1.15862
1.36338
1.35163
1.33422
1.31471
1.29265
1.27832
1.28046
1.30128
1.32632
1.3673
1.41052
1.44575
1.46539
1.47635
1.49194
1.51776
1.5506
1.63005
1.58137
1.32662
1.17736
1.16167
1.15934
1.1592
1.15906
1.15874
1.15864
1.15863
1.15864
1.15861
1.15862
1.15862
0.992559
0.991884
0.994792
1.00296
1.01508
1.04314
1.07626
1.12986
1.19168
1.26037
1.32954
1.38054
1.41568
1.43629
1.46147
1.48272
1.51828
1.56963
1.57962
1.36097
1.18768
1.16302
1.15943
1.15934
1.15918
1.15879
1.15864
1.15863
1.15864
1.15861
1.15863
1.15862
1.02972
1.0293
1.02867
1.02799
1.02812
1.02951
1.03465
1.04886
1.07386
1.12525
1.20371
1.2692
1.34105
1.38324
1.41661
1.44465
1.48545
1.52349
1.57966
1.44795
1.20604
1.165
1.15977
1.15945
1.15926
1.15881
1.15862
1.15861
1.15861
1.15863
1.15863
1.15863
1.04907
1.04892
1.04875
1.04834
1.04761
1.04668
1.04664
1.04817
1.05239
1.06647
1.09719
1.16442
1.23502
1.30278
1.34945
1.39969
1.44824
1.47914
1.57124
1.53393
1.25561
1.16941
1.16006
1.15967
1.15936
1.15883
1.15863
1.15862
1.1586
1.15864
1.15862
1.15862
1.0588
1.05875
1.0587
1.0586
1.05841
1.0579
1.05657
1.05558
1.05644
1.05884
1.0659
1.09046
1.14373
1.21068
1.26954
1.33959
1.38971
1.4313
1.55019
1.53199
1.31522
1.17816
1.16111
1.15981
1.15945
1.15883
1.15865
1.15865
1.15863
1.15862
1.15861
1.15861
1.07133
1.07129
1.07128
1.07108
1.07099
1.07062
1.06986
1.06808
1.06665
1.06735
1.07037
1.07468
1.0909
1.13209
1.19094
1.25955
1.33191
1.37228
1.50683
1.52336
1.47061
1.19341
1.16219
1.16014
1.15962
1.15883
1.15861
1.15861
1.15864
1.1586
1.15861
1.15862
1.07092
1.07089
1.07089
1.07085
1.07083
1.07075
1.07061
1.07021
1.06877
1.06633
1.06604
1.0681
1.07217
1.07978
1.11646
1.18199
1.25977
1.29323
1.43261
1.50824
1.47206
1.22639
1.1657
1.16035
1.15975
1.15883
1.15862
1.15858
1.15863
1.15861
1.15864
1.15863
1.0527
1.0527
1.0527
1.05269
1.05268
1.05267
1.05258
1.05239
1.05193
1.05181
1.05259
1.05449
1.05747
1.06263
1.07729
1.11551
1.19811
1.23021
1.35987
1.47869
1.46574
1.26531
1.16975
1.16093
1.15989
1.15883
1.15867
1.15864
1.15861
1.15864
1.15864
1.15861
1.03557
1.03558
1.03559
1.03562
1.03565
1.03574
1.03584
1.03605
1.03638
1.03692
1.03782
1.03935
1.04198
1.04651
1.05467
1.07208
1.11541
1.15424
1.27119
1.43551
1.45324
1.35896
1.17943
1.1617
1.16002
1.15883
1.15862
1.15865
1.15862
1.15864
1.1586
1.15861
1.03341
1.03342
1.03342
1.03342
1.03344
1.03346
1.0335
1.03357
1.03372
1.03403
1.03465
1.03574
1.03757
1.04055
1.04536
1.05303
1.06665
1.09228
1.2099
1.36424
1.41834
1.35694
1.19044
1.16287
1.16008
1.15882
1.15857
1.15858
1.15863
1.15859
1.1586
1.15864
1.04297
1.04297
1.04298
1.04297
1.04298
1.04297
1.04298
1.04299
1.04302
1.04311
1.04334
1.04381
1.04473
1.0463
1.04911
1.05476
1.06374
1.08527
1.15483
1.2736
1.35925
1.35488
1.21208
1.16405
1.16024
1.15882
1.15869
1.15859
1.1586
1.1586
1.15866
1.15863
1.05928
1.05928
1.05929
1.05929
1.05929
1.05928
1.05926
1.05921
1.05913
1.05898
1.05882
1.05877
1.05894
1.0596
1.06137
1.06567
1.07456
1.08946
1.1211
1.18963
1.30137
1.34978
1.25273
1.16741
1.16028
1.15883
1.15875
1.15867
1.15862
1.15866
1.15864
1.1586
1.08698
1.08698
1.08697
1.08697
1.08695
1.08694
1.0869
1.08684
1.0867
1.08639
1.08563
1.08474
1.08438
1.08449
1.08473
1.08524
1.08571
1.09557
1.10811
1.13623
1.23001
1.30299
1.25255
1.17341
1.16037
1.15879
1.15854
1.15862
1.15864
1.15865
1.15858
1.15862
1.14319
1.14318
1.14317
1.14315
1.14313
1.14308
1.14303
1.1429
1.14272
1.1424
1.1419
1.14113
1.13992
1.1371
1.135
1.13426
1.13437
1.13641
1.13777
1.16344
1.21868
1.25345
1.24977
1.1856
1.16025
1.15884
1.15847
1.15856
1.15859
1.15858
1.15861
1.15865
1.18231
1.1823
1.1823
1.18229
1.18227
1.18225
1.18219
1.1821
1.18194
1.18162
1.18104
1.18
1.17814
1.17544
1.17204
1.16955
1.16741
1.16275
1.15963
1.17338
1.20395
1.22387
1.22323
1.18817
1.16053
1.15884
1.15878
1.15868
1.15864
1.15857
1.15866
1.15861
1.15855
1.15855
1.15855
1.15855
1.15855
1.15855
1.15856
1.15856
1.15855
1.15854
1.15846
1.1582
1.15772
1.1573
1.15691
1.15628
1.15566
1.15524
1.155
1.16237
1.17321
1.18092
1.1829
1.17226
1.16127
1.15888
1.15885
1.15868
1.15865
1.15865
1.15863
1.15859
1.14499
1.14499
1.14499
1.14499
1.14499
1.145
1.14501
1.14502
1.14504
1.14508
1.14517
1.14533
1.14565
1.14607
1.14634
1.14642
1.14652
1.14726
1.15029
1.15309
1.15607
1.1591
1.16296
1.16203
1.16045
1.15888
1.15848
1.15845
1.15859
1.15869
1.15858
1.15862
1.15303
1.15303
1.15303
1.15303
1.15303
1.15304
1.15303
1.15304
1.15304
1.15305
1.15308
1.15315
1.15331
1.15363
1.15429
1.15503
1.15558
1.1561
1.15657
1.15708
1.15777
1.15864
1.15951
1.15943
1.1592
1.15887
1.15867
1.15867
1.15864
1.15862
1.15863
1.15864
1.15805
1.15805
1.15805
1.15805
1.15805
1.15806
1.15806
1.15807
1.15807
1.1581
1.15816
1.15829
1.1584
1.15847
1.15849
1.1585
1.15851
1.15853
1.15855
1.15859
1.15867
1.15875
1.1588
1.15879
1.15875
1.15871
1.15866
1.15863
1.15862
1.15852
1.15866
1.15864
1.15853
1.15853
1.15853
1.15853
1.15853
1.15853
1.15853
1.15853
1.15854
1.15854
1.15855
1.15857
1.15858
1.15858
1.15858
1.15858
1.15858
1.15859
1.1586
1.15861
1.15861
1.15862
1.15863
1.15864
1.15864
1.15865
1.15864
1.15863
1.15863
1.15865
1.1586
1.15861
1.15861
1.15861
1.15861
1.15861
1.15861
1.15861
1.15861
1.15861
1.15861
1.15861
1.15862
1.15862
1.15863
1.15863
1.15863
1.15863
1.15863
1.15863
1.15862
1.15862
1.15862
1.15862
1.15862
1.15862
1.15863
1.15863
1.15863
1.15862
1.15862
1.15862
1.15862
1.15859
1.15861
1.15861
1.15861
1.15861
1.15861
1.15861
1.15861
1.15861
1.15861
1.15861
1.15861
1.15861
1.15861
1.15862
1.15862
1.15862
1.15862
1.15862
1.15862
1.15862
1.15862
1.15862
1.15862
1.15862
1.15862
1.15862
1.15862
1.15862
1.15862
1.15862
1.15862
1.15863
1.15862
1.15862
1.15862
1.15862
1.15862
1.15862
1.15862
1.15862
1.15862
1.15862
1.15862
1.15862
1.15862
1.15862
1.15862
1.15862
1.15862
1.15862
1.15862
1.15862
1.15862
1.15862
1.15862
1.15862
1.15862
1.15862
1.15862
1.15862
1.15862
1.15862
1.15862
1.15862
1.15862
1.15862
1.15862
1.15862
1.15862
1.15862
1.15862
1.15862
1.15862
1.15862
1.15862
1.15862
1.15862
1.15862
1.15862
1.15862
1.15862
1.15862
1.15862
1.15862
1.15862
1.15862
1.15862
1.15862
1.15862
1.15862
1.15862
1.15862
1.15862
1.15862
1.15862
1.15862
1.15862
1.15862
1.15862
1.15862
1.15862
1.15862
1.15862
1.15862
1.15862
1.15862
1.15862
1.15862
1.15862
1.15862
1.15862
1.15862
1.15862
1.15862
1.15862
1.15862
1.15862
1.15862
1.15862
1.15862
1.15862
1.15862
1.15862
1.15862
1.15862
1.15862
1.15862
1.15862
)
;

boundaryField
{
    QUAD_bdy____1
    {
        type            empty;
    }
    QUAD_bdy____2
    {
        type            empty;
    }
    QUAD_bdy____3
    {
        type            calculated;
        value           uniform 1.15862;
    }
    QUAD_bdy____4
    {
        type            calculated;
        value           uniform 1.15862;
    }
    QUAD_bdy____5
    {
        type            calculated;
        value           nonuniform List<scalar> 
64
(
0.539773
0.502889
0.452979
0.425177
0.406904
0.393486
0.382666
0.377309
0.379251
0.389562
0.399362
0.407316
0.455396
0.494791
0.509689
0.572908
0.605031
0.661277
0.757717
0.847782
0.970698
1.07965
1.19349
1.30136
1.43483
1.59546
1.76971
1.95686
2.13292
2.26918
2.3739
2.4453
2.50802
2.57304
2.64957
2.73644
2.80537
2.83406
2.78716
2.69305
2.56002
2.41795
2.2926
2.15363
2.02434
1.91693
1.81862
1.72416
1.62042
1.52683
1.45455
1.41116
1.40767
1.41231
1.4163
1.42322
1.42369
1.4229
1.41983
1.41384
1.4048
1.38128
1.3388
1.36338
)
;
    }
    QUAD_bdy____6
    {
        type            calculated;
        value           nonuniform List<scalar> 
112
(
1.15862
1.15862
1.15862
1.15862
1.15865
1.1586
1.1586
1.15861
1.15863
1.15864
1.15861
1.1586
1.15863
1.15865
1.15863
1.1586
1.15861
1.15861
1.15861
1.15863
1.15864
1.15861
1.1586
1.15862
1.15864
1.15863
1.15861
1.15861
1.15862
1.15863
1.15863
1.15862
1.15861
1.15863
1.15862
1.15862
1.15862
1.15862
1.15862
1.15862
1.15862
1.15862
1.15862
1.15862
1.15862
1.15862
1.15862
1.15862
1.15862
1.15862
1.15862
1.15862
1.15862
1.15862
1.15862
1.15862
1.15862
1.15862
1.15862
1.15862
1.15862
1.15862
1.15862
1.15862
1.15862
1.15862
1.15862
1.15862
1.15862
1.15862
1.15862
1.15862
1.15862
1.15862
1.15862
1.15862
1.15862
1.15862
1.15862
1.15862
1.15862
1.15862
1.15862
1.15862
1.15863
1.15862
1.15862
1.15862
1.15863
1.15863
1.15862
1.15861
1.15863
1.15864
1.15861
1.1586
1.15864
1.15863
1.15859
1.15862
1.15866
1.15861
1.15858
1.15863
1.15865
1.15865
1.1586
1.15858
1.15863
1.15862
1.15862
1.15862
)
;
    }
}


// ************************************************************************* //
