/*--------------------------------*- C++ -*----------------------------------*\
  =========                 |
  \\      /  F ield         | OpenFOAM: The Open Source CFD Toolbox
   \\    /   O peration     | Website:  https://openfoam.org
    \\  /    A nd           | Version:  12
     \\/     M anipulation  |
\*---------------------------------------------------------------------------*/
FoamFile
{
    format      ascii;
    class       volScalarField;
    location    "0.008";
    object      epsilon;
}
// * * * * * * * * * * * * * * * * * * * * * * * * * * * * * * * * * * * * * //

dimensions      [0 2 -3 0 0 0 0];

internalField   nonuniform List<scalar> 
3584
(
28605
28605.6
28605.6
28605.6
28605.6
28605.5
28605.5
28605.5
28605.4
28605.3
28605
28604.6
28603.9
28602.7
28600.5
28596.4
28588.6
28570.9
28517.7
28358
28115.2
27964.5
27925
27920.3
27920
27920
27920.1
27920
27920.1
27920.1
27920.1
27920.1
28604.9
28605.5
28605.5
28605.5
28605.4
28605.4
28605.4
28605.4
28605.3
28605.2
28604.9
28604.5
28603.9
28602.7
28600.4
28596.4
28588.5
28570.9
28517.7
28357.8
28115.1
27964.5
27925
27920.3
27920.1
27920.1
27920.1
27920.1
27920
27920.1
27920.1
27920
28605.1
28605.6
28605.6
28605.6
28605.6
28605.6
28605.6
28605.5
28605.5
28605.3
28605.1
28604.7
28604
28602.8
28600.6
28596.6
28588.8
28570.9
28517.6
28357.7
28114.9
27964.4
27924.9
27920.3
27920.1
27920
27920.1
27920.1
27920.1
27920.1
27920.1
27920.1
28605
28605.5
28605.5
28605.5
28605.5
28605.5
28605.4
28605.4
28605.3
28605.2
28605
28604.6
28603.8
28602.5
28600.3
28596.4
28588.5
28570.9
28517.6
28357.6
28114.6
27964.4
27924.9
27920.3
27920.2
27920.1
27920.1
27920.1
27920
27920
27920
27920.1
28604.6
28605.2
28605.2
28605.2
28605.1
28605.1
28605.1
28605.1
28605
28604.9
28604.7
28604.3
28603.6
28602.3
28600
28595.9
28588.1
28570.5
28517.4
28357
28114.4
27964.1
27924.9
27920.2
27920.1
27920.1
27920.1
27920
27920.1
27920.1
27920
27919.4
28605.1
28605.6
28605.6
28605.6
28605.6
28605.6
28605.5
28605.5
28605.4
28605.2
28605
28604.6
28603.9
28602.9
28600.8
28596.2
28588.3
28570.4
28516.8
28356.5
28113.5
27964
27924.7
27920.2
27919.9
27920
27920
27920.1
27920.2
27920.2
27921.3
27920.6
28604.6
28605.2
28605.2
28605.2
28605.1
28605.1
28605.1
28605
28604.9
28604.8
28604.5
28604.1
28603.4
28602.1
28599.9
28595.7
28587.8
28570.1
28516.5
28355.7
28113.4
27963.8
27924.9
27919.9
27919.6
27919.6
27919.9
27919.9
27919.3
27920.6
27919.4
27920.3
28603.4
28603.9
28603.9
28603.9
28603.9
28603.9
28603.8
28603.8
28603.7
28603.5
28603.3
28602.9
28602.2
28600.9
28598.6
28594.5
28586.9
28570.3
28519.8
28368.5
28134
27978.1
27929.5
27920.3
27918.9
27919.5
27920.1
27918.4
27922.9
27919.2
27919.4
27919.5
28608.6
28609.1
28609.1
28609.1
28609
28608.9
28608.7
28608.4
28607.8
28607.1
28606
28604.7
28603.4
28602.2
28600.8
28599.4
28597.8
28596.5
28592.7
28554
28397.2
28150
27983.1
27920.6
27911
27919.6
27923.8
27924.7
27918.3
27919.1
27920.8
27920.2
28846.6
28847.1
28847.2
28847.3
28847.4
28847.5
28847.7
28848
28848.4
28849.2
28850.7
28853.2
28857.6
28865.5
28880.8
28911.8
28974.5
29114.2
29448.4
30055.8
30189.2
29209.9
28260.3
27870.1
27916
27926
27919.8
27921.5
27918.1
27920.7
27920.2
27920.4
30754.3
30755.1
30755.5
30756
30756.7
30757.6
30758.9
30761.1
30764.5
30770.4
30780.4
30797.8
30828.8
30885.4
30990.4
31192.3
31603.2
32436.4
34010.6
36189.4
36195.1
32761.2
29377.4
28011
27918.7
27913.8
27915.9
27916.7
27921.2
27921.3
27919.4
27919.7
37891.4
37893.2
37894.8
37896.8
37899.5
37903.3
37909.2
37918.6
37934.4
37961.3
38007.8
38088.6
38227.6
38465.3
38878.4
39647.1
41185.8
43534.5
46272.3
48232.7
45468.8
37462.1
30663.9
28023.1
27933
27918
27919.3
27918.2
27922
27919.5
27920.4
27919.9
53101.2
53104.5
53108.2
53112.3
53117.3
53124
53133.6
53148.4
53172.5
53213.5
53284.9
53411.9
53643.4
54082
54989.1
57074.8
61245.9
65209.6
65591
63690.3
54265.4
40245.7
29855.9
27944
27922.1
27924.6
27925
27923.5
27920
27918.8
27920.6
27920.5
77611.4
77618.7
77626.7
77635.9
77647.2
77662.4
77684.8
77719.9
77778
77878.3
78055.5
78377.3
79001.1
80289.1
83248.1
89952.8
99677
104340
99244.3
88261.6
65308.8
38504.3
29150.6
27896.9
27908
27918
27922.7
27923
27917.9
27920.7
27919.6
27920.1
111121
111137
111154
111174
111201
111238
111294
111386
111542
111811
112290
113183
115014
119317
129767
148821
167506
170795
154702
119511
62489.7
34974.6
28686.3
27877.2
27910.5
27912.2
27916.1
27918.9
27919
27921.2
27919.6
27919.7
155647
155678
155712
155753
155807
155887
156011
156219
156579
157236
158505
161228
167897
185124
220474
261243
277349
258389
207974
114117
50019.9
32939.3
28352.7
27862
27909.6
27915.7
27916.8
27917.3
27921.7
27919.3
27919.8
27920.1
208868
208930
209001
209091
209218
209415
209742
210316
211383
213503
218148
229586
259004
321555
402365
449267
433616
356054
206750
85653.5
42242.6
31303.9
28101.3
27849.2
27902.5
27923.4
27922.4
27919.5
27920.8
27919.3
27920.2
27920.3
273026
273161
273332
273566
273924
274519
275576
277564
281554
290296
311570
365498
477512
620649
712998
682982
584474
374004
155379
63482.8
38192.9
30240.9
27976.9
27847.5
27904.1
27920.3
27924.2
27923.3
27918.5
27920.9
27920.5
27919.9
363627
363984
364455
365151
366295
368321
372131
379789
396581
437489
540664
749567
997505
1143730
1111280
919761
609416
283208
106419
51840.7
35231.6
29449.6
27913
27860.8
27912.4
27913.5
27922.7
27922.2
27919.9
27920.2
27920.1
27919.9
498099
499187
500758
503273
507706
516048
532836
569707
659578
882678
1305610
1749500
1942410
1814160
1523320
964728
440182
177599
79710.5
46254.1
33260.2
28908.2
27918.5
27866.9
27909.5
27917.2
27920.4
27918.6
27921.6
27919.5
27919.5
27920.3
751093
754985
760818
770840
789823
828663
915251
1125900
1636630
2552700
3372210
3551080
3074840
2373320
1479690
622002
250980
125522
68932
42999.6
32065.4
28592
27922.9
27867.5
27902.2
27923.2
27916
27918
27920.1
27920.3
27920
27920.2
1375950
1396120
1427510
1485420
1604560
1868680
2475310
3733700
5544060
6944550
7070260
5573460
3734990
2087820
767295
308724
175127
110508
63769.4
41287.7
31369.7
28484.8
27951
27870.3
27908.4
27918.5
27917.5
27919.1
27918.8
27920.1
27920.8
27920.1
4063130
4280020
4594770
5166470
6253880
8185470
11151600
14239100
16167800
14796300
11034000
6154040
2779060
816931
343444
221027
158265
106044
61047.3
40115
30978
28480.2
27955.5
27873.2
27915.2
27913.7
27918.4
27922.3
27919.6
27919.8
27920.3
27920
37921800
38840400
39710900
40685100
41840000
43077300
44874700
43714300
35368100
21828100
9737590
2712320
685003
356065
266450
207108
155444
104886
60024.5
39178.5
30723.2
28473
27948.2
27883.5
27908
27919.2
27919.6
27922
27921.2
27920.2
27919.5
27919.9
2294220000
733348000
425887000
303111000
240991000
202279000
161323000
105571000
42973800
10718800
1835420
663803
404896
320168
260427
205473
155642
107060
59804.6
38457.1
30529.8
28410.4
27938
27886.4
27906.8
27922.3
27923.2
27921
27920.7
27920.3
27919.9
27920
694692000
1067390000
544419000
268936000
150012000
90124200
54482200
32381500
16718200
5638640
1451190
587711
392220
320509
263900
206510
156800
111272
59146.3
37933.9
30363.1
28342.7
27935.5
27884.4
27909.4
27916.9
27921.8
27918.5
27919.4
27919.8
27920.6
27920.1
1032250000
1797640000
898371000
398414000
188202000
97059300
53001400
29929400
16112600
6062080
1645300
609497
402443
330262
270938
210546
159577
117168
58564.9
37253.9
30100.4
28250.9
27917.1
27885.5
27915.5
27917
27917.8
27919.3
27919.8
27919.9
27920.3
27920.1
1187400000
2107930000
1099590000
491241000
226691000
110784000
57611500
31471300
16611900
6726260
2021980
691552
425173
346725
282843
217408
166410
121041
58035.2
36590.1
29783.7
28162
27904.2
27887.7
27914.9
27921.2
27919
27921.4
27920.8
27920.3
27919.8
27920
1256830000
2242420000
1215610000
552849000
258323000
126654000
64658100
34040700
17448500
7518090
2459980
818064
461506
369620
300143
230546
176061
127303
57701
35860.6
29455.1
28092.4
27895.9
27890.2
27912.2
27919.1
27922.4
27920.3
27920.2
27920.2
27919.9
27920
1282440000
2295180000
1280580000
593170000
281309000
139505000
71513800
37249400
19119200
8574320
2847320
930202
511379
399613
323345
246535
188018
134984
57795.3
35057.6
29126.5
28042.1
27894.2
27892.2
27913.4
27917.8
27921.8
27919
27919.7
27919.9
27920.2
27920
1313690000
2361700000
1341860000
631134000
303538000
152456000
79072600
41668000
21499000
9569960
3205400
1042190
565591
449163
355661
268354
202966
140240
58229.3
34156.8
28834.3
27987.7
27893.1
27894.5
27916
27920.1
27918.9
27920.1
27920.2
27920
27920.1
27920.1
1315920000
2351080000
1375140000
656189000
319473000
162369000
85260800
45460500
23664700
10826300
3736190
1190470
634934
510000
405505
294592
220643
147618
57663.2
33178
28575.3
27950.2
27893.5
27899.1
27914.9
27920
27918.9
27920.7
27920.3
27920.2
27920
27919.9
1321110000
2335010000
1411660000
682756000
336076000
172687000
91766500
49598100
26308400
12349100
4269850
1331520
705855
572480
467377
331518
240811
154935
56147.1
32186.9
28364.1
27928.9
27895.6
27905.1
27915
27918.8
27919.5
27920.4
27920.2
27920.1
27920
27918.9
1411400000
2487600000
1530990000
745085000
368058000
189477000
100660000
54068100
28087200
12694500
4331550
1434280
802436
657278
540186
387799
263483
161359
54450.9
31293.8
28202.6
27918.7
27898.8
27903.1
27916.3
27919.4
27920.2
27920.1
27920
27920.1
27920.1
27915.2
1558280000
2895890000
1649930000
793547000
389839000
198881000
103692000
53798200
26367800
10982900
3751260
1452990
899263
742175
601958
439852
291187
168368
52541.1
30496.6
28087.7
27911.9
27904.7
27904.1
27917.5
27920
27920.6
27919.8
27920
27920.1
27920
27911.2
1465540000
2798140000
1539070000
738132000
363004000
185015000
95879300
49197000
23740700
9745270
3503850
1535890
1021930
840291
663670
466151
330246
176386
50563.3
29787.5
28017.6
27908.2
27903.3
27905.3
27916.4
27919.4
27920.5
27919.8
27920.1
27920.1
27920
27906.8
1443420000
2802370000
1509750000
722189000
355739000
182354000
95471900
49435600
23671100
9529320
3530690
1711940
1219770
1002010
765635
515722
347491
185754
48573.2
29197.7
27973.1
27906.8
27903
27906.8
27916.6
27919.5
27920
27920.1
27920.1
27920.1
27920
27902.2
1576540000
3245470000
1620580000
762463000
372736000
189611000
97764600
48798300
21761300
8424140
3470590
1971330
1502190
1228010
911164
596497
368261
192178
46501
28705.5
27949.6
27906.7
27904.8
27909.5
27917.3
27920
27920.1
27920.2
27920.1
27920.1
27920
27897.2
1580640000
3462430000
1610390000
745803000
361927000
182312000
91636600
43004100
17562500
6786300
3241790
2183990
1778810
1437190
1019470
656459
373757
186444
44247.6
28354.8
27938.8
27906.7
27906
27911.8
27917.8
27919.8
27920.3
27920
27920.1
27920
27919.9
27891.9
1525110000
3390640000
1546340000
711058000
342773000
170838000
83808700
37638300
15098200
6395250
3612990
2689530
2205810
1713650
1163330
718768
377206
172104
42277.4
28127.8
27934.3
27906.5
27906.4
27915.1
27918.1
27919.5
27920.1
27920
27920.1
27920.1
27919.8
27886.2
1603490000
3844200000
1626180000
730193000
344523000
165397000
75284100
30915600
12655000
6350850
4217050
3348550
2719820
2022960
1318500
756996
368272
154512
40803.4
28010.7
27932.4
27911.8
27909.9
27915.9
27919
27919.7
27920.1
27920.1
27920
27920.1
27919.7
27880.1
1509370000
3802890000
1530260000
671976000
306881000
138585000
58150000
23744800
11151700
6720320
5017000
4093110
3224480
2284510
1430200
748559
338996
131889
39645
27976.5
27930.9
27913.7
27913.3
27915.5
27919.1
27919.8
27920.1
27920.1
27920.1
27920.1
27919.6
27873.8
1439400000
3905020000
1467580000
619732000
266232000
110475000
44745400
20118800
11205100
7751570
6168400
4999510
3750980
2530960
1455870
696201
294042
102412
36474
27963.5
27929.1
27915.2
27914.8
27916.4
27918.9
27920
27920
27920
27920.1
27920.1
27919.5
27867.1
1266950000
3731210000
1303040000
518936000
206340000
82380900
36109700
19031000
12273400
9276840
7588750
5982040
4263660
2666640
1395990
621193
230833
70454.2
32136.8
27954.2
27927.8
27917.5
27916.8
27917.4
27919.2
27920
27920
27920
27920.1
27920
27919.3
27860.2
1101150000
3468960000
1125610000
414854000
157202000
65750400
32868600
19942700
14205800
11273800
9235570
6977110
4685760
2656310
1275840
519937
153979
46849.7
29494.8
27949.1
27926.7
27919.2
27918.2
27918.3
27919.4
27919.9
27920.1
27920.1
27920.1
27920
27919.1
27853.1
919532000
3087570000
929918000
319920000
124166000
58350800
33300200
22269400
16787800
13590600
10992100
7910550
4831790
2497050
1103990
369381
89034.3
33897.2
28389.8
27945.8
27926.2
27920.2
27919.1
27919.1
27919.7
27920
27920.1
27920.1
27920.1
27920
27918.9
27846
758923000
2645500000
751917000
253562000
107657000
56951000
35641400
25340400
19726200
16030800
12748500
8503550
4686460
2283480
847898
194445
44827
29080.8
28063.8
27944.1
27925.7
27920.9
27919.7
27919.6
27919.9
27920
27920
27920
27920
27920
27918.7
27838.9
610440000
2123660000
596000000
213513000
100985000
58344800
38833400
28725600
22677100
18297000
14225900
8681270
4431900
1913930
453136
65163.5
30459.2
28128.8
27988.9
27941
27925.3
27921.3
27920.2
27919.9
27920
27920
27920
27920
27920
27920
27918.5
27831.9
502176000
1554960000
459294000
186183000
97637200
60458400
42177000
32054600
25291600
20131400
15175000
8591010
4072290
1104710
109895
31699.4
28412.1
28021
27962.9
27936.4
27925.1
27921.5
27920.4
27920.1
27920.1
27920
27920.1
27920.1
27920
27920
27918.2
27825.2
486536000
1103850000
361230000
168230000
96232600
62885000
45421200
34946300
27106700
21146300
15846500
8441690
3113720
297336
38360.2
28887.7
28153.4
27993
27950.9
27933.4
27924.9
27921.7
27920.5
27920.1
27920.1
27920.1
27920.1
27920.1
27920
27920
27918
27818.7
3156500000
1224560000
363587000
168699000
97928900
65349100
47980300
36580300
27503900
21781500
16837000
7664280
1230520
85876.7
30988.6
28381.6
28072.6
27979.2
27945.5
27931.4
27924.9
27921.8
27920.6
27920.2
27920.1
27920.1
27920.1
27920.1
27920.1
27920
27917.7
27812.8
2799460000
1016920000
325580000
159212000
95793700
66003800
48840900
36307600
27041900
22843900
17860500
4567640
336663
43914.3
29284.1
28242.4
28041.5
27972.1
27943.2
27930.5
27924.7
27921.9
27920.7
27920.2
27920.1
27920.1
27920.1
27920.1
27920.1
27920
27917.5
27807.3
2488600000
833811000
287170000
146954000
91799800
64997200
47960300
34795700
26707400
24392300
16291200
1999950
131741
35212.5
28866.7
28193.1
28032.3
27969.2
27942.1
27930.1
27924.6
27922.1
27920.8
27920.3
27920.2
27920.1
27920.1
27920.1
27920.1
27920
27917.3
27802.4
2215410000
676654000
249758000
133902000
86764200
62742900
45800400
33290100
27222100
25733100
11610200
998984
86064
32846.3
28709.3
28178.3
28028.3
27968
27941.6
27929.8
27924.5
27922.1
27920.9
27920.4
27920.2
27920.1
27920.1
27920.1
27920.1
27920
27917.1
27798.1
1945760000
547126000
218682000
122899000
82067000
59675000
43517800
32581100
28665200
27066600
8912290
661042
70296.7
31905.3
28632.3
28165.5
28025.6
27966.9
27941
27929.5
27924.4
27922
27921
27920.5
27920.2
27920.1
27920.1
27920.1
27920.1
27920
27916.9
27794.5
1714130000
469138000
203666000
116603000
77509100
57017200
42531400
32618600
29478600
26409600
7754440
550135
63563.1
31410.7
28585.2
28157.6
28023
27966.2
27940.8
27929.4
27924.3
27922
27921
27920.5
27920.3
27920.1
27920.1
27920.1
27920.1
27920
27916.7
27791.5
2067400000
496336000
204212000
114649000
76931500
56791700
42491200
32634500
29484400
26723800
7425680
517119
61388.9
31235.1
28568.2
28155.5
28022.8
27966.1
27940.8
27929.4
27924.3
27922.1
27921
27920.5
27920.3
27920.1
27920.1
27920.1
27920.1
27920
27916.6
27789.2
2327440000
576693000
233187000
124885000
80925400
58541300
43349500
32704800
29203800
28879300
9254980
606994
64565
31373.3
28576.3
28157
28023.5
27966.5
27941.1
27929.8
27924.6
27922.3
27921.2
27920.5
27920.3
27920.1
27920.1
27920.1
27920.1
27920
27916.5
27787.6
2504310000
640871000
268042000
143502000
89203900
62620400
45587800
33421900
28808400
30698600
12085300
800987
73700.5
31931.6
28635
28172
28029.7
27969.7
27943
27930.8
27925.2
27922.6
27921.2
27920.5
27920.3
27920.1
27920.1
27920.1
27920.1
27920
27916.5
27786.7
2635010000
683128000
299721000
163037000
100603000
68721700
49922500
35861300
28450200
29110500
19607000
1550310
98781.6
33181.6
28735.7
28192.3
28037.8
27973.6
27945
27932
27925.9
27923
27921.2
27920.5
27920.2
27920.1
27920.1
27920.1
27920.1
27920
27916.5
27786.5
2691590000
701280000
325120000
180777000
111594000
75552200
55015600
40239600
29709500
28213600
30531100
4335420
184185
36281
28928.3
28227.3
28049.5
27978.8
27947.7
27933.5
27926.7
27923.1
27921.2
27920.5
27920.2
27920.1
27920.1
27920.1
27920.1
27920
27916.5
27787.1
2424810000
655729000
317241000
181094000
113444000
77263000
56882200
43261900
30973200
25452800
27276000
11041900
581830
47531.8
29432.5
28280.9
28066
27985.5
27950.9
27935.2
27927.6
27923.1
27921.2
27920.5
27920.2
27920.1
27920.1
27920.1
27920.1
27920
27916.6
27788.3
2148300000
636354000
297683000
168944000
105614000
71447000
52350000
40824300
31611100
23557200
22726100
18223100
2171780
85102.6
30773.4
28393.9
28091.8
27995.2
27955.2
27937.4
27928.2
27923.3
27921.2
27920.5
27920.2
27920.1
27920.1
27920.1
27920.1
27920
27916.7
27790.2
1730550000
620138000
268644000
149240000
92711400
62298900
45156800
35230700
28592500
22518500
20235400
18313200
7096110
263486
35886.7
28685.1
28137.4
28009.5
27961.7
27940.4
27928.4
27923.4
27921.3
27920.5
27920.3
27920.1
27920.1
27920.1
27920.1
27920
27916.8
27792.8
1810570000
659932000
240711000
128686000
79201700
52897000
37993300
29391200
24160500
20144900
18072000
16122200
11585000
1197780
58880.9
29725.6
28252
28037.5
27973.4
27944.5
27929.1
27923.6
27921.3
27920.5
27920.3
27920.1
27920.1
27920.1
27920.1
27920
27917
27795.9
350765000
546904000
213960000
112728000
67989300
44692200
31605500
24084100
19742000
17062100
15673400
14095800
10844500
4573570
229633
34442.4
28529.5
28094.8
27997.3
27948.9
27930.4
27923.9
27921.5
27920.6
27920.3
27920.2
27920.1
27920.1
27920.1
27920
27917.1
27799.5
271647000
612619000
226069000
108643000
61625500
38851200
26634200
19787100
15977500
13940600
13050100
12101600
9676760
6018620
1876050
67965.5
29523.6
28225.6
28035
27954.5
27932.8
27924.6
27921.7
27920.7
27920.3
27920.2
27920.1
27920.1
27920.1
27920
27917.3
27803.5
256283000
773720000
268487000
114283000
59215500
35118900
23025500
16504800
12961500
11166700
10445400
9897600
8447400
5708990
2954390
474753
35370.6
28500
28095.1
27965.2
27936.3
27925.8
27922.2
27920.8
27920.4
27920.2
27920.1
27920.1
27920.1
27920
27917.5
27807.8
281880000
962006000
328835000
128931000
60757600
33301500
20540400
14051700
10623200
8898000
8190960
7850380
7034360
5130890
3039860
1208940
97507.4
29460.9
28187.7
27985.4
27942.1
27927.7
27922.8
27921
27920.4
27920.2
27920.1
27920.1
27920.1
27920
27917.7
27812.4
318056000
1109970000
387251000
149207000
65590400
33173100
19076800
12297000
8850280
7123150
6382070
6113390
5676420
4473090
2886180
1596040
344267
38927.2
28297.3
28015.8
27949.7
27930.2
27923.6
27921.3
27920.5
27920.2
27920.1
27920.1
27920.1
27920
27917.9
27817
354458000
1224510000
440231000
174074000
74680300
35199800
18613900
11126400
7530150
5765880
4981320
4714780
4482390
3721430
2611030
1580250
680337
73023.5
28390.3
28042.8
27957.1
27932.6
27924.4
27921.5
27920.5
27920.2
27920.1
27920.1
27920.1
27920
27918.1
27821.8
390405000
1322930000
486202000
199466000
86775700
39478900
19371400
10606200
6617020
4754820
3922330
3629390
3492940
3029820
2244320
1456450
828487
148880
28509.5
28059.9
27962.6
27934.3
27925
27921.7
27920.6
27920.3
27920.1
27920.1
27920.1
27920
27918.3
27826.5
427455000
1417260000
528002000
223111000
100007000
45689000
21404800
10777700
6133100
4063690
3153120
2816090
2709110
2435970
1886940
1313180
801307
238348
28700
28072.8
27966.7
27935.8
27925.5
27921.9
27920.6
27920.3
27920.1
27920.1
27920.1
27920
27918.5
27831.1
464216000
1500800000
564436000
243381000
112218000
52640500
24541400
11702700
6081850
3655660
2623900
2230780
2117380
1954640
1575790
1136190
729554
290701
29008.2
28087.7
27970.9
27937
27925.9
27922
27920.7
27920.3
27920.1
27920.1
27920.1
27920
27918.6
27835.6
492072000
1556470000
589827000
257443000
121072000
58452700
27828300
13047200
6334060
3458440
2271910
1816840
1682360
1578000
1317410
977926
668725
320591
29390.6
28109.2
27975.7
27938.4
27926.3
27922.2
27920.7
27920.3
27920.1
27920.1
27920.1
27920
27918.8
27840
510520000
1580690000
602765000
265077000
126207000
62332300
30534900
14445400
6773870
3426790
2056940
1533530
1372560
1296560
1114900
851272
604693
326848
30003.5
28150.4
27983.1
27940.1
27926.9
27922.4
27920.8
27920.3
27920.2
27920.1
27920.1
27920.1
27918.9
27844.2
510089000
1556840000
595845000
263009000
126146000
63323600
31934000
15559300
7264700
3481530
1930690
1342420
1156110
1091480
960253
752680
527685
312259
30624.8
28204.5
27991.6
27942.2
27927.5
27922.6
27920.8
27920.3
27920.1
27920.1
27920.1
27920.1
27919
27848.2
495294000
1499630000
573817000
253233000
121653000
61500400
31564600
15824600
7536210
3536170
1845410
1203840
998024
935360
832789
662292
459422
300044
31293.6
28263.2
27999.2
27943.7
27928.1
27922.8
27920.9
27920.3
27920.1
27920.1
27920.1
27920.1
27919.2
27851.9
479911000
1447560000
551699000
242650000
116233000
58742100
30327200
15442800
7491630
3509660
1769650
1101090
882082
815341
726147
574270
412355
288686
32625.3
28322.6
28004.3
27944.6
27928.3
27923
27921
27920.3
27920.2
27920.1
27920.1
27920.1
27919.2
27855.6
470064000
1417650000
536253000
234502000
111711000
56206800
28965000
14795200
7233090
3390400
1673640
1008670
790593
722083
636196
500757
379271
277858
36290.8
28393.3
28008.1
27944.9
27928.4
27923.1
27921
27920.3
27920.1
27920.1
27920
27920
27919.3
27859
461815000
1394590000
521741000
226306000
106940000
53395000
27318200
13863300
6738120
3143440
1546490
928522
721183
646890
559399
453151
350440
267735
39826.7
28576
28014.3
27945.2
27928.5
27923.1
27921
27920.3
27920.2
27920.1
27920.1
27920.1
27919.4
27862.2
453471000
1372510000
505688000
216930000
101353000
50009700
25241300
12604900
6055510
2842280
1416820
853098
660400
583997
503789
418156
326516
255038
40935.3
28822.3
28025.5
27945.9
27928.6
27923.3
27921.1
27920.4
27920.2
27920.2
27920.1
27920
27919.5
27865.3
446172000
1356350000
489513000
206926000
95246400
46274800
22977000
11400700
5478590
2530780
1259840
775219
606547
532403
466251
387521
306177
238745
43895.5
29161.7
28044.8
27947.6
27928.8
27923.5
27921.1
27920.4
27920.2
27920.2
27920.1
27920.1
27919.6
27868.2
437352000
1336510000
469401000
194567000
87616900
41571300
20330300
9979520
4700740
2181270
1111900
702165
557811
496090
435058
360595
288107
223689
48903.1
29698.3
28083.3
27951.2
27929.3
27924.1
27921.2
27920.3
27920.1
27920.2
27920.1
27920
27919.6
27871
432579000
1337770000
452172000
181597000
78601900
36184400
17451500
8426370
3949780
1837510
957999
632082
522376
467115
408272
337182
271395
212220
51506.2
30557.9
28156.4
27956.9
27930.3
27925
27921.4
27920.3
27920.3
27920.2
27920.1
27920
27919.7
27873.6
428018000
1345680000
430422000
165033000
69537200
32694700
15862100
7200700
3153520
1477010
816823
581428
494647
442654
385548
318495
257104
203167
57277.9
31708.8
28275.3
27967.4
27932.3
27926.3
27921.4
27920.4
27920.4
27920.2
27920
27920.1
27919.7
27876.2
456105000
1538690000
436887000
153859000
54994100
20979000
9944320
5075820
2376380
1181030
722333
547137
472147
422193
367426
303913
244109
193433
64081
33642.5
28477
27984
27934.9
27928.1
27921.5
27920.3
27920
27920.1
27920.1
27920.1
27919.7
27878.6
494302000
1163240000
452063000
205672000
88811200
28500200
8579550
3598270
1807160
1014760
667339
519590
452351
405573
352099
291049
233383
183813
69064.1
36771.2
28821.7
28013.9
27938.7
27930.8
27921.6
27920.3
27920
27920.1
27920.2
27920
27919.8
27880.9
37071800
36266100
30489700
23109500
15637700
8851840
4716390
2714600
1610980
941705
638463
497206
433527
389275
338593
280641
224625
175733
73864.2
41569.9
29386.5
28064
27944.4
27933.5
27921.7
27920.4
27920.5
27920.2
27919.9
27920.2
27919.8
27883.2
4007570
3960180
3840380
3548520
3113980
2592960
2069640
1615460
1219240
883089
619209
490099
418426
373071
325503
271249
217459
169130
78664.4
46250.3
30412
28157.2
27954.3
27936.8
27921.6
27920
27920.4
27919.8
27919.8
27920.2
27919.8
27885.4
1368170
1361910
1344430
1307530
1246510
1161120
1057790
945863
827470
700873
572924
475394
407585
359683
312872
262270
211003
163153
83185.4
51503.5
32252
28334.9
27968.7
27939.9
27921.6
27920.1
27919.8
27920.1
27920.6
27919.9
27919.9
27887.6
749335
747879
743745
735046
719660
695783
663332
624045
579811
532557
481278
431528
388474
345907
301994
253623
205239
158140
87029.4
53433.7
34385.2
28573.2
27988.6
27942.4
27921.9
27920.8
27920.3
27920.6
27920.8
27919.9
27919.9
27889.7
497559
497087
495786
493045
488050
479826
467694
451932
433743
413998
393270
370642
346553
322617
287386
245950
199699
153888
89967.8
55253.3
35842.1
28876.8
28018.2
27943.2
27921.9
27920.4
27920.6
27919.5
27919.6
27919.8
27919.8
27891.5
363438
363253
362764
361734
359838
356632
351682
344870
336710
328104
319390
309803
297928
283345
264584
233337
194611
150430
92279.1
56869.5
38449.7
29386.1
28063.1
27945.1
27921.8
27919.6
27919.7
27918.9
27919.3
27920.1
27920
27893.4
272972
272921
272824
272581
272098
271239
269834
267746
264984
261750
258193
253987
248245
239912
228023
211802
181959
146832
93579.7
58219.8
41039
30041.4
28126.2
27948.1
27921.9
27920.5
27919.9
27920.4
27920.6
27920.7
27920.1
27895.6
208849
208830
208797
208720
208555
208251
207734
206932
205805
204382
202709
200667
197826
193446
186543
175917
159948
136982
94260.1
59232.7
41787
30830
28211.5
27951.8
27922
27920.8
27920.5
27920.8
27921
27920.2
27919.9
27897.5
155641
155636
155626
155610
155575
155498
155356
155119
154757
154252
153586
152693
151380
149275
145747
139986
130851
117805
87962.5
59739.1
42137.6
31965.2
28342.4
27957.2
27922
27919.7
27919.8
27919.1
27919.9
27919.3
27919.9
27899.1
111119
111118
111116
111112
111104
111091
111060
110997
110887
110706
110426
110000
109327
108202
106286
103012
97630.4
88986.6
72982.8
55475.9
41985.1
32642.4
28497.4
27963.1
27921.8
27920.7
27920.6
27918.7
27919.1
27920.1
27920.2
27900.8
77610.2
77609.1
77607
77603.3
77596.4
77579.4
77545
77480.4
77365.6
77170
76853.3
76361.9
75635.7
74674.2
73427.6
71553.1
68516.6
63898
56124.8
46782.5
39386.8
32758.5
28710.2
27970.2
27922.4
27920.6
27921.3
27921.3
27920.4
27921.1
27920.1
27902.6
53100.6
53100
53099
53097.2
53093.7
53085.4
53069
53038.5
52984.8
52894.3
52750.3
52537.8
52244
51834.4
51125.4
49821.5
47981.5
45341.3
41834.9
38038.5
34540.8
31750.9
28813.4
27971.6
27923.4
27919.1
27918
27921.4
27921.6
27920.1
27919.8
27904.7
37890.6
37889.8
37887.8
37883.5
37875.4
37860.6
37834.9
37791.4
37720.6
37611.9
37458.5
37267.9
37064.9
36864.2
36623.7
36247.4
35630.2
34679.6
33423.9
32016.7
30664.2
29624.3
28626.4
27977.4
27922
27922.1
27919.7
27919
27920.3
27918.9
27919.8
27906.3
30753.8
30752.9
30751.1
30747.8
30741.8
30731.3
30713.2
30682.9
30633.4
30556.3
30444.8
30301.8
30149.4
30023.6
29933.7
29845.8
29725.3
29543.4
29278.3
28926.1
28605.9
28392.7
28142
27966.7
27922.4
27919.9
27922.3
27919
27918.8
27919.1
27920.4
27907.4
28846.2
28845.2
28843.4
28840.3
28835
28825.8
28810.2
28784.3
28742.5
28678.2
28587
28473.2
28356.3
28267.3
28226.3
28213.1
28195.8
28176.2
28136
28084.3
28045.5
28015.7
27971.7
27941
27922.5
27920.1
27919.6
27920.8
27920.5
27921.2
27920.4
27909.2
28608.2
28607.2
28605.4
28602.2
28596.9
28587.7
28572.2
28546.5
28504.9
28441.2
28351.1
28239.3
28124.2
28031.8
27977.5
27955.2
27948
27944.6
27941
27937.2
27934.3
27930.4
27926.8
27924.1
27921.7
27920.2
27920.4
27920.9
27921.9
27920.8
27919.7
27911.3
28603
28601.9
28600.1
28597
28591.5
28582.3
28566.6
28540.6
28498.6
28434.1
28342.5
28227.5
28107.1
28009
27951.3
27928.3
27922.2
27921.1
27920.8
27921
27921.1
27921.2
27921.1
27920.9
27920.6
27920.3
27919.9
27920
27920.3
27919.1
27920.1
27912.4
28604.2
28603.2
28601.4
28598.2
28592.8
28583.5
28567.9
28541.9
28499.9
28435.4
28343.8
28228.5
28107.5
28008.6
27950.4
27927.3
27921.4
27920.4
27920.3
27920.2
27920.2
27920.2
27920.3
27920.3
27920.3
27920.1
27920
27920.3
27918.8
27920.3
27920.1
27913.8
28604.7
28603.6
28601.8
28598.6
28593.2
28583.9
28568.3
28542.3
28500.3
28435.8
28344.2
28228.9
28108
28009.4
27951.2
27927.9
27921.9
27920.7
27920.3
27920
27919.8
27919.8
27919.9
27920.1
27920.1
27920.1
27920.1
27920
27919.9
27920
27919.9
27915.8
28604.2
28603.2
28601.3
28598.2
28592.8
28583.5
28567.8
28541.8
28499.8
28435.3
28343.6
28228.2
28107
28008
27949.6
27926.4
27921.4
27920.4
27920.2
27920.2
27920.2
27920.2
27920.1
27920
27920
27920
27920
27920
27920
27920
27920.1
27917.1
28604.6
28603.5
28601.7
28598.5
28593.1
28583.8
28568.2
28542.2
28500.2
28435.7
28344
28228.7
28107.6
28008.6
27950.1
27926.8
27920.8
27919.9
27919.9
27920
27920.1
27920.1
27920.1
27920.1
27920.1
27920.1
27920.1
27920.1
27920.1
27920.1
27920.1
27919.3
28604.7
28603.7
28601.8
28598.7
28593.3
28584
28568.4
28542.4
28500.5
28436
28344.4
28229.1
28108
28009.1
27950.6
27927.2
27921.2
27920.2
27920.1
27920.1
27920.1
27920.1
27920.1
27920.1
27920.1
27920.1
27920.1
27920.1
27920.1
27920.1
27920
27911.5
28604.5
28603.5
28601.7
28598.5
28593.1
28583.8
28568.2
28542.2
28500.2
28435.8
28344.1
28228.9
28107.8
28008.9
27950.4
27927
27921
27920.1
27920
27920
27920
27920.1
27920.1
27920.1
27920.1
27920.1
27920
27920
27920.1
27920.1
27919.9
27895.9
28604.7
28603.6
28601.8
28598.6
28593.2
28583.9
28568.3
28542.3
28500.4
28435.9
28344.3
28229.1
28108
28009
27950.5
27927.1
27921.1
27920.2
27920.1
27920.1
27920.1
27920.1
27920.1
27920.1
27920.1
27920.1
27920.1
27920.1
27920.1
27920.1
27919.9
27894.8
)
;

boundaryField
{
    QUAD_bdy____1
    {
        type            empty;
    }
    QUAD_bdy____2
    {
        type            empty;
    }
    QUAD_bdy____3
    {
        type            inletOutlet;
        inletValue      uniform 25000;
        value           nonuniform List<scalar> 
32
(
28605
28605.6
28605.6
28605.6
28605.6
28605.5
28605.5
28605.5
28605.4
28605.3
28605
28604.6
28603.9
28602.7
28600.5
28596.4
28588.6
28570.9
28517.7
28358
28115.2
27964.5
27925
27920.3
27920
27920
27920.1
27920
27920.1
27920.1
27920.1
27920.1
)
;
    }
    QUAD_bdy____4
    {
        type            inletOutlet;
        inletValue      uniform 25000;
        value           nonuniform List<scalar> 
32
(
28604.7
28603.6
28601.8
28598.6
28593.2
28583.9
28568.3
28542.3
28500.4
28435.9
28344.3
28229.1
28108
28009
27950.5
27927.1
27921.1
27920.2
27920.1
27920.1
27920.1
27920.1
27920.1
27920.1
27920.1
27920.1
27920.1
27920.1
27920.1
27920.1
27919.9
27894.8
)
;
    }
    QUAD_bdy____5
    {
        type            epsilonWallFunction;
        value           nonuniform List<scalar> 
64
(
2294220000
694692000
1032250000
1187400000
1256830000
1282440000
1313690000
1315920000
1321110000
1411400000
1558280000
1465540000
1443420000
1576540000
1580640000
1525110000
1603490000
1509370000
1439400000
1266950000
1101150000
919532000
758923000
610440000
502176000
486536000
3156500000
2799460000
2488600000
2215410000
1945760000
1714130000
2067400000
2327440000
2504310000
2635010000
2691590000
2424810000
2148300000
1730550000
1810570000
350765000
271647000
256283000
281880000
318056000
354458000
390405000
427455000
464216000
492072000
510520000
510089000
495294000
479911000
470064000
461815000
453471000
446172000
437352000
432579000
428018000
456105000
494302000
)
;
    }
    QUAD_bdy____6
    {
        type            inletOutlet;
        inletValue      uniform 25000;
        value           nonuniform List<scalar> 
112
(
27920.1
27920
27920.1
27920.1
27919.4
27920.6
27920.3
27919.5
27920.2
27920.4
27919.7
27919.9
27920.5
27920.1
27919.7
27920.1
27920.3
27919.9
27919.9
27920.3
27920.2
27920.1
27920
27919.9
27920
27920.1
27920.1
27920
27920
27920
27920.1
27919.9
25000
25000
25000
25000
25000
25000
25000
25000
25000
25000
25000
25000
25000
25000
25000
25000
25000
25000
25000
25000
25000
25000
25000
25000
25000
25000
25000
25000
25000
25000
25000
25000
25000
25000
25000
25000
25000
25000
25000
25000
25000
25000
25000
25000
25000
25000
25000
25000
25000
25000
25000
25000
25000
25000
25000
25000
25000
25000
25000
25000
25000
25000
25000
25000
25000
25000
25000
25000
25000
25000
25000
25000
25000
25000
25000
25000
25000
25000
25000
25000
)
;
    }
}


// ************************************************************************* //
