/*--------------------------------*- C++ -*----------------------------------*\
  =========                 |
  \\      /  F ield         | OpenFOAM: The Open Source CFD Toolbox
   \\    /   O peration     | Website:  https://openfoam.org
    \\  /    A nd           | Version:  14
     \\/     M anipulation  |
\*---------------------------------------------------------------------------*/
FoamFile
{
    format      ascii;
    class       surfaceScalarField;
    location    "0.1";
    object      phi;
}
// * * * * * * * * * * * * * * * * * * * * * * * * * * * * * * * * * * * * * //

dimensions      [0 3 -1 0 0 0 0];

internalField   nonuniform List<scalar> 
760
(
2.04323e-12
2.04317e-12
3.45779e-13
1.69741e-12
8.57911e-14
2.59893e-13
1.5017e-14
7.07093e-14
8.00968e-15
6.96753e-15
3.58405e-14
-2.78593e-14
8.6713e-14
-5.09026e-14
-2.23425e-13
3.10075e-13
-2.48773e-12
2.26397e-12
3.70842e-12
-6.19691e-12
1.69743e-12
3.45708e-13
1.69707e-12
1.69754e-12
5.84636e-13
1.37158e-12
1.27338e-13
5.27122e-13
7.97525e-14
5.40057e-14
3.59337e-13
-3.0772e-13
8.64889e-13
-5.56619e-13
-2.25917e-12
3.4339e-12
-2.50657e-11
2.50694e-11
4.10864e-11
-6.24462e-11
2.59223e-13
8.63897e-14
1.36538e-12
5.90647e-13
1.35444e-12
1.38071e-12
5.50709e-13
1.32627e-12
5.04427e-13
9.5188e-14
2.30006e-12
-2.10613e-12
5.50139e-12
-3.75915e-12
-1.47963e-11
2.37306e-11
-1.62838e-10
1.73108e-10
2.83947e-10
-4.05707e-10
7.0204e-14
1.61212e-14
5.24727e-13
1.35242e-13
1.33632e-12
5.64531e-13
1.51227e-12
1.14104e-12
2.77512e-12
-1.18967e-12
1.28741e-11
-1.22277e-11
3.03301e-11
-2.12256e-11
-8.75989e-11
1.41655e-10
-9.45425e-10
1.03092e-09
1.69362e-09
-2.35512e-09
1.82498e-14
-2.16228e-15
1.78153e-13
-2.51817e-14
9.47962e-13
-2.10317e-13
3.73489e-12
-1.66822e-12
1.46763e-11
-1.21666e-11
6.46567e-11
-6.22841e-11
1.48018e-10
-1.04655e-10
-5.10496e-10
8.00142e-10
-5.26833e-09
5.78872e-09
9.53813e-09
-1.31129e-08
3.28666e-14
-3.50413e-14
3.58317e-13
-3.50853e-13
2.39492e-12
-2.24946e-12
1.33356e-11
-1.2631e-11
6.49287e-11
-6.38385e-11
2.61725e-10
-2.5916e-10
5.408e-10
-3.83857e-10
-3.0704e-09
4.41127e-09
-2.88242e-08
3.15424e-08
5.23338e-08
-7.162e-08
5.24917e-14
-8.75381e-14
5.73845e-13
-8.7227e-13
3.86207e-12
-5.53849e-12
2.17204e-11
-3.04982e-11
1.06512e-10
-1.48694e-10
3.90711e-10
-5.43504e-10
-1.43242e-10
1.50109e-10
-1.99619e-08
2.42302e-08
-1.55446e-07
1.67027e-07
2.82761e-07
-3.85874e-07
-2.95547e-13
2.08006e-13
-3.27546e-12
2.10764e-12
-2.26694e-11
1.38553e-11
-1.35818e-10
8.26486e-11
-7.7312e-10
4.88593e-10
-4.32775e-09
3.01108e-09
-2.42956e-08
2.01181e-08
-1.43963e-07
1.43898e-07
-8.15553e-07
8.38618e-07
1.50087e-06
-2.03366e-06
-2.70938e-12
2.9174e-12
-2.99758e-11
2.9374e-11
-2.06752e-10
1.90631e-10
-1.2295e-09
1.1054e-09
-6.89082e-09
6.14991e-09
-3.74447e-08
3.3565e-08
-1.97133e-07
1.79807e-07
-9.69739e-07
9.16503e-07
-4.12188e-06
3.99076e-06
7.30849e-06
-9.9295e-06
-1.72277e-11
2.01451e-11
-1.90499e-10
2.02645e-10
-1.31237e-09
1.3125e-09
-7.78263e-09
7.57565e-09
-4.33299e-08
4.16971e-08
-2.31714e-07
2.21949e-07
-1.17481e-06
1.1229e-06
-5.33847e-06
5.08017e-06
-1.97235e-05
1.83758e-05
-4.01468e-05
2.77318e-05
-2.80438e-12
-3.39178e-12
-3.0585e-13
-2.4982e-12
9.11526e-14
-3.96964e-13
4.04722e-14
5.06855e-14
8.19217e-15
3.22635e-14
1.82004e-15
6.35016e-15
1.16681e-15
6.40303e-16
1.02878e-15
-1.43552e-16
1.92343e-16
6.60587e-17
1.47247e-16
-2.82565e-11
-3.75789e-11
-3.08909e-12
-2.76645e-11
9.08198e-13
-4.39411e-12
4.06388e-13
5.52519e-13
8.14878e-14
3.57094e-13
1.44222e-14
7.33257e-14
9.98903e-15
4.82762e-15
6.21526e-15
4.30966e-17
2.06883e-15
-2.52294e-15
-5.63667e-16
-1.83578e-10
-2.597e-10
-2.01803e-11
-1.91059e-10
5.75933e-12
-3.03331e-11
2.57985e-12
3.73211e-12
5.22162e-13
2.4144e-12
9.11398e-14
5.03839e-13
2.57059e-14
6.81822e-14
1.55952e-14
-1.01641e-14
2.80325e-15
-4.89962e-15
-4.5238e-16
-1.06599e-09
-1.54881e-09
-1.18713e-10
-1.13832e-09
3.15661e-11
-1.8061e-10
1.44097e-11
2.08893e-11
2.92971e-12
1.38912e-11
3.64032e-13
3.06777e-12
5.39817e-14
3.86202e-13
1.10619e-14
3.2214e-14
1.14053e-15
4.65969e-15
8.27207e-16
-5.94224e-09
-8.71942e-09
-6.81889e-10
-6.39863e-09
1.51473e-10
-1.01396e-09
7.11645e-11
1.01201e-10
1.55566e-11
6.94692e-11
2.89547e-12
1.57129e-11
5.19119e-13
2.77395e-12
7.93829e-14
4.74266e-13
7.07258e-15
7.72456e-14
8.02918e-15
-3.25389e-08
-4.78004e-08
-3.97971e-09
-3.49576e-08
5.20088e-10
-5.51367e-09
2.80457e-10
3.40855e-10
6.9706e-11
2.80067e-10
1.40454e-11
7.1239e-11
2.47723e-12
1.43199e-11
3.63117e-13
2.58633e-12
3.28629e-14
4.07333e-13
4.08751e-14
-1.75792e-07
-2.57882e-07
-2.45552e-08
-1.86193e-07
-6.30449e-10
-2.94382e-08
3.40199e-10
-6.29123e-10
9.97702e-11
5.21044e-10
2.06487e-11
1.50442e-10
3.67305e-12
3.13032e-11
5.44511e-13
5.71551e-12
4.97511e-14
9.02139e-13
9.06275e-14
-9.23387e-07
-1.36815e-06
-1.66532e-07
-9.43046e-07
-2.8589e-08
-1.67383e-07
-5.13465e-09
-2.40844e-08
-9.20878e-10
-3.6929e-09
-1.62109e-10
-6.08342e-10
-2.70852e-11
-1.03722e-10
-3.91536e-12
-1.74544e-11
-3.53373e-13
-2.65985e-12
-2.62742e-13
-4.61931e-06
-6.67835e-06
-1.0712e-06
-4.49116e-06
-2.14884e-07
-1.0237e-06
-4.05524e-08
-1.98414e-07
-7.44269e-09
-3.68023e-08
-1.32652e-09
-6.72448e-09
-2.22964e-10
-1.20727e-09
-3.232e-11
-2.08099e-10
-2.921e-12
-3.20588e-11
-3.18376e-12
-2.17128e-05
-2.51123e-05
-5.98274e-06
-2.02213e-05
-1.32149e-06
-5.68495e-06
-2.61021e-07
-1.25888e-06
-4.88398e-08
-2.48983e-07
-8.77468e-09
-4.67896e-08
-1.47983e-09
-8.50212e-09
-2.14817e-10
-1.47312e-09
-1.94272e-11
-2.27448e-10
-2.2611e-11
-5.27887e-11
7.29339e-11
-5.83021e-10
7.32877e-10
-4.00589e-09
4.73538e-09
-2.36039e-08
2.71736e-08
-1.29322e-07
1.47415e-07
-6.63728e-07
7.56355e-07
-3.04393e-06
3.5031e-06
-1.1544e-05
1.35802e-05
-3.06513e-05
3.74831e-05
3.59096e-05
-3.88292e-05
-1.04819e-10
1.77753e-10
-1.15355e-09
1.78161e-09
-7.86227e-09
1.14441e-08
-4.53988e-08
6.47102e-08
-2.36159e-07
3.38176e-07
-1.06546e-06
1.58566e-06
-3.79811e-06
6.23575e-06
-8.36288e-06
1.8145e-05
3.87585e-06
2.52444e-05
1.39305e-05
2.58549e-05
-2.41728e-10
4.19481e-10
-2.63827e-09
4.17815e-09
-1.76349e-08
2.64407e-08
-9.68545e-08
1.4393e-07
-4.44821e-07
6.86142e-07
-1.57651e-06
2.71734e-06
-3.3009e-06
7.96014e-06
3.54937e-06
1.12947e-05
2.08302e-05
7.96359e-06
3.51445e-06
3.12463e-05
-5.61687e-10
9.81168e-10
-6.00461e-09
9.62107e-09
-3.81823e-08
5.86184e-08
-1.85169e-07
2.90916e-07
-6.69357e-07
1.17033e-06
-1.40023e-06
3.44822e-06
1.67257e-06
4.88734e-06
9.49875e-06
3.46855e-06
1.55733e-05
1.88904e-06
7.34691e-07
1.83531e-05
-1.30387e-09
2.28504e-09
-1.31995e-08
2.15167e-08
-7.38723e-08
1.19291e-07
-2.81212e-07
4.98256e-07
-5.9715e-07
1.48627e-06
7.49179e-07
2.10189e-06
4.15822e-06
1.4783e-06
6.8164e-06
8.10366e-07
8.32189e-06
3.83545e-07
1.39705e-07
8.91688e-06
-2.95284e-09
5.23788e-09
-2.58234e-08
4.43873e-08
-1.13283e-07
2.06751e-07
-2.54826e-07
6.39799e-07
3.32718e-07
8.98724e-07
1.81288e-06
6.21725e-07
2.95396e-06
3.37219e-07
3.60368e-06
1.60645e-07
3.91632e-06
7.09005e-08
2.51977e-08
4.03083e-06
-6.16338e-09
1.14013e-08
-4.1945e-08
8.01689e-08
-1.09819e-07
2.74625e-07
1.48706e-07
3.81275e-07
7.95882e-07
2.51547e-07
1.28325e-06
1.3436e-07
1.55723e-06
6.32362e-08
1.6898e-06
2.80754e-08
1.74863e-06
1.20736e-08
4.25308e-09
1.76957e-06
-1.01424e-08
2.15436e-08
-4.96774e-08
1.19704e-07
6.98375e-08
1.5511e-07
3.58668e-07
9.24439e-08
5.63269e-07
4.69468e-08
6.75821e-07
2.18084e-08
7.29514e-07
9.54255e-09
7.53462e-07
4.12767e-09
7.63777e-07
1.75878e-09
6.17466e-10
7.67413e-07
-1.82807e-08
3.98243e-08
4.05835e-08
6.08397e-08
1.73254e-07
2.24397e-08
2.54602e-07
1.1096e-08
2.96753e-07
4.79509e-09
3.16502e-07
2.05989e-09
3.25168e-07
8.75966e-10
3.28921e-07
3.75208e-10
3.3052e-07
1.59289e-10
5.58394e-11
3.31082e-07
3.98243e-08
1.00664e-07
1.23104e-07
1.342e-07
1.38995e-07
1.41055e-07
1.41931e-07
1.42306e-07
1.42465e-07
1.42521e-07
-3.18524e-05
-3.20891e-05
-1.2585e-05
-3.94886e-05
-3.3377e-06
-1.49323e-05
-7.27398e-07
-3.86918e-06
-1.41698e-07
-8.34683e-07
-2.58625e-08
-1.62625e-07
-4.38936e-09
-2.99753e-08
-6.38846e-10
-5.22363e-09
-5.78443e-11
-8.0845e-10
-8.04553e-11
5.80729e-06
-1.20414e-05
-7.94611e-06
-2.57352e-05
-3.84462e-06
-1.90338e-05
-1.08877e-06
-6.62503e-06
-2.4181e-07
-1.68164e-06
-4.65172e-08
-3.57918e-07
-8.0583e-09
-6.84342e-08
-1.18247e-09
-1.20995e-08
-1.07454e-10
-1.88346e-09
-1.87909e-10
2.22633e-05
-3.05847e-06
4.43211e-06
-7.90401e-06
-3.09392e-06
-1.15078e-05
-1.55944e-06
-8.15951e-06
-4.44282e-07
-2.7968e-06
-9.70019e-08
-7.05198e-07
-1.76783e-08
-1.47758e-07
-2.64574e-09
-2.7132e-08
-2.42453e-10
-4.28675e-09
-4.30362e-10
1.59451e-05
-6.50506e-07
9.89965e-06
-1.85856e-06
1.87176e-06
-3.47987e-06
-1.35404e-06
-4.93372e-06
-6.64654e-07
-3.48618e-06
-1.84777e-07
-1.18507e-06
-3.81566e-08
-2.94378e-07
-6.00355e-09
-5.9285e-08
-5.61705e-10
-9.72859e-09
-9.92067e-10
8.39124e-06
-1.24871e-07
6.91025e-06
-3.77568e-07
4.23917e-06
-8.08792e-07
7.871e-07
-1.48165e-06
-5.88471e-07
-2.11061e-06
-2.8034e-07
-1.49321e-06
-7.38014e-08
-5.00917e-07
-1.31951e-08
-1.19891e-07
-1.30375e-09
-2.162e-08
-2.29581e-09
3.92858e-06
-2.26214e-08
3.62089e-06
-6.98777e-08
2.97238e-06
-1.60285e-07
1.82789e-06
-3.37156e-07
3.39648e-07
-6.22364e-07
-2.53258e-07
-9.003e-07
-1.13134e-07
-6.41042e-07
-2.58127e-08
-2.07212e-07
-2.95243e-09
-4.44802e-08
-5.24825e-09
1.75077e-06
-3.82567e-09
1.6928e-06
-1.19077e-08
1.56054e-06
-2.80214e-08
1.2866e-06
-6.32128e-08
7.98589e-07
-1.34355e-07
1.4994e-07
-2.5165e-07
-1.09551e-07
-3.81551e-07
-4.19272e-08
-2.74836e-07
-6.16277e-09
-8.02446e-08
-1.1411e-08
7.64143e-07
-5.55888e-10
7.5397e-07
-1.73519e-09
7.3007e-07
-4.1207e-09
6.76397e-07
-9.54026e-09
5.63848e-07
-2.18063e-08
3.59141e-07
-4.69428e-08
7.00487e-08
-9.24585e-08
-4.96347e-08
-1.55153e-07
-1.01407e-08
-1.19739e-07
-2.15517e-08
3.30576e-07
-5.02909e-11
3.28998e-07
-1.57178e-10
3.25252e-07
-3.74624e-10
3.16588e-07
-8.75854e-10
2.96842e-07
-2.05986e-09
2.54693e-07
-4.79472e-09
1.7333e-07
-1.10954e-08
4.0618e-08
-2.24406e-08
-1.82746e-08
-6.08461e-08
-3.98263e-08
1.42471e-07
1.42313e-07
1.41939e-07
1.41063e-07
1.39003e-07
1.34208e-07
1.23113e-07
1.00672e-07
3.98263e-08
)
;

boundaryField
{
    movingWall
    {
        type            calculated;
        value           uniform 0;
    }
    fixedWalls
    {
        type            calculated;
        value           uniform 0;
    }
    frontAndBack
    {
        type            empty;
    }
}


// ************************************************************************* //
