/*--------------------------------*- C++ -*----------------------------------*\
| =========                 |                                                 |
| \\      /  F ield         | OpenFOAM: The Open Source CFD Toolbox           |
|  \\    /   O peration     | Version:  2312                                  |
|   \\  /    A nd           | Website:  www.openfoam.com                      |
|    \\/     M anipulation  |                                                 |
\*---------------------------------------------------------------------------*/
FoamFile
{
    version     2.0;
    format      ascii;
    arch        "LSB;label=64;scalar=64";
    class       volScalarField;
    location    "250";
    object      p;
}
// * * * * * * * * * * * * * * * * * * * * * * * * * * * * * * * * * * * * * //

dimensions      [1 -1 -2 0 0 0 0];

internalField   nonuniform List<scalar> 
5100
(
1.02546
1.02545
1.02544
1.02542
1.02541
1.02538
1.02536
1.02532
1.02529
1.02525
1.02521
1.02515
1.02511
1.02504
1.025
1.02493
1.02487
1.02479
1.02474
1.02466
1.0246
1.02453
1.02447
1.02441
1.02436
1.02431
1.02427
1.02424
1.02421
1.02419
1.02417
1.02415
1.02412
1.02408
1.02404
1.024
1.02394
1.0239
1.02384
1.02376
1.0237
1.0236
1.02351
1.02341
1.02331
1.02319
1.02308
1.02297
1.02285
1.02273
1.02261
1.02249
1.02236
1.02224
1.0221
1.02198
1.02183
1.02171
1.02155
1.02143
1.02127
1.02113
1.02098
1.02084
1.0207
1.02056
1.02042
1.02029
1.02016
1.02004
1.01992
1.01981
1.0197
1.0196
1.0195
1.01941
1.01933
1.01925
1.01918
1.01911
1.01904
1.01897
1.01892
1.01886
1.0188
1.01875
1.0187
1.01864
1.01859
1.01854
1.01849
1.01844
1.01839
1.01834
1.01829
1.01824
1.01819
1.01814
1.01809
1.01804
1.018
1.01795
1.0179
1.01784
1.0178
1.01775
1.0177
1.01765
1.0176
1.01754
1.01749
1.01743
1.01738
1.01732
1.01725
1.01719
1.01712
1.01705
1.01697
1.0169
1.01682
1.01674
1.01665
1.01657
1.01647
1.01638
1.01628
1.01618
1.01608
1.01597
1.01587
1.01576
1.01565
1.01554
1.01542
1.01531
1.01518
1.01506
1.01493
1.01481
1.01467
1.01454
1.01439
1.01427
1.01411
1.01397
1.01381
1.01366
1.0135
1.01335
1.01319
1.01303
1.01286
1.0127
1.01254
1.01237
1.01221
1.01205
1.01188
1.01172
1.01155
1.01139
1.01122
1.01107
1.01089
1.01075
1.01057
1.01042
1.01025
1.01009
1.00993
1.00977
1.00961
1.00946
1.0093
1.00915
1.00899
1.00884
1.00869
1.00854
1.00839
1.00825
1.0081
1.00796
1.00782
1.00767
1.00754
1.00739
1.00725
1.00711
1.00698
1.00684
1.00671
1.00658
1.00645
1.00632
1.00619
1.00607
1.00594
1.00582
1.0057
1.00557
1.00546
1.00533
1.00522
1.0051
1.00498
1.00486
1.00475
1.00462
1.00451
1.00439
1.00428
1.00417
1.00405
1.00394
1.00383
1.00372
1.0036
1.00349
1.00338
1.00327
1.00316
1.00306
1.00295
1.00284
1.00273
1.00262
1.0025
1.0024
1.00228
1.00217
1.00206
1.00194
1.00183
1.00171
1.0016
1.00148
1.00137
1.00125
1.00113
1.00101
1.0009
1.00078
1.00066
1.00054
1.00042
1.0003
1.00018
1.00004
1.02546
1.02545
1.02544
1.02542
1.0254
1.02538
1.02535
1.02532
1.02529
1.02525
1.02521
1.02515
1.0251
1.02503
1.02498
1.02491
1.02485
1.02477
1.02471
1.02464
1.02458
1.02452
1.02446
1.02441
1.02437
1.02433
1.02429
1.02425
1.02422
1.02417
1.02413
1.0241
1.02407
1.02404
1.02402
1.02398
1.02396
1.02388
1.02382
1.02374
1.02367
1.02357
1.02349
1.02338
1.02328
1.02317
1.02306
1.02294
1.02283
1.02271
1.02259
1.02247
1.02234
1.02222
1.02208
1.02196
1.02182
1.0217
1.02154
1.02142
1.02126
1.02113
1.02098
1.02084
1.0207
1.02056
1.02042
1.02029
1.02016
1.02004
1.01992
1.01981
1.0197
1.0196
1.0195
1.01941
1.01933
1.01924
1.01918
1.0191
1.01904
1.01897
1.01892
1.01886
1.0188
1.01875
1.0187
1.01865
1.01859
1.01854
1.01849
1.01844
1.01839
1.01834
1.01829
1.01824
1.01819
1.01814
1.0181
1.01804
1.018
1.01795
1.0179
1.01785
1.0178
1.01775
1.0177
1.01765
1.0176
1.01755
1.01749
1.01744
1.01738
1.01732
1.01725
1.01719
1.01712
1.01705
1.01697
1.0169
1.01682
1.01674
1.01664
1.01657
1.01646
1.01638
1.01628
1.01618
1.01607
1.01597
1.01587
1.01576
1.01565
1.01554
1.01542
1.0153
1.01518
1.01506
1.01493
1.0148
1.01467
1.01454
1.01439
1.01427
1.01411
1.01397
1.01381
1.01366
1.0135
1.01335
1.01319
1.01303
1.01286
1.0127
1.01254
1.01237
1.01221
1.01205
1.01188
1.01172
1.01155
1.01139
1.01122
1.01107
1.01088
1.01075
1.01057
1.01042
1.01025
1.01009
1.00993
1.00977
1.00961
1.00946
1.0093
1.00915
1.00899
1.00884
1.00869
1.00854
1.00839
1.00825
1.0081
1.00796
1.00782
1.00767
1.00754
1.00738
1.00725
1.00711
1.00698
1.00684
1.00671
1.00658
1.00645
1.00632
1.00619
1.00607
1.00594
1.00582
1.0057
1.00557
1.00545
1.00533
1.00522
1.0051
1.00498
1.00486
1.00475
1.00462
1.00451
1.00439
1.00428
1.00417
1.00405
1.00394
1.00383
1.00372
1.00361
1.00349
1.00338
1.00327
1.00316
1.00306
1.00295
1.00284
1.00273
1.00262
1.0025
1.00241
1.00228
1.00217
1.00206
1.00194
1.00183
1.00171
1.0016
1.00148
1.00137
1.00125
1.00113
1.00102
1.0009
1.00078
1.00066
1.00054
1.00042
1.0003
1.00018
1.00004
1.02546
1.02545
1.02544
1.02542
1.0254
1.02538
1.02535
1.02531
1.02528
1.02523
1.02519
1.02514
1.02511
1.02505
1.025
1.02495
1.0249
1.02482
1.02475
1.02468
1.02461
1.02453
1.02446
1.0244
1.02433
1.02428
1.02423
1.02419
1.02417
1.02416
1.02415
1.02413
1.02411
1.02408
1.02405
1.02399
1.02395
1.02388
1.02383
1.02374
1.02367
1.02357
1.02348
1.02338
1.02327
1.02316
1.02305
1.02293
1.02282
1.0227
1.02257
1.02245
1.02233
1.0222
1.02207
1.02195
1.0218
1.02168
1.02153
1.02141
1.02125
1.02112
1.02097
1.02084
1.02069
1.02056
1.02042
1.02029
1.02016
1.02004
1.01992
1.01981
1.0197
1.0196
1.0195
1.01941
1.01933
1.01924
1.01918
1.0191
1.01904
1.01897
1.01892
1.01886
1.01881
1.01875
1.0187
1.01865
1.0186
1.01855
1.0185
1.01845
1.0184
1.01835
1.0183
1.01825
1.0182
1.01815
1.0181
1.01805
1.018
1.01795
1.0179
1.01785
1.0178
1.01775
1.0177
1.01765
1.0176
1.01755
1.01749
1.01744
1.01738
1.01732
1.01725
1.01719
1.01712
1.01705
1.01698
1.0169
1.01682
1.01674
1.01664
1.01657
1.01646
1.01638
1.01627
1.01618
1.01607
1.01597
1.01586
1.01576
1.01565
1.01553
1.01542
1.0153
1.01518
1.01506
1.01493
1.0148
1.01467
1.01454
1.01438
1.01427
1.01411
1.01397
1.01381
1.01366
1.0135
1.01335
1.01319
1.01303
1.01286
1.0127
1.01254
1.01237
1.01221
1.01205
1.01188
1.01172
1.01155
1.01139
1.01122
1.01107
1.01088
1.01075
1.01056
1.01042
1.01025
1.01009
1.00993
1.00977
1.00961
1.00946
1.0093
1.00914
1.00899
1.00884
1.00869
1.00854
1.00839
1.00824
1.0081
1.00796
1.00782
1.00766
1.00754
1.00738
1.00725
1.00711
1.00698
1.00684
1.00671
1.00658
1.00645
1.00632
1.00619
1.00607
1.00594
1.00582
1.0057
1.00557
1.00545
1.00533
1.00522
1.0051
1.00498
1.00485
1.00475
1.00462
1.00451
1.00439
1.00428
1.00417
1.00405
1.00394
1.00383
1.00372
1.00361
1.0035
1.00338
1.00327
1.00316
1.00306
1.00295
1.00284
1.00273
1.00262
1.0025
1.00241
1.00228
1.00217
1.00206
1.00194
1.00183
1.00172
1.0016
1.00148
1.00137
1.00125
1.00113
1.00102
1.0009
1.00078
1.00066
1.00054
1.00042
1.0003
1.00018
1.00004
1.02546
1.02545
1.02544
1.02542
1.02541
1.02539
1.02537
1.02534
1.02531
1.02527
1.02523
1.02518
1.02512
1.02504
1.02498
1.02491
1.02485
1.02476
1.0247
1.02462
1.02456
1.02449
1.02443
1.02437
1.02433
1.02428
1.02425
1.02421
1.02418
1.02415
1.02411
1.02409
1.02406
1.02404
1.02401
1.02397
1.02393
1.02387
1.02381
1.02372
1.02366
1.02355
1.02346
1.02336
1.02325
1.02314
1.02302
1.02291
1.02279
1.02267
1.02255
1.02243
1.0223
1.02218
1.02205
1.02193
1.02178
1.02166
1.02151
1.02139
1.02123
1.02111
1.02096
1.02082
1.02068
1.02054
1.02041
1.02028
1.02015
1.02003
1.01992
1.0198
1.0197
1.01959
1.0195
1.01941
1.01933
1.01924
1.01918
1.01909
1.01904
1.01897
1.01891
1.01886
1.0188
1.01875
1.0187
1.01865
1.0186
1.01855
1.0185
1.01845
1.0184
1.01835
1.0183
1.01825
1.0182
1.01815
1.0181
1.01805
1.018
1.01795
1.0179
1.01785
1.0178
1.01775
1.0177
1.01765
1.0176
1.01755
1.01749
1.01744
1.01738
1.01732
1.01726
1.01719
1.01712
1.01705
1.01698
1.0169
1.01682
1.01674
1.01664
1.01657
1.01646
1.01638
1.01627
1.01618
1.01607
1.01597
1.01586
1.01576
1.01565
1.01553
1.01542
1.0153
1.01518
1.01506
1.01493
1.0148
1.01466
1.01454
1.01438
1.01427
1.01411
1.01397
1.01381
1.01366
1.0135
1.01334
1.01319
1.01303
1.01286
1.0127
1.01254
1.01237
1.01221
1.01205
1.01188
1.01172
1.01155
1.01139
1.01122
1.01107
1.01088
1.01075
1.01056
1.01042
1.01025
1.01009
1.00993
1.00977
1.00961
1.00945
1.0093
1.00914
1.00899
1.00884
1.00869
1.00854
1.00839
1.00824
1.0081
1.00796
1.00782
1.00766
1.00754
1.00738
1.00725
1.00711
1.00698
1.00684
1.00671
1.00658
1.00645
1.00632
1.00619
1.00607
1.00594
1.00582
1.0057
1.00557
1.00546
1.00534
1.00522
1.0051
1.00498
1.00485
1.00476
1.00462
1.00451
1.00439
1.00428
1.00417
1.00405
1.00394
1.00383
1.00372
1.00361
1.0035
1.00338
1.00328
1.00317
1.00306
1.00295
1.00284
1.00273
1.00262
1.0025
1.00241
1.00228
1.00217
1.00206
1.00194
1.00183
1.00172
1.0016
1.00149
1.00137
1.00125
1.00114
1.00102
1.0009
1.00078
1.00066
1.00054
1.00042
1.0003
1.00018
1.00004
1.02545
1.02544
1.02543
1.02542
1.0254
1.02538
1.02535
1.02531
1.02528
1.02524
1.0252
1.02515
1.02511
1.02505
1.025
1.02493
1.02487
1.02479
1.02473
1.02463
1.02457
1.02448
1.02441
1.02434
1.02428
1.02423
1.02419
1.02415
1.02413
1.02411
1.0241
1.02408
1.02407
1.02404
1.02402
1.02397
1.02393
1.02386
1.0238
1.02371
1.02365
1.02354
1.02345
1.02334
1.02323
1.02312
1.023
1.02288
1.02276
1.02264
1.02252
1.0224
1.02227
1.02215
1.02202
1.02189
1.02175
1.02163
1.02148
1.02137
1.02121
1.02109
1.02094
1.0208
1.02067
1.02053
1.0204
1.02028
1.02015
1.02003
1.01992
1.0198
1.0197
1.0196
1.0195
1.01941
1.01933
1.01924
1.01918
1.0191
1.01904
1.01897
1.01892
1.01886
1.01881
1.01875
1.0187
1.01865
1.0186
1.01855
1.0185
1.01845
1.0184
1.01835
1.0183
1.01825
1.0182
1.01815
1.0181
1.01805
1.018
1.01795
1.0179
1.01785
1.0178
1.01775
1.0177
1.01765
1.0176
1.01755
1.01749
1.01744
1.01738
1.01732
1.01726
1.01719
1.01712
1.01705
1.01698
1.0169
1.01682
1.01674
1.01664
1.01657
1.01646
1.01638
1.01627
1.01618
1.01607
1.01597
1.01586
1.01576
1.01564
1.01553
1.01542
1.0153
1.01518
1.01505
1.01493
1.0148
1.01466
1.01454
1.01438
1.01427
1.01411
1.01396
1.01381
1.01365
1.0135
1.01334
1.01318
1.01302
1.01286
1.0127
1.01254
1.01237
1.01221
1.01205
1.01188
1.01172
1.01155
1.01139
1.01122
1.01107
1.01088
1.01075
1.01056
1.01042
1.01024
1.01009
1.00993
1.00977
1.00961
1.00945
1.0093
1.00914
1.00899
1.00884
1.00869
1.00854
1.00839
1.00824
1.0081
1.00796
1.00782
1.00766
1.00754
1.00738
1.00725
1.00711
1.00697
1.00684
1.00671
1.00658
1.00645
1.00632
1.00619
1.00607
1.00594
1.00582
1.0057
1.00557
1.00546
1.00534
1.00522
1.0051
1.00498
1.00485
1.00475
1.00462
1.00451
1.00439
1.00428
1.00417
1.00405
1.00394
1.00383
1.00372
1.00361
1.0035
1.00339
1.00328
1.00317
1.00306
1.00295
1.00284
1.00273
1.00262
1.0025
1.00241
1.00228
1.00217
1.00206
1.00194
1.00183
1.00172
1.0016
1.00149
1.00137
1.00125
1.00114
1.00102
1.0009
1.00078
1.00066
1.00054
1.00042
1.0003
1.00018
1.00004
1.02544
1.02543
1.02542
1.02541
1.0254
1.02538
1.02536
1.02533
1.0253
1.02527
1.02523
1.02517
1.02512
1.02505
1.025
1.02492
1.02486
1.02476
1.0247
1.02461
1.02454
1.02445
1.02439
1.02432
1.02427
1.02422
1.02418
1.02415
1.02412
1.0241
1.02408
1.02406
1.02404
1.02402
1.02399
1.02395
1.02391
1.02384
1.02378
1.02369
1.02362
1.02351
1.02342
1.02331
1.02319
1.02308
1.02296
1.02284
1.02272
1.0226
1.02248
1.02236
1.02224
1.02211
1.02198
1.02185
1.02171
1.02159
1.02144
1.02132
1.02116
1.02104
1.02089
1.02076
1.02063
1.0205
1.02037
1.02024
1.02012
1.02001
1.0199
1.01979
1.01969
1.01958
1.01949
1.0194
1.01932
1.01924
1.01918
1.01909
1.01904
1.01896
1.01891
1.01885
1.0188
1.01875
1.0187
1.01865
1.0186
1.01854
1.01849
1.01844
1.01839
1.01835
1.0183
1.01825
1.0182
1.01815
1.0181
1.01805
1.018
1.01795
1.0179
1.01786
1.01781
1.01776
1.01771
1.01766
1.01761
1.01755
1.0175
1.01744
1.01739
1.01732
1.01726
1.0172
1.01713
1.01706
1.01698
1.0169
1.01682
1.01674
1.01664
1.01657
1.01646
1.01638
1.01627
1.01618
1.01607
1.01597
1.01586
1.01575
1.01564
1.01553
1.01541
1.0153
1.01518
1.01505
1.01492
1.01479
1.01466
1.01452
1.01439
1.01424
1.01412
1.01395
1.0138
1.01365
1.0135
1.01334
1.01318
1.01302
1.01286
1.0127
1.01254
1.01237
1.01221
1.01205
1.01188
1.01172
1.01155
1.01139
1.01122
1.01107
1.01089
1.01076
1.01056
1.01042
1.01024
1.01009
1.00993
1.00977
1.00961
1.00945
1.0093
1.00914
1.00899
1.00884
1.00869
1.00854
1.00839
1.00824
1.0081
1.00796
1.00782
1.00766
1.00754
1.00738
1.00725
1.00711
1.00697
1.00684
1.00671
1.00658
1.00645
1.00632
1.00619
1.00607
1.00594
1.00582
1.0057
1.00558
1.00546
1.00534
1.00522
1.0051
1.00498
1.00485
1.00475
1.00462
1.00451
1.00439
1.00428
1.00417
1.00406
1.00394
1.00383
1.00372
1.00361
1.0035
1.00339
1.00328
1.00317
1.00306
1.00295
1.00284
1.00273
1.00263
1.0025
1.00241
1.00228
1.00218
1.00206
1.00195
1.00183
1.00172
1.0016
1.00149
1.00137
1.00126
1.00114
1.00102
1.0009
1.00078
1.00066
1.00054
1.00043
1.0003
1.00019
1.00003
1.02541
1.02542
1.02541
1.02541
1.02539
1.02538
1.02535
1.02533
1.0253
1.02526
1.02522
1.02517
1.02513
1.02506
1.02501
1.02493
1.02487
1.02477
1.0247
1.02461
1.02453
1.02445
1.02437
1.0243
1.02424
1.02419
1.02415
1.02412
1.0241
1.02408
1.02407
1.02405
1.02404
1.02401
1.02398
1.02393
1.0239
1.02381
1.02376
1.02366
1.02359
1.02349
1.02339
1.02328
1.02317
1.02305
1.02293
1.0228
1.02268
1.02255
1.02243
1.0223
1.02217
1.02205
1.02192
1.02179
1.02166
1.02154
1.02139
1.02129
1.02112
1.02101
1.02086
1.02074
1.02061
1.02048
1.02036
1.02024
1.02012
1.02001
1.0199
1.0198
1.0197
1.0196
1.01951
1.01942
1.01934
1.01925
1.01919
1.01911
1.01905
1.01897
1.01892
1.01886
1.01881
1.01875
1.0187
1.01865
1.0186
1.01855
1.0185
1.01845
1.0184
1.01835
1.0183
1.01825
1.0182
1.01816
1.0181
1.01806
1.01801
1.01796
1.0179
1.01786
1.01781
1.01776
1.01771
1.01766
1.01761
1.01756
1.0175
1.01745
1.01739
1.01733
1.01727
1.0172
1.01713
1.01706
1.01698
1.01691
1.01682
1.01675
1.01665
1.01658
1.01647
1.01638
1.01628
1.01618
1.01608
1.01597
1.01587
1.01576
1.01565
1.01553
1.01541
1.0153
1.01517
1.01505
1.01492
1.01479
1.01466
1.01452
1.01439
1.01423
1.01412
1.01394
1.0138
1.01364
1.01349
1.01333
1.01318
1.01302
1.01286
1.0127
1.01254
1.01237
1.01221
1.01205
1.01188
1.01172
1.01155
1.01139
1.01122
1.01107
1.01089
1.01076
1.01057
1.01042
1.01024
1.01009
1.00993
1.00977
1.00961
1.00945
1.0093
1.00914
1.00899
1.00884
1.00869
1.00854
1.00839
1.00824
1.0081
1.00796
1.00782
1.00766
1.00754
1.00738
1.00725
1.0071
1.00697
1.00684
1.00671
1.00658
1.00645
1.00632
1.00619
1.00607
1.00594
1.00582
1.0057
1.00558
1.00546
1.00534
1.00522
1.0051
1.00498
1.00485
1.00475
1.00462
1.00451
1.00439
1.00428
1.00417
1.00406
1.00394
1.00383
1.00372
1.00361
1.0035
1.00339
1.00328
1.00317
1.00306
1.00295
1.00284
1.00273
1.00263
1.0025
1.00241
1.00228
1.00218
1.00206
1.00195
1.00183
1.00172
1.0016
1.00149
1.00137
1.00126
1.00114
1.00102
1.0009
1.00078
1.00067
1.00055
1.00043
1.0003
1.00019
1.00003
1.02534
1.02539
1.02539
1.0254
1.0254
1.02539
1.02537
1.02535
1.02532
1.02528
1.02524
1.02519
1.02514
1.02507
1.02502
1.02493
1.02487
1.02477
1.0247
1.0246
1.02452
1.02444
1.02436
1.0243
1.02424
1.02419
1.02415
1.02412
1.0241
1.02408
1.02406
1.02404
1.02402
1.02399
1.02396
1.02391
1.02387
1.02379
1.02373
1.02363
1.02355
1.02344
1.02333
1.02322
1.0231
1.02299
1.02287
1.02275
1.02264
1.02252
1.0224
1.02227
1.02214
1.02201
1.02188
1.02174
1.02159
1.02146
1.02131
1.0212
1.02103
1.02092
1.02078
1.02066
1.02053
1.02041
1.02029
1.02018
1.02007
1.01996
1.01986
1.01976
1.01967
1.01957
1.01949
1.0194
1.01932
1.01924
1.01918
1.0191
1.01903
1.01896
1.01891
1.01885
1.01879
1.01874
1.01868
1.01863
1.01858
1.01853
1.01848
1.01843
1.01838
1.01833
1.01828
1.01824
1.01819
1.01815
1.0181
1.01806
1.01802
1.01797
1.01792
1.01788
1.01782
1.01778
1.01773
1.01768
1.01762
1.01757
1.01751
1.01746
1.0174
1.01733
1.01727
1.0172
1.01713
1.01706
1.01699
1.01691
1.01682
1.01675
1.01665
1.01658
1.01647
1.01638
1.01628
1.01618
1.01608
1.01597
1.01587
1.01576
1.01564
1.01553
1.01541
1.01529
1.01517
1.01504
1.01492
1.01478
1.01465
1.01451
1.01438
1.01422
1.01411
1.01393
1.01379
1.01364
1.01348
1.01333
1.01317
1.01301
1.01286
1.0127
1.01254
1.01237
1.01221
1.01205
1.01188
1.01172
1.01156
1.01139
1.01123
1.01107
1.01089
1.01076
1.01057
1.01042
1.01024
1.01009
1.00993
1.00977
1.00961
1.00945
1.0093
1.00914
1.00899
1.00884
1.00869
1.00854
1.00839
1.00824
1.0081
1.00795
1.00781
1.00765
1.00754
1.00738
1.00725
1.0071
1.00697
1.00684
1.00671
1.00657
1.00645
1.00632
1.00619
1.00607
1.00594
1.00582
1.0057
1.00558
1.00546
1.00534
1.00521
1.0051
1.00497
1.00487
1.00474
1.00462
1.0045
1.00439
1.00428
1.00417
1.00406
1.00394
1.00383
1.00372
1.00361
1.0035
1.00339
1.00328
1.00317
1.00306
1.00295
1.00284
1.00273
1.00263
1.0025
1.00241
1.00228
1.00218
1.00206
1.00195
1.00183
1.00172
1.0016
1.00149
1.00137
1.00126
1.00114
1.00102
1.0009
1.00079
1.00067
1.00055
1.00043
1.0003
1.00019
1.00003
1.02526
1.02537
1.02538
1.02542
1.02541
1.02541
1.02538
1.02536
1.02532
1.02529
1.02525
1.0252
1.02515
1.02509
1.02503
1.02495
1.02489
1.02478
1.02471
1.02461
1.02453
1.02445
1.02437
1.0243
1.02424
1.0242
1.02416
1.02413
1.02411
1.02409
1.02407
1.02404
1.02402
1.02398
1.02394
1.02388
1.02383
1.02374
1.02368
1.02358
1.02351
1.0234
1.02331
1.0232
1.02308
1.02296
1.02283
1.0227
1.02257
1.02244
1.02231
1.02218
1.02205
1.02192
1.02179
1.02166
1.02154
1.02142
1.02127
1.02116
1.021
1.02089
1.02076
1.02064
1.02052
1.0204
1.02029
1.02019
1.02008
1.01998
1.01989
1.01979
1.0197
1.01961
1.01953
1.01944
1.01936
1.01927
1.01921
1.01913
1.01906
1.01898
1.01893
1.01887
1.01881
1.01875
1.01869
1.01864
1.01859
1.01854
1.01849
1.01844
1.01839
1.01835
1.0183
1.01825
1.0182
1.01816
1.0181
1.01806
1.01801
1.01797
1.01791
1.01787
1.01782
1.01777
1.01772
1.01767
1.01762
1.01757
1.01752
1.01746
1.0174
1.01734
1.01728
1.01721
1.01714
1.01707
1.017
1.01692
1.01683
1.01676
1.01666
1.01658
1.01648
1.01639
1.01629
1.01619
1.01609
1.01598
1.01587
1.01576
1.01565
1.01554
1.01542
1.0153
1.01517
1.01505
1.01492
1.01478
1.01465
1.01451
1.01438
1.01421
1.0141
1.01392
1.01379
1.01363
1.01347
1.01332
1.01316
1.01301
1.01285
1.01269
1.01253
1.01237
1.01221
1.01205
1.01188
1.01172
1.01156
1.0114
1.01123
1.01107
1.01089
1.01076
1.01057
1.01042
1.01025
1.01009
1.00993
1.00977
1.00961
1.00945
1.0093
1.00914
1.00899
1.00884
1.00868
1.00854
1.00839
1.00824
1.0081
1.00795
1.00781
1.00765
1.00754
1.00738
1.00725
1.0071
1.00697
1.00684
1.00671
1.00658
1.00645
1.00632
1.00619
1.00607
1.00594
1.00582
1.0057
1.00558
1.00546
1.00534
1.00522
1.0051
1.00497
1.00487
1.00474
1.00462
1.00451
1.00439
1.00428
1.00417
1.00405
1.00394
1.00383
1.00372
1.00361
1.0035
1.00339
1.00328
1.00317
1.00306
1.00295
1.00284
1.00272
1.00263
1.0025
1.00241
1.00228
1.00217
1.00206
1.00195
1.00183
1.00172
1.0016
1.00149
1.00138
1.00126
1.00114
1.00102
1.00091
1.00079
1.00067
1.00055
1.00043
1.0003
1.00019
1.00003
1.025
1.02537
1.02539
1.02544
1.02544
1.02543
1.02541
1.02538
1.02535
1.02531
1.02527
1.02522
1.02517
1.0251
1.02504
1.02495
1.02489
1.02479
1.02472
1.02463
1.02455
1.02447
1.0244
1.02434
1.02428
1.02423
1.02419
1.02415
1.02412
1.02409
1.02407
1.02404
1.024
1.02397
1.02393
1.02387
1.02382
1.02372
1.02366
1.02353
1.02344
1.02332
1.02321
1.0231
1.02299
1.02288
1.02277
1.02267
1.02256
1.02243
1.0223
1.02217
1.02204
1.0219
1.02176
1.02161
1.02145
1.02132
1.02117
1.02106
1.0209
1.02079
1.02066
1.02054
1.02043
1.02032
1.02021
1.02011
1.02001
1.01992
1.01983
1.01974
1.01966
1.01958
1.0195
1.01941
1.01934
1.01926
1.01919
1.01911
1.01905
1.01897
1.01892
1.01885
1.01879
1.01873
1.01867
1.01861
1.01856
1.01851
1.01846
1.01841
1.01836
1.01832
1.01827
1.01823
1.01819
1.01815
1.01812
1.01808
1.01804
1.018
1.01794
1.0179
1.01785
1.01781
1.01775
1.0177
1.01765
1.01759
1.01754
1.01748
1.01741
1.01735
1.01728
1.01722
1.01715
1.01707
1.017
1.01692
1.01684
1.01676
1.01666
1.01659
1.01648
1.01639
1.01629
1.01619
1.01609
1.01598
1.01587
1.01576
1.01565
1.01553
1.01541
1.01529
1.01516
1.01503
1.0149
1.01477
1.01463
1.01449
1.01436
1.01419
1.01408
1.0139
1.01378
1.01362
1.01347
1.01331
1.01316
1.013
1.01285
1.01269
1.01253
1.01237
1.01221
1.01205
1.01189
1.01173
1.01156
1.0114
1.01123
1.01108
1.0109
1.01077
1.01057
1.01042
1.01025
1.01009
1.00993
1.00977
1.00961
1.00945
1.0093
1.00914
1.00899
1.00884
1.00868
1.00853
1.00839
1.00824
1.0081
1.00795
1.00781
1.00765
1.00754
1.00738
1.00725
1.0071
1.00697
1.00684
1.0067
1.00657
1.00645
1.00632
1.00619
1.00607
1.00594
1.00582
1.0057
1.00558
1.00546
1.00534
1.00521
1.0051
1.00496
1.00487
1.00473
1.00462
1.0045
1.00439
1.00428
1.00417
1.00405
1.00395
1.00383
1.00372
1.00361
1.0035
1.00339
1.00328
1.00317
1.00306
1.00295
1.00284
1.00272
1.00263
1.0025
1.00241
1.00228
1.00217
1.00206
1.00195
1.00183
1.00172
1.00161
1.00149
1.00138
1.00126
1.00114
1.00103
1.00091
1.00079
1.00067
1.00055
1.00043
1.0003
1.00019
1.00003
1.02721
1.02702
1.02691
1.02674
1.02657
1.02638
1.02617
1.02594
1.0257
1.02542
1.02725
1.02703
1.02691
1.02675
1.02657
1.02639
1.02618
1.02596
1.02572
1.0255
1.02728
1.02706
1.02693
1.02678
1.02661
1.02643
1.02624
1.02604
1.02585
1.02569
1.02734
1.02712
1.02697
1.02682
1.02665
1.02648
1.02631
1.02613
1.02596
1.02582
1.02741
1.02719
1.02704
1.02689
1.02674
1.02658
1.02643
1.02628
1.02615
1.02604
1.02746
1.02724
1.0271
1.02695
1.0268
1.02665
1.02651
1.02636
1.02623
1.02611
1.02751
1.02729
1.02716
1.02702
1.02687
1.02673
1.02659
1.02646
1.02634
1.02623
1.02754
1.02732
1.0272
1.02706
1.02692
1.02678
1.02665
1.02652
1.02639
1.02628
1.02754
1.02734
1.02722
1.02708
1.02694
1.02681
1.02668
1.02655
1.02643
1.02631
1.02752
1.02734
1.02724
1.02709
1.02695
1.02682
1.02668
1.02656
1.02643
1.02632
1.02528
1.02542
1.02545
1.02547
1.02547
1.02546
1.02543
1.0254
1.02537
1.02533
1.02529
1.02524
1.02519
1.02512
1.02507
1.02499
1.02493
1.02483
1.02475
1.02466
1.02458
1.0245
1.02443
1.02436
1.02431
1.02427
1.02423
1.02421
1.02418
1.02414
1.02411
1.02407
1.02401
1.02394
1.02387
1.02379
1.02373
1.02364
1.02358
1.02349
1.02343
1.02332
1.02322
1.02311
1.02299
1.02287
1.02273
1.02259
1.02245
1.02232
1.02219
1.02206
1.02193
1.0218
1.02166
1.02153
1.0214
1.02128
1.02113
1.02102
1.02087
1.02076
1.02063
1.02052
1.02041
1.0203
1.0202
1.02011
1.02002
1.01993
1.01984
1.01976
1.01968
1.0196
1.01952
1.01944
1.01937
1.01929
1.01922
1.01914
1.01907
1.01899
1.01893
1.01886
1.0188
1.01874
1.01868
1.01862
1.01856
1.01851
1.01846
1.01841
1.01837
1.01832
1.01828
1.01824
1.0182
1.01816
1.01811
1.01807
1.01802
1.01798
1.01793
1.0179
1.01784
1.0178
1.01775
1.0177
1.01764
1.01759
1.01754
1.01748
1.01742
1.01736
1.0173
1.01723
1.01716
1.01709
1.01701
1.01693
1.01686
1.01676
1.01669
1.01659
1.0165
1.01641
1.01631
1.01621
1.0161
1.016
1.01589
1.01578
1.01566
1.01554
1.01542
1.0153
1.01517
1.01504
1.01491
1.01478
1.01464
1.01449
1.01436
1.01419
1.01408
1.0139
1.01377
1.01361
1.01346
1.0133
1.01315
1.013
1.01284
1.01268
1.01253
1.01237
1.01221
1.01205
1.01189
1.01172
1.01156
1.0114
1.01123
1.01108
1.0109
1.01077
1.01057
1.01043
1.01025
1.01009
1.00993
1.00977
1.00961
1.00945
1.0093
1.00914
1.00899
1.00883
1.00868
1.00853
1.00839
1.00824
1.00809
1.00795
1.00781
1.00765
1.00754
1.00738
1.00725
1.0071
1.00697
1.00684
1.00671
1.00657
1.00645
1.00632
1.00619
1.00607
1.00594
1.00582
1.0057
1.00558
1.00546
1.00534
1.00522
1.0051
1.00497
1.00487
1.00473
1.00462
1.0045
1.00439
1.00428
1.00417
1.00406
1.00394
1.00383
1.00372
1.00361
1.0035
1.00339
1.00328
1.00317
1.00306
1.00295
1.00284
1.00273
1.00263
1.0025
1.00241
1.00228
1.00218
1.00206
1.00195
1.00183
1.00172
1.00161
1.00149
1.00137
1.00126
1.00114
1.00102
1.00091
1.00079
1.00067
1.00055
1.00043
1.00031
1.00019
1.00003
1.02536
1.02544
1.02548
1.02549
1.02549
1.02547
1.02544
1.02541
1.02538
1.02534
1.02529
1.02524
1.02519
1.02513
1.02507
1.02499
1.02493
1.02485
1.0248
1.02473
1.02466
1.02459
1.02453
1.02447
1.02441
1.02436
1.02428
1.02422
1.02417
1.02412
1.02408
1.02404
1.02402
1.02398
1.02393
1.02384
1.02377
1.02365
1.02356
1.02343
1.02332
1.02319
1.02309
1.02298
1.02287
1.02276
1.02266
1.02255
1.02243
1.02231
1.02218
1.02205
1.02192
1.02178
1.02164
1.0215
1.02135
1.02122
1.02107
1.02095
1.02081
1.0207
1.02057
1.02046
1.02036
1.02025
1.02016
1.02007
1.01998
1.0199
1.01982
1.01974
1.01967
1.01959
1.01951
1.01944
1.01936
1.01929
1.01922
1.01913
1.01907
1.01898
1.01893
1.01886
1.01879
1.01873
1.01867
1.01861
1.01855
1.0185
1.01845
1.0184
1.01835
1.01831
1.01827
1.01823
1.01819
1.01816
1.01812
1.01808
1.01804
1.018
1.01795
1.01792
1.01787
1.01782
1.01777
1.01772
1.01767
1.01761
1.01755
1.01749
1.01743
1.01737
1.0173
1.01723
1.01716
1.01709
1.01701
1.01693
1.01686
1.01677
1.01669
1.01659
1.01651
1.01641
1.01631
1.01621
1.0161
1.016
1.01589
1.01577
1.01566
1.01554
1.01541
1.01529
1.01516
1.01503
1.0149
1.01476
1.01462
1.01447
1.01434
1.01417
1.01406
1.01388
1.01376
1.0136
1.01345
1.0133
1.01315
1.01299
1.01284
1.01268
1.01252
1.01237
1.01221
1.01205
1.01189
1.01173
1.01157
1.01141
1.01124
1.01109
1.0109
1.01078
1.01058
1.01043
1.01025
1.01009
1.00993
1.00977
1.00961
1.00945
1.0093
1.00914
1.00899
1.00883
1.00868
1.00853
1.00839
1.00824
1.00809
1.00795
1.00781
1.00765
1.00753
1.00737
1.00725
1.0071
1.00697
1.00684
1.00671
1.00657
1.00645
1.00632
1.00619
1.00607
1.00594
1.00582
1.0057
1.00558
1.00546
1.00534
1.00521
1.0051
1.00497
1.00487
1.00473
1.00462
1.0045
1.00439
1.00428
1.00417
1.00405
1.00394
1.00383
1.00372
1.00361
1.0035
1.00339
1.00328
1.00317
1.00306
1.00295
1.00284
1.00273
1.00263
1.0025
1.00241
1.00228
1.00218
1.00206
1.00195
1.00183
1.00172
1.00161
1.00149
1.00137
1.00126
1.00114
1.00103
1.00091
1.00079
1.00067
1.00055
1.00043
1.0003
1.00019
1.00003
1.0256
1.02559
1.02559
1.02558
1.02557
1.02554
1.02551
1.02548
1.02544
1.0254
1.02536
1.02531
1.02526
1.0252
1.02515
1.02508
1.02502
1.02491
1.02483
1.02474
1.02467
1.0246
1.02454
1.02448
1.02444
1.02442
1.0244
1.02437
1.02432
1.02426
1.0242
1.02411
1.02401
1.0239
1.0238
1.02372
1.02363
1.02354
1.02346
1.02337
1.02329
1.02319
1.02309
1.02298
1.02287
1.02276
1.02264
1.02251
1.02239
1.02226
1.02213
1.022
1.02186
1.02173
1.02158
1.02145
1.02131
1.02119
1.02103
1.02092
1.02078
1.02068
1.02055
1.02045
1.02034
1.02024
1.02015
1.02006
1.01998
1.0199
1.01982
1.01974
1.01967
1.0196
1.01952
1.01945
1.01938
1.0193
1.01923
1.01914
1.01908
1.019
1.01894
1.01886
1.0188
1.01873
1.01867
1.01861
1.01855
1.0185
1.01845
1.0184
1.01836
1.01831
1.01827
1.01823
1.0182
1.01816
1.01812
1.01808
1.01804
1.018
1.01796
1.01792
1.01787
1.01783
1.01778
1.01772
1.01767
1.01762
1.01756
1.0175
1.01744
1.01738
1.01731
1.01724
1.01717
1.0171
1.01703
1.01695
1.01687
1.01678
1.01671
1.0166
1.01652
1.01642
1.01632
1.01622
1.01612
1.01601
1.0159
1.01578
1.01567
1.01555
1.01542
1.0153
1.01517
1.01503
1.0149
1.01476
1.01462
1.01447
1.01434
1.01417
1.01406
1.01388
1.01375
1.01359
1.01344
1.01329
1.01314
1.01299
1.01283
1.01268
1.01252
1.01236
1.01221
1.01205
1.01189
1.01173
1.01157
1.01141
1.01124
1.01109
1.01091
1.01078
1.01058
1.01043
1.01026
1.0101
1.00993
1.00977
1.00961
1.00945
1.0093
1.00914
1.00899
1.00883
1.00868
1.00853
1.00838
1.00824
1.00809
1.00795
1.00781
1.00765
1.00753
1.00737
1.00725
1.0071
1.00697
1.00684
1.00671
1.00658
1.00645
1.00632
1.00619
1.00607
1.00594
1.00582
1.0057
1.00558
1.00546
1.00534
1.00521
1.0051
1.00497
1.00487
1.00473
1.00462
1.0045
1.00439
1.00428
1.00417
1.00405
1.00394
1.00383
1.00372
1.00361
1.0035
1.00339
1.00328
1.00317
1.00306
1.00295
1.00284
1.00273
1.00262
1.0025
1.00241
1.00228
1.00218
1.00206
1.00195
1.00183
1.00172
1.00161
1.00149
1.00138
1.00126
1.00114
1.00102
1.00091
1.00079
1.00067
1.00055
1.00043
1.0003
1.00019
1.00003
1.02572
1.02566
1.02562
1.02559
1.02557
1.02554
1.02551
1.02547
1.02543
1.02538
1.02533
1.02528
1.02523
1.02518
1.02512
1.02508
1.02503
1.02501
1.02496
1.02491
1.02484
1.02479
1.02473
1.02467
1.02459
1.0245
1.0244
1.02432
1.02425
1.02418
1.02411
1.02403
1.02397
1.02391
1.02383
1.02375
1.02366
1.02356
1.02346
1.02335
1.02325
1.02314
1.02303
1.02292
1.02281
1.0227
1.02259
1.02247
1.02236
1.02224
1.02211
1.02198
1.02184
1.02171
1.02157
1.02144
1.02129
1.02117
1.02101
1.0209
1.02076
1.02065
1.02053
1.02043
1.02032
1.02022
1.02013
1.02005
1.01996
1.01989
1.01981
1.01974
1.01967
1.01959
1.01952
1.01945
1.01938
1.0193
1.01923
1.01914
1.01908
1.019
1.01894
1.01886
1.0188
1.01873
1.01867
1.01861
1.01855
1.0185
1.01845
1.0184
1.01835
1.01831
1.01827
1.01823
1.0182
1.01816
1.01812
1.01809
1.01805
1.01801
1.01797
1.01793
1.01788
1.01784
1.01779
1.01774
1.01769
1.01763
1.01757
1.01751
1.01745
1.01738
1.01732
1.01725
1.01718
1.0171
1.01703
1.01695
1.01687
1.01678
1.01671
1.0166
1.01652
1.01642
1.01633
1.01622
1.01612
1.01601
1.0159
1.01578
1.01566
1.01554
1.01542
1.01529
1.01516
1.01503
1.01489
1.01475
1.01461
1.01446
1.01433
1.01416
1.01405
1.01387
1.01374
1.01359
1.01344
1.01329
1.01314
1.01298
1.01283
1.01268
1.01252
1.01236
1.01221
1.01205
1.01189
1.01173
1.01157
1.01141
1.01124
1.01109
1.01091
1.01078
1.01058
1.01043
1.01026
1.0101
1.00993
1.00977
1.00961
1.00946
1.0093
1.00914
1.00899
1.00883
1.00868
1.00853
1.00838
1.00824
1.00809
1.00795
1.00781
1.00765
1.00753
1.00737
1.00725
1.0071
1.00697
1.00684
1.00671
1.00658
1.00645
1.00632
1.00619
1.00607
1.00594
1.00582
1.0057
1.00558
1.00546
1.00534
1.00522
1.0051
1.00497
1.00487
1.00473
1.00463
1.00451
1.00439
1.00428
1.00417
1.00406
1.00394
1.00383
1.00372
1.00361
1.0035
1.00339
1.00328
1.00317
1.00306
1.00295
1.00284
1.00273
1.00262
1.0025
1.00241
1.00228
1.00217
1.00206
1.00195
1.00183
1.00172
1.0016
1.00149
1.00137
1.00126
1.00114
1.00102
1.00091
1.00079
1.00067
1.00055
1.00043
1.0003
1.00019
1.00003
1.02595
1.02588
1.02583
1.02579
1.02574
1.0257
1.02566
1.02562
1.02558
1.02553
1.02549
1.02544
1.02539
1.02534
1.02527
1.02522
1.02512
1.02503
1.02494
1.02489
1.02482
1.02476
1.02469
1.02463
1.02457
1.02451
1.02447
1.02441
1.02435
1.02428
1.0242
1.02411
1.02401
1.02392
1.02381
1.02372
1.0236
1.02352
1.0234
1.02332
1.02321
1.02312
1.02301
1.02291
1.0228
1.02269
1.02257
1.02246
1.02233
1.02221
1.02208
1.02195
1.02182
1.02169
1.02155
1.02142
1.02127
1.02115
1.021
1.02089
1.02075
1.02065
1.02052
1.02042
1.02031
1.02022
1.02013
1.02004
1.01996
1.01989
1.01981
1.01974
1.01967
1.01959
1.01952
1.01945
1.01938
1.0193
1.01924
1.01915
1.01908
1.019
1.01894
1.01887
1.0188
1.01874
1.01868
1.01861
1.01856
1.0185
1.01845
1.0184
1.01836
1.01832
1.01828
1.01824
1.0182
1.01817
1.01813
1.01809
1.01805
1.01802
1.01797
1.01794
1.01789
1.01784
1.01779
1.01774
1.01769
1.01763
1.01758
1.01751
1.01745
1.01739
1.01732
1.01725
1.01718
1.01711
1.01704
1.01695
1.01688
1.01678
1.01672
1.01661
1.01653
1.01643
1.01633
1.01623
1.01612
1.01601
1.0159
1.01579
1.01567
1.01555
1.01542
1.01529
1.01516
1.01503
1.01489
1.01475
1.01461
1.01446
1.01433
1.01415
1.01405
1.01388
1.01374
1.01358
1.01344
1.01328
1.01313
1.01298
1.01283
1.01267
1.01252
1.01236
1.01221
1.01205
1.01189
1.01173
1.01157
1.01141
1.01124
1.0111
1.01091
1.01078
1.01059
1.01043
1.01026
1.0101
1.00994
1.00978
1.00962
1.00946
1.0093
1.00914
1.00899
1.00883
1.00868
1.00853
1.00838
1.00824
1.00809
1.00795
1.00781
1.00765
1.00753
1.00737
1.00725
1.0071
1.00697
1.00684
1.00671
1.00658
1.00645
1.00632
1.00619
1.00607
1.00594
1.00582
1.0057
1.00558
1.00546
1.00534
1.00522
1.0051
1.00497
1.00487
1.00474
1.00463
1.00451
1.00439
1.00428
1.00417
1.00406
1.00394
1.00383
1.00372
1.00361
1.0035
1.00339
1.00328
1.00317
1.00306
1.00295
1.00284
1.00273
1.00261
1.00252
1.0024
1.00229
1.00217
1.00206
1.00195
1.00183
1.00172
1.0016
1.00149
1.00137
1.00126
1.00114
1.00102
1.00091
1.00079
1.00067
1.00055
1.00043
1.0003
1.00019
1.00003
1.026
1.02592
1.02584
1.02578
1.02572
1.02566
1.02561
1.02556
1.02551
1.02546
1.02541
1.02536
1.02531
1.02526
1.0252
1.02516
1.0251
1.02507
1.02503
1.02499
1.02493
1.02488
1.02481
1.02475
1.02468
1.0246
1.02452
1.02443
1.02435
1.02426
1.02417
1.02408
1.02399
1.0239
1.0238
1.02372
1.0236
1.02351
1.0234
1.02331
1.0232
1.0231
1.02299
1.02288
1.02277
1.02266
1.02255
1.02243
1.02232
1.02219
1.02207
1.02194
1.02181
1.02168
1.02154
1.02141
1.02126
1.02115
1.02099
1.02089
1.02074
1.02065
1.02052
1.02042
1.02031
1.02022
1.02013
1.02004
1.01996
1.01989
1.01981
1.01974
1.01967
1.01959
1.01952
1.01945
1.01938
1.0193
1.01924
1.01915
1.01908
1.019
1.01894
1.01887
1.01881
1.01874
1.01868
1.01862
1.01856
1.0185
1.01845
1.01841
1.01836
1.01832
1.01828
1.01824
1.0182
1.01817
1.01813
1.0181
1.01806
1.01802
1.01798
1.01794
1.01789
1.01785
1.0178
1.01775
1.0177
1.01764
1.01758
1.01752
1.01746
1.01739
1.01733
1.01726
1.01719
1.01711
1.01704
1.01696
1.01688
1.01679
1.01672
1.01662
1.01653
1.01643
1.01633
1.01623
1.01612
1.01601
1.0159
1.01579
1.01567
1.01554
1.01542
1.01529
1.01516
1.01502
1.01489
1.01474
1.01461
1.01445
1.01433
1.01415
1.01404
1.01388
1.01374
1.01358
1.01344
1.01328
1.01313
1.01298
1.01283
1.01267
1.01252
1.01236
1.01221
1.01205
1.01189
1.01173
1.01157
1.01141
1.01124
1.0111
1.01091
1.01078
1.01059
1.01044
1.01026
1.0101
1.00994
1.00978
1.00962
1.00946
1.0093
1.00914
1.00899
1.00883
1.00868
1.00853
1.00838
1.00824
1.00809
1.00795
1.00781
1.00765
1.00754
1.00737
1.00725
1.00711
1.00697
1.00684
1.00671
1.00658
1.00645
1.00632
1.00619
1.00607
1.00594
1.00582
1.0057
1.00558
1.00546
1.00534
1.00522
1.0051
1.00497
1.00487
1.00474
1.00463
1.00451
1.00439
1.00428
1.00417
1.00406
1.00394
1.00383
1.00372
1.00361
1.0035
1.00339
1.00328
1.00317
1.00306
1.00295
1.00284
1.00273
1.00261
1.00252
1.00239
1.00229
1.00217
1.00206
1.00195
1.00183
1.00172
1.0016
1.00149
1.00137
1.00126
1.00114
1.00102
1.0009
1.00079
1.00067
1.00055
1.00043
1.0003
1.00019
1.00003
1.02613
1.02605
1.02597
1.0259
1.02584
1.02578
1.02572
1.02567
1.02561
1.02556
1.02551
1.02546
1.02541
1.02536
1.0253
1.02526
1.02518
1.02513
1.02505
1.02501
1.02493
1.02487
1.02481
1.02474
1.02467
1.0246
1.02452
1.02445
1.02436
1.02428
1.02419
1.0241
1.024
1.02391
1.02379
1.02371
1.02358
1.0235
1.02338
1.0233
1.02318
1.02309
1.02298
1.02287
1.02276
1.02265
1.02254
1.02242
1.0223
1.02218
1.02206
1.02193
1.0218
1.02167
1.02153
1.02141
1.02126
1.02115
1.021
1.02089
1.02075
1.02065
1.02052
1.02043
1.02032
1.02023
1.02013
1.02005
1.01997
1.01989
1.01981
1.01974
1.01967
1.01959
1.01952
1.01945
1.01938
1.0193
1.01923
1.01915
1.01908
1.019
1.01894
1.01887
1.01881
1.01874
1.01868
1.01862
1.01856
1.01851
1.01846
1.01841
1.01837
1.01832
1.01828
1.01825
1.01821
1.01817
1.01813
1.0181
1.01806
1.01802
1.01798
1.01794
1.0179
1.01785
1.0178
1.01775
1.0177
1.01764
1.01758
1.01752
1.01746
1.0174
1.01733
1.01726
1.01719
1.01711
1.01704
1.01696
1.01689
1.01679
1.01672
1.01662
1.01653
1.01643
1.01634
1.01623
1.01613
1.01602
1.0159
1.01579
1.01567
1.01554
1.01542
1.01529
1.01516
1.01502
1.01489
1.01474
1.01461
1.01445
1.01433
1.01416
1.01405
1.01388
1.01374
1.01358
1.01343
1.01328
1.01313
1.01298
1.01283
1.01267
1.01252
1.01236
1.01221
1.01205
1.01189
1.01173
1.01157
1.01141
1.01124
1.0111
1.01091
1.01078
1.01059
1.01044
1.01027
1.0101
1.00994
1.00978
1.00962
1.00946
1.0093
1.00914
1.00899
1.00883
1.00868
1.00853
1.00838
1.00824
1.00809
1.00795
1.00781
1.00765
1.00754
1.00738
1.00725
1.00711
1.00697
1.00684
1.00671
1.00658
1.00645
1.00632
1.00619
1.00607
1.00594
1.00582
1.0057
1.00558
1.00546
1.00534
1.00522
1.0051
1.00497
1.00487
1.00474
1.00463
1.00451
1.0044
1.00428
1.00417
1.00406
1.00394
1.00383
1.00372
1.00361
1.0035
1.00339
1.00328
1.00317
1.00306
1.00295
1.00284
1.00273
1.00261
1.00252
1.00239
1.00229
1.00217
1.00206
1.00195
1.00183
1.00172
1.0016
1.00149
1.00137
1.00126
1.00114
1.00102
1.0009
1.00078
1.00067
1.00055
1.00043
1.0003
1.00018
1.00004
1.02617
1.02608
1.02599
1.02591
1.02584
1.02577
1.02571
1.02565
1.02559
1.02554
1.02548
1.02543
1.02538
1.02533
1.02527
1.02523
1.02516
1.02513
1.02506
1.02502
1.02495
1.0249
1.02483
1.02476
1.02469
1.02461
1.02453
1.02445
1.02436
1.02427
1.02418
1.02409
1.02399
1.0239
1.02379
1.02371
1.02358
1.0235
1.02338
1.02329
1.02318
1.02308
1.02297
1.02287
1.02276
1.02264
1.02253
1.02242
1.0223
1.02218
1.02205
1.02192
1.02179
1.02167
1.02153
1.0214
1.02126
1.02115
1.021
1.0209
1.02075
1.02065
1.02053
1.02043
1.02032
1.02023
1.02014
1.02005
1.01997
1.01989
1.01981
1.01974
1.01967
1.01959
1.01952
1.01944
1.01938
1.0193
1.01923
1.01915
1.01908
1.019
1.01894
1.01887
1.01881
1.01874
1.01868
1.01862
1.01857
1.01851
1.01846
1.01842
1.01837
1.01833
1.01829
1.01825
1.01821
1.01818
1.01814
1.0181
1.01807
1.01802
1.01798
1.01795
1.0179
1.01786
1.01781
1.01775
1.0177
1.01765
1.01759
1.01753
1.01746
1.0174
1.01733
1.01726
1.01719
1.01712
1.01704
1.01696
1.01689
1.01679
1.01672
1.01662
1.01653
1.01643
1.01634
1.01623
1.01612
1.01601
1.0159
1.01578
1.01566
1.01554
1.01542
1.01529
1.01515
1.01502
1.01488
1.01474
1.01461
1.01446
1.01432
1.01416
1.01405
1.01388
1.01374
1.01358
1.01343
1.01328
1.01313
1.01298
1.01283
1.01267
1.01252
1.01236
1.01221
1.01205
1.01189
1.01173
1.01157
1.01141
1.01124
1.0111
1.01091
1.01078
1.01059
1.01044
1.01027
1.0101
1.00994
1.00978
1.00962
1.00946
1.0093
1.00914
1.00899
1.00883
1.00868
1.00853
1.00838
1.00824
1.0081
1.00795
1.00782
1.00766
1.00754
1.00738
1.00725
1.00711
1.00698
1.00684
1.00671
1.00658
1.00645
1.00632
1.00619
1.00607
1.00594
1.00582
1.0057
1.00558
1.00546
1.00534
1.00522
1.0051
1.00497
1.00487
1.00474
1.00463
1.00451
1.0044
1.00428
1.00417
1.00406
1.00394
1.00383
1.00372
1.00361
1.0035
1.00339
1.00328
1.00317
1.00306
1.00295
1.00284
1.00273
1.00261
1.00252
1.00239
1.00229
1.00217
1.00206
1.00195
1.00183
1.00172
1.0016
1.00149
1.00137
1.00126
1.00114
1.00102
1.0009
1.00078
1.00066
1.00054
1.00042
1.0003
1.00018
1.00004
1.02621
1.02611
1.02602
1.02594
1.02586
1.0258
1.02573
1.02567
1.02561
1.02556
1.0255
1.02545
1.0254
1.02535
1.02529
1.02525
1.02518
1.02514
1.02507
1.02502
1.02495
1.02489
1.02482
1.02475
1.02468
1.0246
1.02453
1.02444
1.02436
1.02427
1.02418
1.02409
1.02399
1.0239
1.02378
1.02371
1.02358
1.0235
1.02338
1.02329
1.02318
1.02308
1.02297
1.02286
1.02275
1.02264
1.02253
1.02241
1.02229
1.02217
1.02205
1.02192
1.02179
1.02166
1.02153
1.0214
1.02126
1.02114
1.021
1.0209
1.02076
1.02066
1.02053
1.02044
1.02033
1.02024
1.02014
1.02006
1.01997
1.0199
1.01982
1.01974
1.01967
1.01959
1.01952
1.01945
1.01938
1.0193
1.01923
1.01915
1.01908
1.019
1.01894
1.01887
1.01881
1.01875
1.01869
1.01863
1.01857
1.01852
1.01847
1.01842
1.01837
1.01833
1.01829
1.01825
1.01822
1.01818
1.01814
1.0181
1.01807
1.01803
1.01799
1.01795
1.0179
1.01786
1.01781
1.01776
1.0177
1.01765
1.01759
1.01753
1.01746
1.0174
1.01733
1.01726
1.01719
1.01712
1.01704
1.01696
1.01689
1.0168
1.01672
1.01662
1.01653
1.01643
1.01634
1.01623
1.01612
1.01601
1.0159
1.01578
1.01566
1.01554
1.01541
1.01529
1.01515
1.01502
1.01488
1.01474
1.01461
1.01446
1.01432
1.01416
1.01405
1.01388
1.01374
1.01358
1.01344
1.01328
1.01313
1.01298
1.01283
1.01267
1.01252
1.01236
1.01221
1.01205
1.01189
1.01173
1.01157
1.01141
1.01125
1.0111
1.01091
1.01078
1.01059
1.01044
1.01027
1.0101
1.00994
1.00978
1.00962
1.00946
1.0093
1.00914
1.00899
1.00884
1.00868
1.00853
1.00839
1.00824
1.0081
1.00795
1.00782
1.00766
1.00754
1.00738
1.00725
1.00711
1.00698
1.00684
1.00671
1.00658
1.00645
1.00632
1.00619
1.00607
1.00594
1.00582
1.0057
1.00558
1.00546
1.00534
1.00522
1.0051
1.00498
1.00487
1.00474
1.00463
1.00451
1.0044
1.00428
1.00417
1.00406
1.00394
1.00383
1.00372
1.00361
1.0035
1.00339
1.00328
1.00317
1.00306
1.00295
1.00284
1.00273
1.00261
1.00252
1.00239
1.00228
1.00217
1.00206
1.00195
1.00183
1.00172
1.0016
1.00149
1.00137
1.00125
1.00114
1.00102
1.0009
1.00078
1.00066
1.00054
1.00042
1.0003
1.00018
1.00004
1.02621
1.02611
1.02602
1.02593
1.02585
1.02578
1.02572
1.02565
1.0256
1.02554
1.02549
1.02543
1.02538
1.02533
1.02527
1.02523
1.02517
1.02512
1.02505
1.02501
1.02494
1.02488
1.02481
1.02474
1.02467
1.02459
1.02451
1.02443
1.02435
1.02426
1.02416
1.02408
1.02397
1.02389
1.02378
1.0237
1.02357
1.02349
1.02337
1.02328
1.02317
1.02307
1.02297
1.02286
1.02275
1.02264
1.02253
1.02241
1.02229
1.02217
1.02204
1.02192
1.02179
1.02166
1.02153
1.0214
1.02126
1.02114
1.021
1.0209
1.02076
1.02066
1.02054
1.02044
1.02033
1.02024
1.02015
1.02006
1.01998
1.0199
1.01982
1.01975
1.01967
1.0196
1.01953
1.01945
1.01938
1.0193
1.01924
1.01915
1.01908
1.019
1.01895
1.01887
1.01881
1.01875
1.01869
1.01863
1.01857
1.01852
1.01847
1.01842
1.01838
1.01834
1.0183
1.01826
1.01822
1.01818
1.01814
1.0181
1.01807
1.01803
1.01799
1.01795
1.0179
1.01786
1.01781
1.01776
1.0177
1.01765
1.01759
1.01753
1.01747
1.0174
1.01733
1.01726
1.01719
1.01712
1.01704
1.01696
1.01689
1.0168
1.01672
1.01662
1.01653
1.01643
1.01633
1.01623
1.01612
1.01601
1.0159
1.01578
1.01566
1.01554
1.01541
1.01528
1.01515
1.01502
1.01488
1.01474
1.0146
1.01446
1.01432
1.01416
1.01404
1.01388
1.01374
1.01358
1.01344
1.01328
1.01313
1.01298
1.01283
1.01268
1.01252
1.01237
1.01221
1.01205
1.01189
1.01173
1.01157
1.01141
1.01125
1.01109
1.01091
1.01078
1.01059
1.01044
1.01027
1.01011
1.00994
1.00978
1.00962
1.00946
1.0093
1.00914
1.00899
1.00884
1.00868
1.00853
1.00839
1.00824
1.0081
1.00795
1.00782
1.00766
1.00754
1.00738
1.00725
1.00711
1.00698
1.00684
1.00671
1.00658
1.00645
1.00632
1.00619
1.00607
1.00594
1.00582
1.0057
1.00558
1.00546
1.00534
1.00522
1.0051
1.00498
1.00487
1.00474
1.00463
1.00451
1.0044
1.00428
1.00417
1.00406
1.00394
1.00383
1.00372
1.00361
1.0035
1.00339
1.00328
1.00317
1.00306
1.00295
1.00284
1.00273
1.00261
1.00252
1.00239
1.00229
1.00217
1.00206
1.00194
1.00183
1.00172
1.0016
1.00149
1.00137
1.00125
1.00114
1.00102
1.0009
1.00078
1.00066
1.00054
1.00042
1.0003
1.00018
1.00004
)
;

boundaryField
{
    inlet
    {
        type            zeroGradient;
    }
    outlet
    {
        type            totalPressure;
        rho             rho;
        psi             none;
        gamma           1;
        p0              uniform 1;
        value           uniform 1;
    }
    walls
    {
        type            zeroGradient;
    }
    symwall
    {
        type            empty;
    }
}


// ************************************************************************* //
