/*--------------------------------*- C++ -*----------------------------------*\
| =========                 |                                                 |
| \\      /  F ield         | OpenFOAM: The Open Source CFD Toolbox           |
|  \\    /   O peration     | Version:  2312                                  |
|   \\  /    A nd           | Website:  www.openfoam.com                      |
|    \\/     M anipulation  |                                                 |
\*---------------------------------------------------------------------------*/
FoamFile
{
    version     2.0;
    format      ascii;
    arch        "LSB;label=64;scalar=64";
    class       volScalarField;
    location    "250";
    object      T;
}
// * * * * * * * * * * * * * * * * * * * * * * * * * * * * * * * * * * * * * //

dimensions      [0 0 0 1 0 0 0];

internalField   nonuniform List<scalar> 
5100
(
1.00478
1.00453
1.00414
1.00378
1.00365
1.00387
1.00449
1.00546
1.00665
1.00794
1.00921
1.0104
1.01145
1.01236
1.01309
1.01395
1.01337
1.0138
1.01414
1.01442
1.01466
1.01487
1.01508
1.01528
1.01549
1.01569
1.0159
1.01612
1.01633
1.01653
1.01674
1.01695
1.01717
1.01739
1.0176
1.01781
1.018
1.01827
1.01708
1.01758
1.01784
1.01803
1.01813
1.01817
1.01818
1.01817
1.01814
1.01811
1.01806
1.01802
1.01797
1.01792
1.01786
1.01781
1.01776
1.01772
1.01777
1.01793
1.01831
1.01754
1.01693
1.01634
1.01581
1.01533
1.01492
1.01456
1.01424
1.01394
1.01368
1.01343
1.01319
1.01297
1.01277
1.0126
1.01246
1.01235
1.01227
1.01225
1.01233
1.0125
1.01216
1.0119
1.01186
1.01194
1.01208
1.01226
1.01247
1.01268
1.01288
1.01306
1.0132
1.01332
1.01341
1.01347
1.01352
1.01355
1.01357
1.01359
1.01364
1.01376
1.01397
1.0143
1.01395
1.01344
1.01306
1.01284
1.01268
1.01255
1.01243
1.01232
1.01221
1.01211
1.01202
1.01194
1.01187
1.01183
1.0118
1.01179
1.0118
1.0118
1.01179
1.01173
1.01152
1.01089
1.01021
1.00998
1.01007
1.01037
1.01079
1.0112
1.01156
1.01185
1.01206
1.01221
1.01233
1.01241
1.01246
1.01251
1.01255
1.01261
1.01271
1.01288
1.01302
1.01294
1.01266
1.01232
1.0121
1.01199
1.01193
1.01189
1.01187
1.01184
1.01179
1.01173
1.01166
1.01157
1.01148
1.0114
1.01132
1.01125
1.0112
1.01118
1.0112
1.01125
1.01132
1.01112
1.01081
1.01046
1.01025
1.01019
1.01021
1.01027
1.01033
1.01034
1.01033
1.01027
1.01019
1.01009
1.00997
1.00986
1.00976
1.00967
1.0096
1.00958
1.00959
1.00965
1.00936
1.00907
1.00873
1.00845
1.00829
1.00825
1.00826
1.00828
1.00829
1.00828
1.00823
1.00816
1.00807
1.00798
1.00788
1.00779
1.0077
1.00762
1.00756
1.00755
1.00757
1.00764
1.0074
1.00713
1.00682
1.00656
1.00642
1.00641
1.00645
1.00651
1.00654
1.00655
1.00652
1.00647
1.0064
1.00632
1.00624
1.00616
1.00609
1.00603
1.006
1.006
1.00602
1.00592
1.00567
1.00535
1.00509
1.00494
1.0049
1.00492
1.00496
1.00499
1.00499
1.00496
1.00491
1.00484
1.00476
1.00469
1.00461
1.00452
1.00442
1.00431
1.0043
1.0043
1.00479
1.00453
1.00415
1.00383
1.00377
1.00412
1.00487
1.00595
1.0072
1.0085
1.00975
1.01087
1.01184
1.01266
1.01334
1.01404
1.01341
1.01384
1.01414
1.0144
1.01461
1.01481
1.015
1.01518
1.01536
1.01555
1.01574
1.01592
1.01611
1.01629
1.01648
1.01667
1.01687
1.01706
1.01725
1.01743
1.01763
1.01792
1.01655
1.01699
1.01721
1.01737
1.01744
1.01745
1.01744
1.01741
1.01736
1.01731
1.01727
1.01723
1.0172
1.01719
1.01719
1.01721
1.01725
1.01732
1.01747
1.01774
1.01831
1.01792
1.0176
1.01723
1.01688
1.01651
1.01614
1.01578
1.01544
1.0151
1.01478
1.01448
1.01419
1.01391
1.01364
1.01339
1.01316
1.01295
1.01276
1.0126
1.01248
1.01251
1.01217
1.01176
1.01147
1.01134
1.01131
1.01135
1.01144
1.01157
1.01173
1.01192
1.01211
1.01229
1.01246
1.01263
1.01278
1.01292
1.01304
1.01317
1.0133
1.01348
1.01374
1.01426
1.01406
1.01369
1.01333
1.01309
1.01292
1.01278
1.01265
1.01253
1.01242
1.01229
1.01217
1.01204
1.01192
1.01182
1.01173
1.01165
1.0116
1.01156
1.01153
1.01149
1.01138
1.01087
1.01017
1.00964
1.00949
1.00955
1.00977
1.01008
1.01042
1.01074
1.011
1.01122
1.01139
1.01154
1.01165
1.01175
1.01184
1.01194
1.01206
1.01225
1.01251
1.0125
1.01239
1.01213
1.01187
1.01168
1.01155
1.01145
1.01139
1.01134
1.01129
1.01124
1.01117
1.01108
1.01099
1.0109
1.0108
1.01072
1.01066
1.01062
1.01062
1.01065
1.01075
1.01059
1.01039
1.0101
1.00981
1.00965
1.00962
1.00964
1.00969
1.00976
1.0098
1.00981
1.00979
1.00974
1.00967
1.00958
1.00949
1.00941
1.00935
1.00931
1.00932
1.00939
1.00916
1.00894
1.00867
1.00836
1.00808
1.00791
1.00782
1.00779
1.0078
1.0078
1.0078
1.00777
1.00772
1.00765
1.00757
1.00748
1.0074
1.00732
1.00726
1.00722
1.00723
1.00731
1.00712
1.00692
1.00668
1.0064
1.00613
1.00597
1.00592
1.00594
1.00598
1.00601
1.00603
1.00603
1.006
1.00595
1.00589
1.00583
1.00578
1.00572
1.00569
1.00569
1.00573
1.00564
1.00547
1.00523
1.00495
1.0047
1.00452
1.00444
1.00443
1.00445
1.00447
1.00448
1.00447
1.00444
1.0044
1.00434
1.00429
1.00423
1.00416
1.00408
1.00405
1.00407
1.00483
1.00457
1.0042
1.00395
1.00401
1.00451
1.00542
1.00659
1.00787
1.00914
1.0103
1.0113
1.01214
1.01284
1.01341
1.01399
1.01327
1.01368
1.01394
1.01415
1.01433
1.01448
1.01462
1.01476
1.0149
1.01503
1.01516
1.01529
1.01541
1.01554
1.01565
1.01577
1.01588
1.01599
1.0161
1.01622
1.01637
1.01671
1.01537
1.01549
1.01557
1.01562
1.0156
1.01554
1.01544
1.01531
1.01518
1.01505
1.01494
1.01485
1.0148
1.0148
1.01484
1.01494
1.0151
1.01533
1.01567
1.01619
1.01707
1.01704
1.01717
1.01729
1.01739
1.01743
1.01743
1.01736
1.01722
1.01703
1.01679
1.01652
1.01623
1.01593
1.01562
1.0153
1.01499
1.01469
1.01439
1.01409
1.0138
1.01358
1.01301
1.01239
1.01182
1.01137
1.011
1.01071
1.01051
1.0104
1.01036
1.0104
1.01048
1.01062
1.01082
1.01105
1.01131
1.01158
1.01186
1.01215
1.01244
1.01278
1.01322
1.014
1.01393
1.01376
1.01354
1.0134
1.0133
1.01323
1.01315
1.01307
1.01297
1.01285
1.01271
1.01255
1.01238
1.0122
1.01203
1.01185
1.0117
1.01156
1.01144
1.01134
1.01123
1.01069
1.01003
1.00938
1.00895
1.00878
1.00878
1.00887
1.00904
1.00925
1.00947
1.00969
1.0099
1.01009
1.01027
1.01044
1.01061
1.01078
1.01098
1.01126
1.01167
1.01176
1.01178
1.01168
1.01151
1.01133
1.01118
1.01105
1.01093
1.01083
1.01075
1.01067
1.01059
1.01049
1.01038
1.01026
1.01014
1.01003
1.00993
1.00986
1.00984
1.00985
1.00995
1.00974
1.00958
1.00934
1.00907
1.00888
1.00881
1.00881
1.00884
1.00892
1.00901
1.0091
1.00916
1.00919
1.0092
1.00918
1.00915
1.00911
1.00908
1.00906
1.00907
1.00917
1.00892
1.00873
1.00851
1.00824
1.00794
1.00768
1.00749
1.00736
1.00729
1.00727
1.00727
1.00727
1.00726
1.00723
1.00718
1.00712
1.00705
1.00699
1.00693
1.00689
1.0069
1.00699
1.00677
1.0066
1.00641
1.00617
1.00588
1.00561
1.00543
1.00534
1.00534
1.00536
1.00539
1.00541
1.00543
1.00543
1.00542
1.0054
1.00537
1.00535
1.00535
1.00536
1.00543
1.00531
1.00517
1.00499
1.00476
1.00449
1.00423
1.00402
1.0039
1.00386
1.00385
1.00387
1.00388
1.00389
1.00389
1.00388
1.00386
1.00385
1.00384
1.00381
1.00381
1.00387
1.00495
1.00468
1.00433
1.00415
1.00431
1.00493
1.00591
1.00709
1.00831
1.00947
1.01049
1.01136
1.01207
1.01266
1.01313
1.01361
1.01283
1.01324
1.01345
1.01361
1.01373
1.01382
1.0139
1.01397
1.01403
1.01408
1.01413
1.01418
1.01422
1.01426
1.01429
1.01432
1.01435
1.01436
1.01438
1.0144
1.01444
1.01471
1.01366
1.01336
1.01316
1.01301
1.01281
1.01258
1.0123
1.01199
1.01167
1.01134
1.01103
1.01075
1.01052
1.01037
1.01034
1.01039
1.01055
1.01084
1.01129
1.01196
1.01301
1.01356
1.01421
1.01488
1.01559
1.01629
1.01695
1.01751
1.01796
1.01829
1.01849
1.01858
1.01859
1.01851
1.01835
1.01812
1.01786
1.01758
1.01727
1.01693
1.01655
1.01618
1.01542
1.01459
1.01376
1.01296
1.0122
1.01148
1.01084
1.01027
1.0098
1.00941
1.00912
1.00897
1.00897
1.00904
1.00922
1.0095
1.00986
1.01027
1.01072
1.01122
1.01188
1.01287
1.01303
1.01312
1.01315
1.01323
1.01335
1.01348
1.0136
1.01368
1.0137
1.01368
1.0136
1.01347
1.01331
1.01311
1.01288
1.01264
1.01238
1.01212
1.01187
1.01164
1.01141
1.01076
1.0101
1.00941
1.00883
1.0084
1.00814
1.00799
1.00793
1.00792
1.00794
1.00801
1.00812
1.00825
1.00842
1.00861
1.00882
1.00907
1.00935
1.00971
1.01023
1.01051
1.01078
1.01087
1.01086
1.01082
1.01076
1.01068
1.01059
1.0105
1.0104
1.0103
1.01018
1.01005
1.0099
1.00974
1.00956
1.00939
1.00923
1.00908
1.009
1.00894
1.00896
1.00869
1.00852
1.00829
1.00804
1.00787
1.0078
1.00779
1.00782
1.00789
1.00801
1.00814
1.00828
1.00841
1.00851
1.0086
1.00866
1.00872
1.00876
1.00878
1.00881
1.00891
1.00867
1.00853
1.00835
1.00813
1.00787
1.00759
1.00733
1.00712
1.00696
1.00687
1.00682
1.00681
1.0068
1.0068
1.00678
1.00675
1.00671
1.00667
1.00662
1.00658
1.00658
1.00665
1.00642
1.00626
1.00611
1.00592
1.00567
1.00538
1.00512
1.00493
1.00481
1.00476
1.00476
1.00478
1.00481
1.00484
1.00486
1.00489
1.00491
1.00493
1.00495
1.00499
1.00509
1.00495
1.00484
1.0047
1.00453
1.00431
1.00405
1.00379
1.00357
1.00342
1.00334
1.00331
1.00331
1.00332
1.00334
1.00336
1.00339
1.00343
1.00348
1.0035
1.00353
1.00364
1.00523
1.00494
1.00459
1.00446
1.00467
1.00531
1.00625
1.00734
1.00844
1.00946
1.01036
1.01111
1.01173
1.01222
1.01259
1.01286
1.01209
1.01261
1.0128
1.01293
1.01302
1.01307
1.01311
1.01315
1.01319
1.01324
1.01328
1.01333
1.01338
1.01341
1.01344
1.01345
1.01344
1.01341
1.01336
1.0133
1.01324
1.01342
1.01264
1.0121
1.01163
1.01123
1.01081
1.01034
1.00981
1.00924
1.00863
1.00799
1.00734
1.00671
1.00611
1.0056
1.0052
1.00496
1.00494
1.00504
1.00534
1.00591
1.00687
1.00764
1.00861
1.00971
1.01092
1.01223
1.01358
1.01491
1.01617
1.01731
1.0183
1.01915
1.01983
1.02033
1.02065
1.02084
1.02091
1.02089
1.02079
1.0206
1.02031
1.01999
1.01923
1.01832
1.01734
1.01633
1.01526
1.01415
1.01304
1.01196
1.01093
1.00998
1.00912
1.00838
1.00779
1.00739
1.00724
1.00727
1.00742
1.00773
1.00817
1.00875
1.00953
1.01053
1.01098
1.01133
1.01167
1.01205
1.01247
1.01293
1.01339
1.0138
1.01413
1.01435
1.01447
1.0145
1.01448
1.01438
1.01421
1.01398
1.0137
1.01338
1.01304
1.01266
1.01229
1.01155
1.01081
1.01003
1.00929
1.00865
1.00814
1.00773
1.00739
1.0071
1.00684
1.00663
1.0065
1.00644
1.00644
1.0065
1.00665
1.00687
1.00716
1.00755
1.00811
1.00858
1.00907
1.00944
1.00969
1.00986
1.01
1.0101
1.01017
1.0102
1.01019
1.01014
1.01005
1.0099
1.00972
1.0095
1.00926
1.009
1.00875
1.0085
1.0083
1.00811
1.008
1.0076
1.00736
1.00707
1.00679
1.0066
1.00653
1.00652
1.00654
1.00662
1.00675
1.00691
1.0071
1.0073
1.0075
1.0077
1.00789
1.00807
1.00823
1.00832
1.00841
1.00857
1.00838
1.00828
1.00816
1.00799
1.00778
1.00752
1.00727
1.00703
1.00682
1.00665
1.00653
1.00646
1.00642
1.0064
1.00638
1.00636
1.00635
1.00633
1.0063
1.00626
1.00625
1.0063
1.00607
1.00592
1.00579
1.00565
1.00544
1.00518
1.00491
1.00467
1.00446
1.00431
1.00422
1.00418
1.00419
1.00422
1.00426
1.0043
1.00436
1.00442
1.00447
1.00453
1.00466
1.00453
1.00444
1.00434
1.00422
1.00406
1.00385
1.00361
1.00336
1.00314
1.00297
1.00286
1.0028
1.00278
1.00279
1.00281
1.00286
1.00295
1.00303
1.0031
1.00316
1.0033
1.00582
1.00548
1.00513
1.00502
1.00523
1.00581
1.00663
1.00756
1.00849
1.00936
1.01012
1.01077
1.01132
1.01176
1.01212
1.01247
1.01162
1.01213
1.01236
1.01253
1.01267
1.01278
1.0129
1.01303
1.01317
1.01333
1.0135
1.01368
1.01386
1.01403
1.01419
1.0143
1.01437
1.01438
1.01435
1.01426
1.01413
1.0142
1.01357
1.01293
1.01223
1.01158
1.01091
1.01021
1.00947
1.00866
1.00779
1.00686
1.00589
1.00487
1.00383
1.00278
1.00181
1.00099
1.00039
1.00008
1.0001
1.00032
1.00092
1.00152
1.00242
1.00355
1.00491
1.00648
1.00823
1.0101
1.01201
1.0139
1.01571
1.01738
1.01887
1.02018
1.02131
1.02226
1.02299
1.02351
1.02384
1.02402
1.02403
1.02401
1.02347
1.0227
1.02177
1.02073
1.01956
1.01825
1.01682
1.01532
1.01379
1.01227
1.01079
1.00942
1.00817
1.0071
1.00622
1.00561
1.00532
1.00533
1.00547
1.00585
1.00656
1.00722
1.00783
1.00838
1.00898
1.00964
1.01037
1.01117
1.01202
1.01285
1.01361
1.01426
1.01478
1.01517
1.01543
1.01557
1.0156
1.01556
1.01542
1.01517
1.01484
1.01444
1.01399
1.01321
1.0124
1.01149
1.01058
1.00973
1.00896
1.00828
1.00766
1.00707
1.00651
1.00598
1.0055
1.00509
1.00478
1.0046
1.00456
1.0046
1.00477
1.00508
1.00556
1.00618
1.00673
1.00733
1.00784
1.00829
1.0087
1.00907
1.00941
1.0097
1.00992
1.01004
1.01004
1.00999
1.00985
1.00963
1.00935
1.00903
1.00867
1.00831
1.00797
1.00762
1.00733
1.00678
1.00637
1.00594
1.00554
1.00526
1.0051
1.00505
1.00507
1.00513
1.00526
1.00544
1.00566
1.0059
1.00618
1.00647
1.00678
1.00711
1.00741
1.00763
1.00784
1.0081
1.00797
1.00794
1.00787
1.00777
1.00762
1.00742
1.0072
1.00698
1.00676
1.00657
1.00639
1.00626
1.00616
1.00609
1.00605
1.00602
1.00601
1.006
1.00597
1.00594
1.00593
1.00597
1.00575
1.0056
1.00547
1.00535
1.00517
1.00495
1.00471
1.00446
1.00422
1.004
1.00381
1.00369
1.00364
1.00365
1.00367
1.00372
1.00379
1.00388
1.00395
1.00401
1.00416
1.00404
1.00398
1.00391
1.00383
1.00372
1.00357
1.00338
1.00315
1.00293
1.00272
1.00254
1.0024
1.00232
1.00229
1.0023
1.00234
1.00243
1.00255
1.00264
1.00273
1.0029
1.00703
1.00663
1.00629
1.00621
1.00641
1.00689
1.00755
1.0083
1.00905
1.00977
1.01042
1.011
1.0115
1.01194
1.01235
1.01283
1.01222
1.01255
1.0129
1.01323
1.01355
1.01388
1.01424
1.01464
1.01508
1.01556
1.01607
1.0166
1.01712
1.01763
1.0181
1.01849
1.01879
1.01894
1.01898
1.01896
1.01884
1.01881
1.01816
1.01743
1.01654
1.01561
1.01459
1.01351
1.01236
1.01112
1.00981
1.00841
1.00693
1.0054
1.00385
1.00232
1.00086
0.999479
0.998254
0.997275
0.996727
0.996665
0.996875
0.997122
0.997678
0.998545
0.999728
1.00124
1.00304
1.00506
1.00724
1.0095
1.01179
1.01406
1.01625
1.01832
1.0202
1.0219
1.02339
1.02466
1.02568
1.02645
1.0269
1.02723
1.02698
1.02653
1.02583
1.02494
1.02384
1.02252
1.02099
1.01928
1.01746
1.01556
1.01362
1.0117
1.00985
1.00813
1.00661
1.0053
1.00427
1.00357
1.0033
1.00335
1.00373
1.00405
1.00448
1.00499
1.00563
1.00639
1.0073
1.00833
1.00948
1.0107
1.01191
1.01304
1.01406
1.01493
1.01565
1.01622
1.01663
1.01689
1.01699
1.01697
1.01685
1.01657
1.01621
1.01549
1.01468
1.01371
1.01268
1.01163
1.01062
1.00967
1.00876
1.00788
1.00701
1.00615
1.00532
1.00455
1.00386
1.00328
1.00288
1.00269
1.00268
1.00279
1.00309
1.00363
1.00412
1.00481
1.0055
1.00619
1.00687
1.00756
1.00822
1.00883
1.00935
1.00976
1.01003
1.01012
1.01009
1.00997
1.00974
1.00941
1.00901
1.00856
1.00809
1.00758
1.00711
1.00639
1.0058
1.00516
1.00458
1.00411
1.00378
1.00361
1.00357
1.0036
1.00369
1.00387
1.0041
1.00437
1.00469
1.00505
1.00545
1.0059
1.00634
1.00672
1.00708
1.00751
1.00746
1.0075
1.00751
1.00748
1.00739
1.00726
1.00709
1.0069
1.00671
1.00652
1.00634
1.00618
1.00604
1.00592
1.00584
1.00578
1.00576
1.00575
1.00572
1.00569
1.0057
1.00568
1.00548
1.00533
1.0052
1.00507
1.0049
1.00471
1.00449
1.00425
1.00401
1.00376
1.00352
1.00334
1.00322
1.00318
1.00319
1.00322
1.00328
1.00338
1.00346
1.00352
1.00367
1.00356
1.00352
1.00347
1.00342
1.00333
1.00323
1.00309
1.00291
1.00271
1.0025
1.00229
1.00211
1.00197
1.0019
1.00188
1.0019
1.00197
1.00209
1.00219
1.0023
1.00249
1.00942
1.00903
1.00875
1.00877
1.009
1.00943
1.00997
1.01058
1.01119
1.01179
1.01235
1.01288
1.01337
1.01385
1.01434
1.015
1.01479
1.01509
1.01556
1.01613
1.01674
1.01739
1.0181
1.01887
1.0197
1.02057
1.02146
1.02236
1.02323
1.02405
1.02479
1.02543
1.0259
1.02617
1.02624
1.02622
1.02609
1.02594
1.02521
1.02434
1.02326
1.02206
1.02071
1.01925
1.01767
1.01598
1.01419
1.01228
1.01026
1.00815
1.00598
1.00378
1.00164
0.999643
0.9979
0.996465
0.99545
0.994958
0.995012
0.995006
0.995257
0.995833
0.996773
0.998095
0.999744
1.00168
1.00382
1.00612
1.00853
1.011
1.01351
1.01599
1.01838
1.02066
1.02274
1.02462
1.02624
1.02759
1.02856
1.02932
1.02923
1.02903
1.02858
1.0279
1.02695
1.02571
1.02419
1.02245
1.02052
1.01846
1.01631
1.0141
1.0119
1.00975
1.00772
1.00587
1.00428
1.00296
1.00199
1.0015
1.00158
1.00155
1.00167
1.00195
1.00245
1.00313
1.00402
1.00512
1.00641
1.00785
1.00938
1.01092
1.01239
1.01376
1.01497
1.01602
1.0169
1.0176
1.01811
1.01841
1.01851
1.01847
1.01835
1.01784
1.01715
1.01624
1.01518
1.01402
1.01282
1.01163
1.01046
1.00929
1.00813
1.00697
1.00582
1.00471
1.00366
1.00272
1.00192
1.00136
1.00108
1.00106
1.00117
1.00151
1.00188
1.00252
1.00325
1.00405
1.00492
1.00584
1.00677
1.00767
1.00851
1.00924
1.00981
1.01019
1.01033
1.0103
1.01019
1.00994
1.00957
1.00909
1.00855
1.00793
1.0073
1.00642
1.00565
1.00482
1.00404
1.00335
1.0028
1.00243
1.00227
1.00226
1.0023
1.00243
1.00264
1.00293
1.00327
1.00367
1.00413
1.00466
1.00522
1.00574
1.00625
1.00682
1.00691
1.00704
1.00712
1.00714
1.00713
1.00708
1.00696
1.0068
1.00664
1.00647
1.00631
1.00615
1.006
1.00586
1.00574
1.00565
1.00561
1.00559
1.00556
1.00552
1.00555
1.00543
1.00526
1.00511
1.00496
1.00482
1.00465
1.00446
1.00426
1.00404
1.00381
1.00355
1.0033
1.00309
1.00293
1.00285
1.00284
1.00286
1.00291
1.00299
1.00307
1.00313
1.00328
1.00317
1.00314
1.0031
1.00305
1.00298
1.0029
1.0028
1.00265
1.00249
1.00229
1.00209
1.00189
1.00171
1.0016
1.00156
1.00157
1.00162
1.00172
1.00183
1.00194
1.00214
1.01334
1.0132
1.01316
1.01334
1.01367
1.0141
1.01462
1.01518
1.01575
1.01631
1.01685
1.01736
1.01785
1.01835
1.01889
1.01962
1.01973
1.02015
1.02074
1.02147
1.02227
1.02316
1.02412
1.02514
1.02622
1.02733
1.02844
1.02952
1.03055
1.03151
1.03235
1.03304
1.03351
1.03372
1.03373
1.03364
1.03337
1.03301
1.03208
1.031
1.0297
1.02819
1.02651
1.02468
1.02271
1.0206
1.01836
1.01599
1.01349
1.01089
1.00823
1.00556
1.00298
1.00057
0.998447
0.996684
0.995415
0.994755
0.994773
0.994671
0.994824
0.995292
0.996136
0.997366
0.998925
1.00076
1.00279
1.00498
1.0073
1.00973
1.01223
1.01478
1.01733
1.01981
1.02217
1.02436
1.02629
1.02795
1.0292
1.03019
1.03019
1.03008
1.02971
1.02909
1.02818
1.02697
1.02547
1.02373
1.02181
1.01974
1.01757
1.01532
1.01304
1.01077
1.00855
1.00645
1.00454
1.00288
1.00149
1.00044
1.00013
0.999813
0.99977
0.999848
1.00011
1.00061
1.00137
1.00241
1.0037
1.00522
1.0069
1.00867
1.01044
1.01216
1.01377
1.01523
1.01652
1.01762
1.01853
1.01921
1.01965
1.01984
1.01989
1.01964
1.01919
1.01846
1.01747
1.01628
1.01498
1.01362
1.01223
1.01082
1.00941
1.00799
1.00657
1.00518
1.00386
1.00264
1.00155
1.00068
1.00013
0.999928
0.999949
1.00014
1.00038
1.00092
1.00162
1.00245
1.0034
1.00443
1.00551
1.00661
1.00767
1.00864
1.00947
1.01011
1.01048
1.01057
1.01053
1.01038
1.01008
1.00963
1.00906
1.00838
1.00766
1.00665
1.00574
1.00477
1.00383
1.00295
1.00221
1.00166
1.00136
1.00126
1.00127
1.00135
1.00153
1.0018
1.00215
1.00257
1.00306
1.00364
1.00427
1.00489
1.00551
1.00618
1.00641
1.00666
1.00682
1.00688
1.00692
1.00691
1.00684
1.00671
1.00656
1.00642
1.00627
1.00613
1.00599
1.00585
1.00572
1.0056
1.00554
1.0055
1.00545
1.0054
1.00543
1.00527
1.00512
1.00495
1.0048
1.00463
1.00445
1.00427
1.00407
1.00385
1.00362
1.00337
1.00312
1.00291
1.00276
1.00265
1.00262
1.00263
1.00267
1.00275
1.00281
1.00287
1.00301
1.00291
1.00287
1.00283
1.00279
1.00273
1.00266
1.00257
1.00245
1.0023
1.00212
1.00192
1.00172
1.00153
1.0014
1.00135
1.00135
1.00139
1.00147
1.00157
1.00168
1.00188
1.01671
1.01709
1.01746
1.01787
1.0183
1.01875
1.01921
1.01966
1.02012
1.02059
1.02106
1.02154
1.02204
1.02257
1.02314
1.02389
1.02425
1.02479
1.02544
1.02624
1.02712
1.02809
1.02915
1.0303
1.03153
1.0328
1.03409
1.03533
1.0365
1.03755
1.03845
1.03911
1.03945
1.03953
1.03945
1.0392
1.03869
1.03804
1.03686
1.03546
1.03382
1.03198
1.03
1.02785
1.02556
1.02314
1.02056
1.01785
1.01502
1.01213
1.00923
1.00639
1.00372
1.0013
0.999238
0.997601
0.996539
0.996112
0.996209
0.996197
0.996461
0.997047
0.997968
0.999211
1.00071
1.00242
1.00429
1.00629
1.00841
1.01064
1.01298
1.01538
1.01779
1.02016
1.02243
1.02453
1.02639
1.02795
1.02907
1.02989
1.02982
1.0296
1.02908
1.02832
1.02728
1.02598
1.02445
1.02273
1.02087
1.0189
1.01685
1.01474
1.0126
1.01044
1.00832
1.00628
1.00437
1.00267
1.00117
0.999941
0.999366
0.998881
0.998718
0.998746
0.998902
0.999275
0.999923
1.00087
1.00211
1.00362
1.00532
1.00715
1.00905
1.01093
1.01273
1.01442
1.01595
1.01732
1.01848
1.01942
1.02011
1.02057
1.02079
1.02065
1.02038
1.01982
1.01894
1.01778
1.01642
1.01496
1.01343
1.01186
1.01026
1.00866
1.00706
1.00551
1.00404
1.00266
1.00144
1.00043
0.999756
0.999466
0.999445
0.999593
0.999767
1.00026
1.00093
1.00175
1.00269
1.00374
1.00487
1.00604
1.00719
1.00828
1.00924
1.01
1.01051
1.01071
1.0107
1.0106
1.01036
1.00993
1.00937
1.00866
1.00789
1.00681
1.00583
1.00479
1.00376
1.00278
1.00192
1.00127
1.00088
1.00073
1.00072
1.00077
1.00093
1.00118
1.00153
1.00196
1.00247
1.00307
1.00373
1.00441
1.00508
1.0058
1.00612
1.00643
1.00664
1.00674
1.0068
1.00681
1.00676
1.00666
1.00652
1.00639
1.00625
1.00612
1.00598
1.00584
1.00571
1.0056
1.00552
1.00546
1.00541
1.00535
1.00536
1.00518
1.00502
1.00485
1.0047
1.00452
1.00434
1.00415
1.00393
1.00371
1.00348
1.00324
1.00302
1.00282
1.00267
1.00257
1.00253
1.00253
1.00257
1.00264
1.0027
1.00276
1.00289
1.00279
1.00274
1.0027
1.00266
1.0026
1.00253
1.00245
1.00233
1.00219
1.00202
1.00182
1.00162
1.00143
1.0013
1.00124
1.00124
1.00127
1.00134
1.00143
1.00154
1.00174
0.994828
0.991585
0.991557
0.992568
0.994558
0.997047
0.999797
1.0027
1.00561
1.00829
0.996979
0.992979
0.991037
0.990538
0.990688
0.991287
0.992396
0.993862
0.995519
0.997202
0.997832
0.994402
0.992084
0.990568
0.98968
0.989355
0.989385
0.989594
0.990075
0.990767
0.998174
0.995094
0.992843
0.991203
0.990009
0.989176
0.988682
0.988518
0.988554
0.988717
0.998305
0.995379
0.993175
0.991526
0.990279
0.989337
0.988673
0.988312
0.988233
0.988287
0.998304
0.995381
0.993176
0.99153
0.99029
0.989355
0.988708
0.988378
0.988332
0.988403
0.998174
0.9951
0.992843
0.991202
0.990018
0.98922
0.988811
0.98877
0.988882
0.989217
0.997836
0.994404
0.992077
0.990573
0.989756
0.989585
0.989719
0.990176
0.991046
0.992291
0.996981
0.992976
0.991067
0.99068
0.990933
0.991784
0.993315
0.995398
0.997913
1.00077
0.99483
0.991635
0.991669
0.992842
0.995117
0.998041
1.00141
1.00514
1.00911
1.01319
1.01074
1.01262
1.01396
1.01501
1.01588
1.01665
1.01736
1.01804
1.0187
1.01936
1.02003
1.02071
1.02141
1.02214
1.02292
1.02382
1.02445
1.02519
1.02601
1.02695
1.02798
1.02912
1.03036
1.03171
1.03316
1.03471
1.03631
1.03795
1.03949
1.04083
1.04187
1.04252
1.04275
1.04272
1.04252
1.04203
1.04123
1.04026
1.03873
1.03704
1.03516
1.03312
1.03094
1.02861
1.02614
1.02353
1.02079
1.01792
1.01497
1.01199
1.00907
1.00631
1.00386
1.00179
1.00021
0.999161
0.998744
0.998796
0.999184
0.999496
1.00008
1.00089
1.00193
1.00318
1.00459
1.00613
1.00777
1.0095
1.01132
1.01324
1.01526
1.01732
1.01937
1.02136
1.02322
1.02491
1.02631
1.02741
1.02803
1.02836
1.02806
1.0275
1.02661
1.02553
1.02426
1.02284
1.02128
1.01964
1.01794
1.01619
1.01441
1.0126
1.01077
1.00894
1.00712
1.00535
1.00369
1.00218
1.00086
0.999786
0.999248
0.998772
0.998673
0.998711
0.998871
0.999239
0.999868
1.00079
1.00199
1.00345
1.00509
1.00687
1.00872
1.01057
1.01236
1.01405
1.01561
1.01702
1.01824
1.01925
1.02003
1.02062
1.02077
1.02073
1.02052
1.02003
1.0192
1.01807
1.01671
1.01522
1.01364
1.012
1.01034
1.00866
1.00701
1.00542
1.00392
1.00257
1.00138
1.00045
0.999854
0.99963
0.999638
0.999833
1.00004
1.00056
1.00124
1.00206
1.00298
1.00398
1.00506
1.00618
1.0073
1.00836
1.00929
1.01003
1.01051
1.0107
1.01068
1.01058
1.01032
1.00988
1.0093
1.00858
1.00781
1.00671
1.00573
1.0047
1.00368
1.00271
1.00186
1.00122
1.00085
1.0007
1.0007
1.00076
1.00092
1.00117
1.00152
1.00196
1.00247
1.00307
1.00373
1.00441
1.00508
1.00581
1.00612
1.00643
1.00665
1.00675
1.00681
1.00682
1.00677
1.00667
1.00653
1.00638
1.00624
1.00611
1.00597
1.00583
1.0057
1.00559
1.00552
1.00547
1.0054
1.00533
1.00535
1.00514
1.00498
1.00481
1.00466
1.00449
1.0043
1.0041
1.00388
1.00365
1.00342
1.0032
1.003
1.00282
1.00268
1.00258
1.00254
1.00255
1.00258
1.00265
1.00272
1.00277
1.00291
1.0028
1.00276
1.00271
1.00267
1.00261
1.00254
1.00244
1.00232
1.00217
1.00198
1.00177
1.00158
1.00141
1.0013
1.00125
1.00124
1.00127
1.00133
1.0014
1.00151
1.00172
0.9989
1.00057
1.00211
1.00355
1.00488
1.00612
1.00727
1.00837
1.00943
1.01047
1.01151
1.01256
1.01364
1.01474
1.0159
1.01717
1.01828
1.01947
1.02076
1.02218
1.02374
1.02546
1.02735
1.0294
1.03159
1.03386
1.03612
1.03826
1.04022
1.04185
1.04301
1.04362
1.04375
1.04367
1.04334
1.04265
1.04163
1.0404
1.03857
1.03654
1.0343
1.03194
1.02943
1.02681
1.02408
1.02128
1.01841
1.01553
1.01271
1.01003
1.00762
1.00553
1.00384
1.00266
1.00205
1.00195
1.0021
1.00258
1.00357
1.00426
1.00506
1.00595
1.00696
1.0081
1.00933
1.01064
1.01199
1.0134
1.01486
1.01638
1.01793
1.01948
1.02096
1.02233
1.02352
1.0245
1.02516
1.02552
1.02552
1.02538
1.02458
1.02349
1.02221
1.02087
1.01948
1.01806
1.01663
1.01521
1.01379
1.01237
1.01096
1.00956
1.00815
1.00675
1.00537
1.00404
1.0028
1.00169
1.00073
0.999989
0.999722
0.999434
0.999441
0.99953
0.999771
1.00022
1.00092
1.00188
1.00308
1.00449
1.00605
1.0077
1.00939
1.01106
1.01267
1.01417
1.01555
1.01679
1.01786
1.01876
1.01944
1.01993
1.01995
1.01989
1.01962
1.01906
1.0182
1.01706
1.01572
1.01425
1.01269
1.01108
1.00947
1.00787
1.00633
1.00489
1.00357
1.00243
1.00149
1.00084
1.00052
1.00047
1.00056
1.00091
1.00124
1.00183
1.00253
1.00332
1.00416
1.00505
1.006
1.00697
1.00793
1.00882
1.00958
1.01014
1.01046
1.01051
1.01046
1.01028
1.00994
1.00945
1.00885
1.00815
1.00741
1.00637
1.00547
1.00453
1.00362
1.00276
1.00204
1.00153
1.00127
1.00121
1.00123
1.00132
1.00151
1.00178
1.00213
1.00256
1.00307
1.00365
1.00428
1.00492
1.00553
1.0062
1.00644
1.00668
1.00684
1.00691
1.00694
1.00693
1.00685
1.00673
1.00658
1.00642
1.00627
1.00611
1.00596
1.00582
1.00569
1.00559
1.00553
1.00549
1.00543
1.00537
1.00538
1.00517
1.00501
1.00485
1.0047
1.00452
1.00433
1.00411
1.00389
1.00367
1.00345
1.00325
1.00307
1.0029
1.00277
1.00269
1.00268
1.0027
1.00274
1.00281
1.00287
1.00293
1.00306
1.00296
1.00291
1.00286
1.00281
1.00275
1.00266
1.00255
1.00241
1.00224
1.00203
1.00182
1.00162
1.00147
1.00138
1.00135
1.00136
1.00139
1.00145
1.00153
1.00164
1.00184
0.991641
0.992622
0.993649
0.994706
0.995785
0.996885
0.998002
0.999132
1.00027
1.00143
1.00261
1.00384
1.00512
1.00648
1.00793
1.00951
1.01101
1.01266
1.01443
1.01638
1.01854
1.02092
1.02354
1.02637
1.02936
1.03238
1.03528
1.03791
1.04016
1.04191
1.04302
1.0434
1.04334
1.04299
1.04217
1.04091
1.03929
1.03748
1.0351
1.03264
1.03007
1.02749
1.02487
1.02226
1.01965
1.0171
1.01462
1.01229
1.01019
1.00836
1.00683
1.00575
1.00519
1.00511
1.00524
1.00563
1.00631
1.00724
1.00861
1.00928
1.00996
1.01065
1.01143
1.01231
1.01326
1.01424
1.01525
1.01628
1.01731
1.01833
1.0193
1.0202
1.021
1.02166
1.0221
1.02226
1.02221
1.02198
1.02148
1.0208
1.01946
1.01805
1.01663
1.01531
1.01407
1.01291
1.01181
1.01075
1.00973
1.00873
1.00776
1.00679
1.00585
1.00493
1.00404
1.00322
1.00247
1.00181
1.00128
1.00102
1.00107
1.00102
1.0011
1.00132
1.00172
1.00231
1.0031
1.00409
1.00525
1.00653
1.00789
1.00928
1.01066
1.01199
1.01324
1.01439
1.01544
1.01636
1.01715
1.01779
1.01823
1.01849
1.0184
1.01821
1.01777
1.01707
1.01612
1.01497
1.01368
1.0123
1.01087
1.00944
1.00803
1.00669
1.00545
1.00433
1.00337
1.00261
1.0021
1.00187
1.00186
1.00195
1.00224
1.00282
1.00326
1.0039
1.00456
1.00524
1.00593
1.00663
1.00736
1.00808
1.00878
1.00939
1.00987
1.01015
1.0102
1.01015
1.00999
1.00968
1.00925
1.00872
1.00814
1.0075
1.00687
1.00596
1.00522
1.00446
1.00374
1.0031
1.00259
1.00229
1.00219
1.00221
1.00227
1.00242
1.00264
1.00292
1.00326
1.00367
1.00414
1.00467
1.00523
1.00578
1.0063
1.00687
1.00695
1.00708
1.00716
1.00717
1.00716
1.0071
1.00697
1.00682
1.00664
1.00646
1.00629
1.00612
1.00596
1.00582
1.00571
1.00563
1.00559
1.00556
1.00552
1.00547
1.00549
1.00527
1.00511
1.00495
1.00481
1.00464
1.00443
1.00421
1.004
1.00378
1.00357
1.00338
1.00322
1.00307
1.00297
1.00293
1.00294
1.00297
1.00302
1.00309
1.00316
1.00322
1.00334
1.00325
1.0032
1.00314
1.00308
1.00299
1.00288
1.00274
1.00257
1.00237
1.00214
1.00192
1.00174
1.00163
1.00157
1.00156
1.00158
1.00163
1.00171
1.00179
1.00189
1.00208
0.989065
0.989569
0.990187
0.990879
0.991638
0.99247
0.993382
0.994371
0.995431
0.996556
0.997756
0.999041
1.00044
1.00197
1.00365
1.0055
1.00753
1.00955
1.01169
1.01398
1.01654
1.01935
1.02242
1.02567
1.02903
1.03232
1.03536
1.03794
1.03992
1.04109
1.04135
1.04118
1.04057
1.03942
1.03782
1.03591
1.03389
1.03173
1.02918
1.02669
1.02421
1.02184
1.01954
1.01737
1.01532
1.01344
1.01177
1.01032
1.00911
1.00829
1.0079
1.00786
1.00799
1.00835
1.00891
1.00957
1.01031
1.01118
1.01246
1.01269
1.013
1.01334
1.0138
1.01436
1.01498
1.0156
1.01622
1.01682
1.01739
1.01793
1.01839
1.01871
1.01885
1.01882
1.01863
1.01824
1.01768
1.01702
1.01626
1.01545
1.01394
1.01255
1.01135
1.01034
1.00948
1.00875
1.00809
1.00747
1.00688
1.00631
1.00576
1.00523
1.00473
1.00427
1.00384
1.00345
1.00312
1.00288
1.00284
1.00292
1.00324
1.00338
1.00358
1.00389
1.00437
1.00501
1.0058
1.00671
1.00771
1.00874
1.00978
1.01079
1.01175
1.01264
1.01346
1.0142
1.01486
1.01542
1.01587
1.0162
1.01639
1.01643
1.01621
1.01584
1.01521
1.01439
1.01341
1.01234
1.01121
1.01005
1.00889
1.00777
1.00674
1.00581
1.00499
1.00433
1.00385
1.0036
1.00354
1.00359
1.00376
1.00409
1.00456
1.00529
1.00575
1.00632
1.00684
1.00732
1.00776
1.0082
1.00865
1.00907
1.00945
1.00973
1.00987
1.00987
1.00979
1.0096
1.0093
1.0089
1.00845
1.00795
1.00746
1.00697
1.00652
1.00581
1.00529
1.00476
1.00429
1.00389
1.00362
1.00353
1.00354
1.0036
1.00373
1.00391
1.00412
1.00438
1.00469
1.00506
1.00547
1.00592
1.00637
1.00678
1.00715
1.00756
1.0075
1.00754
1.00754
1.00749
1.00739
1.00726
1.00709
1.00689
1.00669
1.00649
1.0063
1.00613
1.00599
1.00588
1.00579
1.00574
1.00573
1.00572
1.00569
1.00565
1.00568
1.00545
1.00529
1.00514
1.00501
1.00483
1.00462
1.00439
1.00418
1.00396
1.00377
1.0036
1.00346
1.00335
1.00329
1.0033
1.00332
1.00337
1.00344
1.00351
1.00358
1.00365
1.00371
1.00363
1.00358
1.0035
1.00341
1.00329
1.00314
1.00297
1.00276
1.00253
1.00229
1.0021
1.00197
1.0019
1.00188
1.00189
1.00193
1.002
1.00209
1.00216
1.00226
1.00245
0.988468
0.988808
0.989277
0.989841
0.990491
0.991239
0.992096
0.993068
0.994149
0.995333
0.996626
0.998041
0.999605
1.00133
1.00325
1.00534
1.00765
1.00993
1.01252
1.01535
1.01845
1.02174
1.02514
1.02851
1.03163
1.03431
1.03651
1.03804
1.03853
1.03842
1.03788
1.03679
1.03525
1.03339
1.03138
1.02933
1.02748
1.02528
1.02305
1.0209
1.01891
1.0171
1.01549
1.01408
1.01284
1.01177
1.01094
1.01039
1.01014
1.01012
1.01022
1.01048
1.01082
1.01121
1.0116
1.012
1.0124
1.01288
1.01373
1.01347
1.01339
1.0134
1.01355
1.01381
1.01413
1.01447
1.01478
1.01503
1.01522
1.01529
1.01528
1.01514
1.01486
1.01446
1.01395
1.01336
1.01271
1.01206
1.01144
1.01086
1.00952
1.0084
1.00761
1.00706
1.00665
1.00635
1.00609
1.00585
1.00563
1.00543
1.00525
1.00509
1.00494
1.00482
1.00473
1.0047
1.00472
1.0048
1.00497
1.00528
1.00582
1.00604
1.00626
1.00656
1.007
1.00756
1.0082
1.00889
1.00958
1.01025
1.01088
1.01146
1.012
1.01249
1.01294
1.01332
1.01364
1.0139
1.01406
1.01415
1.01415
1.0141
1.01372
1.01321
1.0125
1.01169
1.01084
1.00998
1.00914
1.00832
1.00756
1.00688
1.00629
1.00583
1.00551
1.00535
1.00532
1.00538
1.00555
1.00583
1.00618
1.00659
1.0071
1.00783
1.00819
1.00857
1.00881
1.00901
1.00917
1.00932
1.00947
1.00959
1.00966
1.00966
1.0096
1.00946
1.00924
1.00896
1.00863
1.00827
1.00789
1.00752
1.00719
1.00689
1.00666
1.00618
1.0059
1.00561
1.00535
1.00516
1.00507
1.00507
1.00512
1.00523
1.00537
1.00553
1.0057
1.00592
1.00618
1.00648
1.0068
1.00713
1.00744
1.00768
1.00789
1.00814
1.00799
1.00796
1.00788
1.00774
1.00758
1.00738
1.00716
1.00694
1.00672
1.00651
1.00634
1.0062
1.0061
1.00603
1.006
1.00598
1.00598
1.00597
1.00594
1.00591
1.00595
1.00572
1.00556
1.00542
1.00528
1.00509
1.00486
1.00463
1.00441
1.0042
1.00403
1.0039
1.0038
1.00375
1.00376
1.00378
1.00382
1.00388
1.00395
1.00402
1.00408
1.00418
1.00411
1.00405
1.00397
1.00387
1.00375
1.00359
1.0034
1.00318
1.00294
1.0027
1.00251
1.00238
1.00231
1.00229
1.00231
1.00234
1.0024
1.00248
1.00256
1.00263
1.00271
1.00288
0.988627
0.989031
0.989587
0.990271
0.991082
0.992038
0.993155
0.99444
0.995891
0.997504
0.999281
1.00123
1.00336
1.00568
1.00817
1.01081
1.01364
1.01632
1.0191
1.02195
1.02484
1.02759
1.03007
1.03217
1.034
1.03525
1.03557
1.0354
1.03477
1.03363
1.03211
1.03038
1.02854
1.02668
1.02488
1.02321
1.02203
1.02021
1.01853
1.017
1.01573
1.01467
1.01378
1.01307
1.01254
1.01219
1.01199
1.01192
1.01193
1.01198
1.01206
1.01214
1.0122
1.01222
1.01223
1.01222
1.0122
1.01218
1.01244
1.01178
1.01137
1.01117
1.0112
1.01128
1.01141
1.01152
1.01159
1.0116
1.01155
1.01141
1.01119
1.01089
1.01054
1.01013
1.0097
1.00927
1.00886
1.00853
1.00825
1.00803
1.00693
1.00617
1.00578
1.00563
1.00556
1.00557
1.0056
1.00565
1.0057
1.00577
1.00584
1.00593
1.00603
1.00614
1.00627
1.00641
1.00659
1.00679
1.00706
1.00745
1.00807
1.00819
1.00832
1.00852
1.00882
1.00917
1.00956
1.00993
1.01027
1.01058
1.01088
1.01115
1.0114
1.01163
1.01182
1.01198
1.0121
1.01216
1.01217
1.01215
1.01207
1.01196
1.01155
1.01105
1.01042
1.00979
1.00921
1.00868
1.0082
1.00778
1.00744
1.00719
1.00706
1.00702
1.00705
1.00716
1.00735
1.0076
1.00788
1.0082
1.00853
1.00888
1.00928
1.0099
1.01005
1.01015
1.01011
1.01004
1.00992
1.00981
1.00971
1.00962
1.00953
1.00941
1.00925
1.00907
1.00886
1.00862
1.00838
1.00813
1.00789
1.00768
1.00752
1.00743
1.00742
1.00715
1.00702
1.00688
1.00674
1.00666
1.00664
1.00665
1.00671
1.0068
1.00689
1.007
1.00713
1.0073
1.00749
1.0077
1.0079
1.00808
1.00824
1.00835
1.00844
1.00858
1.00836
1.00826
1.00812
1.00792
1.00769
1.00744
1.00719
1.00696
1.00675
1.00658
1.00646
1.00638
1.00634
1.00632
1.00631
1.0063
1.0063
1.00628
1.00626
1.00624
1.00629
1.00605
1.00589
1.00575
1.00559
1.00538
1.00512
1.00487
1.00466
1.00448
1.00437
1.0043
1.00427
1.00429
1.00432
1.00435
1.00439
1.00444
1.00449
1.00453
1.00457
1.00468
1.00456
1.00448
1.00437
1.00423
1.00406
1.00385
1.00361
1.00336
1.00312
1.00294
1.00284
1.0028
1.00279
1.00281
1.00284
1.00288
1.00294
1.003
1.00306
1.0031
1.00316
1.0033
0.989812
0.990638
0.991668
0.992896
0.994332
0.995987
0.997856
0.999921
1.00216
1.00454
1.00704
1.00963
1.01228
1.01493
1.01756
1.02013
1.02272
1.02476
1.02665
1.02833
1.02989
1.03128
1.03232
1.0327
1.03262
1.03219
1.0313
1.03008
1.02868
1.02719
1.02568
1.02419
1.02278
1.02145
1.02026
1.01925
1.01891
1.01763
1.01648
1.01551
1.01485
1.01437
1.01402
1.01374
1.01352
1.01332
1.01315
1.01298
1.0128
1.01258
1.01231
1.01199
1.01162
1.01125
1.01088
1.01054
1.01024
1.00996
1.00982
1.00864
1.00813
1.00796
1.00798
1.00804
1.00811
1.00815
1.00815
1.00811
1.00802
1.00789
1.00772
1.00754
1.00736
1.00718
1.00702
1.0069
1.00682
1.00684
1.00688
1.00693
1.00598
1.00547
1.00537
1.00544
1.00557
1.00577
1.006
1.00624
1.00648
1.00672
1.00693
1.00713
1.00732
1.0075
1.00767
1.00785
1.00804
1.00825
1.00851
1.00888
1.00943
1.0094
1.00936
1.00938
1.00948
1.00961
1.00975
1.00987
1.00999
1.0101
1.01023
1.01036
1.01049
1.01062
1.01072
1.01079
1.01082
1.01082
1.01079
1.01074
1.01069
1.01066
1.01036
1.01
1.00958
1.00922
1.00895
1.00875
1.00861
1.00854
1.00853
1.00857
1.00867
1.00883
1.00902
1.00923
1.00945
1.00967
1.00989
1.0101
1.01032
1.01053
1.01078
1.01119
1.01108
1.01099
1.01075
1.01042
1.01009
1.00983
1.00964
1.00951
1.0094
1.00931
1.00921
1.0091
1.00897
1.00884
1.00871
1.00858
1.00847
1.0084
1.0084
1.00844
1.00858
1.00839
1.00835
1.00826
1.00814
1.00806
1.00802
1.00801
1.00803
1.00806
1.00811
1.00818
1.00827
1.00838
1.0085
1.00859
1.00865
1.00869
1.00873
1.00876
1.00879
1.00889
1.00862
1.00847
1.00828
1.00803
1.00775
1.00747
1.00722
1.00702
1.00688
1.00679
1.00674
1.00672
1.00672
1.00671
1.0067
1.00667
1.00665
1.00661
1.00658
1.00658
1.00666
1.00642
1.00625
1.00609
1.00589
1.00564
1.00536
1.00513
1.00495
1.00486
1.00483
1.00483
1.00485
1.00488
1.00491
1.00494
1.00495
1.00496
1.00498
1.00499
1.00501
1.0051
1.00497
1.00486
1.00472
1.00454
1.00431
1.00405
1.00379
1.00356
1.00341
1.00333
1.00332
1.00333
1.00335
1.00339
1.00341
1.00344
1.00346
1.00349
1.00351
1.00351
1.00353
1.00364
0.99386
0.995715
0.997839
1.00021
1.00279
1.00553
1.00836
1.01122
1.01403
1.01673
1.01927
1.02159
1.02365
1.02541
1.02688
1.02812
1.02929
1.02971
1.03006
1.0302
1.03019
1.02991
1.02932
1.02848
1.02749
1.02643
1.02532
1.0242
1.02311
1.02208
1.02112
1.02024
1.01945
1.01876
1.01819
1.01779
1.0181
1.01709
1.0163
1.01572
1.01538
1.01507
1.01477
1.01445
1.01411
1.01372
1.01328
1.01279
1.01225
1.01167
1.01106
1.01044
1.00983
1.00924
1.00869
1.0082
1.00777
1.00739
1.00706
1.00551
1.00515
1.00513
1.00522
1.00535
1.00546
1.00554
1.00559
1.00562
1.00564
1.00565
1.00567
1.00571
1.00577
1.00585
1.00596
1.00609
1.00626
1.00648
1.00671
1.00692
1.00594
1.00562
1.00565
1.00581
1.00608
1.00643
1.00678
1.00712
1.00742
1.00768
1.00789
1.00808
1.00824
1.00839
1.00854
1.00868
1.00883
1.00899
1.0092
1.0095
1.00994
1.00977
1.00951
1.00933
1.00929
1.00929
1.00931
1.00935
1.00943
1.00954
1.00967
1.00981
1.00995
1.01006
1.01014
1.0102
1.01024
1.01025
1.01026
1.01029
1.01037
1.01051
1.01038
1.0102
1.00999
1.00989
1.00987
1.00988
1.00994
1.01004
1.01017
1.01032
1.01048
1.01065
1.0108
1.01094
1.01105
1.01115
1.01124
1.01133
1.01141
1.0115
1.01159
1.01174
1.01156
1.01131
1.01088
1.0104
1.01002
1.0098
1.0097
1.00966
1.00966
1.00966
1.00965
1.00963
1.00959
1.00954
1.00949
1.00944
1.0094
1.0094
1.00944
1.00956
1.00977
1.00961
1.00956
1.00945
1.00929
1.00915
1.00906
1.00901
1.00901
1.00902
1.00904
1.00908
1.00912
1.00915
1.00916
1.00914
1.00911
1.00905
1.00901
1.00899
1.00901
1.0091
1.00884
1.00865
1.00841
1.00812
1.00781
1.00755
1.00736
1.00725
1.0072
1.00719
1.00718
1.00718
1.00717
1.00714
1.0071
1.00704
1.00699
1.00693
1.0069
1.00691
1.007
1.00678
1.0066
1.0064
1.00616
1.00588
1.00562
1.00545
1.00538
1.00539
1.00541
1.00544
1.00547
1.00548
1.00548
1.00547
1.00544
1.00541
1.00538
1.00537
1.00538
1.00545
1.00533
1.0052
1.00501
1.00477
1.0045
1.00424
1.00403
1.00391
1.00388
1.00388
1.0039
1.00394
1.00396
1.00396
1.00395
1.00393
1.00391
1.00389
1.00386
1.00382
1.00381
1.00387
1.00391
1.00723
1.01066
1.01407
1.01737
1.02043
1.02316
1.02551
1.02744
1.02892
1.02993
1.03048
1.03066
1.03063
1.03045
1.03003
1.02961
1.02846
1.02744
1.02653
1.0257
1.02486
1.02402
1.02321
1.02245
1.02174
1.02109
1.0205
1.01997
1.01949
1.01906
1.01868
1.01835
1.01809
1.01793
1.01795
1.01855
1.01743
1.01675
1.01627
1.01589
1.01547
1.01499
1.01445
1.01385
1.01319
1.01247
1.01172
1.01095
1.01017
1.00941
1.00867
1.00797
1.00732
1.00672
1.00619
1.00573
1.00533
1.00496
1.00339
1.0032
1.00329
1.00349
1.0037
1.00389
1.00405
1.0042
1.00434
1.0045
1.00468
1.00488
1.00511
1.00535
1.00561
1.00588
1.00615
1.00642
1.00673
1.00701
1.00722
1.00626
1.00603
1.00612
1.00638
1.00677
1.00719
1.00757
1.00789
1.00814
1.00834
1.00849
1.00863
1.00874
1.00885
1.00896
1.00906
1.00917
1.00928
1.00945
1.00968
1.00997
1.00967
1.00923
1.00895
1.00888
1.00889
1.00897
1.0091
1.00928
1.00948
1.00967
1.00985
1.00999
1.01011
1.01021
1.0103
1.01038
1.01047
1.01057
1.01072
1.01095
1.01126
1.01127
1.01119
1.01112
1.01114
1.01121
1.01133
1.01146
1.01159
1.01171
1.01183
1.01192
1.01198
1.01202
1.01204
1.01204
1.01204
1.01203
1.01202
1.01201
1.012
1.01198
1.01197
1.01175
1.01135
1.01081
1.01036
1.01015
1.01011
1.01015
1.01023
1.01033
1.0104
1.01044
1.01045
1.01044
1.01042
1.01039
1.01037
1.01036
1.01037
1.01042
1.01054
1.01072
1.0106
1.0105
1.0103
1.01007
1.0099
1.0098
1.00976
1.00976
1.00976
1.00976
1.00975
1.00973
1.00967
1.0096
1.00951
1.00941
1.00932
1.00925
1.00922
1.00923
1.0093
1.00905
1.00883
1.00854
1.00822
1.00795
1.00778
1.00771
1.0077
1.00771
1.00772
1.00771
1.00768
1.00763
1.00756
1.00748
1.0074
1.00733
1.00727
1.00723
1.00725
1.00733
1.00713
1.00693
1.00669
1.00641
1.00615
1.00599
1.00595
1.00598
1.00602
1.00606
1.00607
1.00607
1.00604
1.00599
1.00593
1.00586
1.0058
1.00575
1.00571
1.00572
1.00576
1.00567
1.00551
1.00526
1.00498
1.00473
1.00455
1.00448
1.00447
1.00449
1.00453
1.00455
1.00454
1.00452
1.00448
1.00443
1.00437
1.00431
1.00425
1.00417
1.00408
1.00405
1.00407
1.01721
1.02102
1.02449
1.02752
1.03001
1.03193
1.03325
1.03396
1.03415
1.03392
1.03325
1.03225
1.03108
1.02982
1.02855
1.02731
1.02637
1.02465
1.02355
1.02269
1.02198
1.02135
1.02082
1.02036
1.01998
1.01966
1.01938
1.01914
1.01893
1.01874
1.01858
1.01844
1.01832
1.01823
1.01824
1.01833
1.01898
1.01765
1.017
1.01649
1.016
1.01543
1.01478
1.01408
1.01331
1.0125
1.01165
1.01078
1.00992
1.00908
1.00828
1.00753
1.00682
1.00618
1.00559
1.00507
1.00461
1.00422
1.00382
1.00241
1.00232
1.0025
1.00279
1.00306
1.00329
1.00351
1.00372
1.00396
1.00422
1.00451
1.00482
1.00515
1.00549
1.00583
1.00616
1.00648
1.00678
1.0071
1.00735
1.00744
1.00652
1.00639
1.00656
1.00695
1.0074
1.00782
1.00815
1.00841
1.00859
1.00873
1.00884
1.00893
1.00902
1.0091
1.00919
1.00927
1.00936
1.00945
1.0096
1.00979
1.0099
1.00942
1.00889
1.0087
1.00876
1.00888
1.00909
1.00934
1.0096
1.00984
1.01004
1.01022
1.01036
1.0105
1.01062
1.01074
1.01087
1.01102
1.01121
1.01146
1.01181
1.01216
1.0122
1.01211
1.0121
1.01217
1.01229
1.01242
1.01253
1.01263
1.01269
1.01273
1.01273
1.01271
1.01266
1.01261
1.01256
1.0125
1.01245
1.01239
1.01233
1.01227
1.01221
1.01209
1.01176
1.0112
1.01071
1.01051
1.01051
1.01062
1.01078
1.01093
1.01104
1.01111
1.01113
1.01114
1.01112
1.0111
1.01107
1.01105
1.01105
1.01107
1.01113
1.01125
1.01139
1.01123
1.01101
1.01071
1.01048
1.01037
1.01033
1.01031
1.01031
1.01029
1.01026
1.01019
1.01011
1.01
1.00988
1.00977
1.00965
1.00956
1.00949
1.00947
1.00948
1.00954
1.00924
1.00895
1.0086
1.00832
1.00817
1.00814
1.00816
1.00819
1.0082
1.00819
1.00814
1.00807
1.00798
1.00789
1.0078
1.00771
1.00764
1.00758
1.00756
1.00759
1.00766
1.00741
1.00715
1.00684
1.00658
1.00645
1.00644
1.00648
1.00654
1.00658
1.00658
1.00655
1.0065
1.00643
1.00635
1.00627
1.00619
1.00612
1.00606
1.00603
1.00604
1.00606
1.00596
1.00571
1.00539
1.00513
1.00498
1.00495
1.00497
1.00502
1.00506
1.00506
1.00504
1.00499
1.00493
1.00485
1.00478
1.0047
1.00462
1.00452
1.00441
1.00431
1.0043
1.0043
)
;

boundaryField
{
    inlet
    {
        type            fixedValue;
        value           uniform 1;
    }
    outlet
    {
        type            zeroGradient;
    }
    walls
    {
        type            zeroGradient;
    }
    symwall
    {
        type            empty;
    }
}


// ************************************************************************* //
