/*--------------------------------*- C++ -*----------------------------------*\
| =========                 |                                                 |
| \\      /  F ield         | OpenFOAM: The Open Source CFD Toolbox           |
|  \\    /   O peration     | Version:  2312                                  |
|   \\  /    A nd           | Website:  www.openfoam.com                      |
|    \\/     M anipulation  |                                                 |
\*---------------------------------------------------------------------------*/
FoamFile
{
    version     2.0;
    format      ascii;
    arch        "LSB;label=64;scalar=64";
    class       volScalarField;
    location    "0.005";
    object      rho;
}
// * * * * * * * * * * * * * * * * * * * * * * * * * * * * * * * * * * * * * //

dimensions      [1 -3 0 0 0 0 0];

internalField   nonuniform List<scalar> 
8475
(
1.22191
1.22191
1.22191
1.22191
1.22191
1.22191
1.22191
1.22191
1.22191
1.22191
1.22191
1.22191
1.22191
1.22191
1.22191
1.22191
1.22191
1.22191
1.22191
1.22191
1.22191
1.22191
1.22191
1.22191
1.22191
1.22191
1.22191
1.22191
1.22191
1.22191
1.22191
1.22191
1.22191
1.22191
1.22191
1.22191
1.22199
1.22649
1.22191
1.22191
1.22191
1.22191
1.22191
1.22191
1.22191
1.22191
1.22191
1.22191
1.22191
1.22191
1.22191
1.22191
1.22191
1.22191
1.22191
1.22191
1.22191
1.22191
1.22191
1.22191
1.22191
1.22191
1.22191
1.22191
1.22191
1.22191
1.22191
1.22191
1.22191
1.22191
1.22191
1.22191
1.22191
1.22191
1.22194
1.22323
1.22191
1.22191
1.22191
1.22191
1.22191
1.22191
1.22191
1.22191
1.22191
1.22191
1.22191
1.22191
1.22191
1.22191
1.22191
1.22191
1.22191
1.22191
1.22191
1.22191
1.22191
1.22191
1.22191
1.22191
1.22191
1.22191
1.22191
1.22191
1.22191
1.22191
1.22191
1.22191
1.22191
1.22191
1.22191
1.22191
1.22192
1.2221
1.22191
1.22191
1.22191
1.22191
1.22191
1.22191
1.22191
1.22191
1.22191
1.22191
1.22191
1.22191
1.22191
1.22191
1.22191
1.22191
1.22191
1.22191
1.22191
1.22191
1.22191
1.22191
1.22191
1.22191
1.22191
1.22191
1.22191
1.22191
1.22191
1.22191
1.22191
1.22191
1.22191
1.22191
1.22191
1.22191
1.22191
1.22193
1.22191
1.22191
1.22191
1.22191
1.22191
1.22191
1.22191
1.22191
1.22191
1.22191
1.22191
1.22191
1.22191
1.22191
1.22191
1.22191
1.22191
1.22191
1.22191
1.22191
1.22191
1.22191
1.22191
1.22191
1.22191
1.22191
1.22191
1.22191
1.22191
1.22191
1.22191
1.22191
1.22191
1.22191
1.22191
1.22191
1.22191
1.22191
1.22191
1.22191
1.22191
1.22191
1.22191
1.22191
1.22191
1.22191
1.22191
1.22191
1.22191
1.22191
1.22191
1.22191
1.22191
1.22191
1.22191
1.22191
1.22191
1.22191
1.22191
1.22191
1.22191
1.22191
1.22191
1.22191
1.22191
1.22191
1.22191
1.22191
1.22191
1.22191
1.22191
1.22191
1.22191
1.22191
1.22191
1.22191
1.22191
1.22191
1.22191
1.22191
1.22191
1.22191
1.22191
1.22191
1.22191
1.22191
1.22191
1.22191
1.22191
1.22191
1.22191
1.22191
1.22191
1.22191
1.22191
1.22191
1.22191
1.22191
1.22191
1.22191
1.22191
1.22191
1.22191
1.22191
1.22191
1.22191
1.22191
1.22191
1.22191
1.22191
1.22191
1.22191
1.22191
1.22191
1.22191
1.22191
1.22191
1.22191
1.22191
1.22191
1.22191
1.22191
1.22191
1.22191
1.22191
1.22191
1.22191
1.22191
1.22191
1.22191
1.22191
1.22191
1.22191
1.22191
1.22191
1.22191
1.22191
1.22191
1.22191
1.22191
1.22191
1.22191
1.22191
1.22191
1.22191
1.22191
1.22191
1.22191
1.22191
1.22191
1.22191
1.22191
1.22191
1.22191
1.22191
1.22191
1.22191
1.22191
1.22191
1.22191
1.22191
1.22191
1.22191
1.22191
1.22191
1.22191
1.22191
1.22191
1.22191
1.22191
1.22191
1.22191
1.22191
1.22191
1.22191
1.22191
1.22191
1.22191
1.22191
1.22191
1.22191
1.22191
1.22191
1.22191
1.22191
1.22191
1.22191
1.22191
1.22191
1.22191
1.22191
1.22191
1.22191
1.22191
1.22191
1.22191
1.22191
1.22191
1.22191
1.22191
1.22191
1.22191
1.22191
1.22191
1.22191
1.22191
1.22191
1.22191
1.22191
1.22191
1.22191
1.22191
1.22191
1.22191
1.22191
1.22191
1.22191
1.22191
1.22191
1.22191
1.22191
1.22191
1.22191
1.22191
1.22191
1.22191
1.22191
1.22191
1.22191
1.22191
1.22191
1.22191
1.22191
1.22191
1.22191
1.22191
1.22191
1.22191
1.22191
1.22191
1.22191
1.22191
1.22191
1.22191
1.22191
1.22191
1.22191
1.22191
1.22191
1.22191
1.22191
1.22191
1.22191
1.22191
1.22191
1.22191
1.22191
1.22191
1.22191
1.22191
1.22191
1.22191
1.22191
1.22191
1.22191
1.22191
1.22191
1.22191
1.22191
1.22191
1.22191
1.22191
1.22191
1.22191
1.22191
1.22191
1.22191
1.22191
1.22191
1.22191
1.22191
1.22191
1.22191
1.22191
1.22191
1.22191
1.22191
1.22191
1.22191
1.22191
1.22191
1.22191
1.22191
1.22191
1.22191
1.22191
1.22191
1.22191
1.22191
1.22191
1.22191
1.22191
1.22191
1.22191
1.22191
1.22191
1.22191
1.22191
1.22191
1.22191
1.22191
1.22191
1.22191
1.22191
1.22191
1.22191
1.22191
1.22191
1.22191
1.22191
1.22191
1.22191
1.22191
1.22191
1.22191
1.22191
1.22191
1.22191
1.22191
1.22191
1.22191
1.22191
1.22191
1.22191
1.22191
1.22191
1.22191
1.22191
1.22191
1.22191
1.22191
1.22191
1.22191
1.22191
1.22191
1.22191
1.22191
1.22191
1.22191
1.22191
1.22191
1.22191
1.22191
1.22191
1.22191
1.22191
1.22191
1.22191
1.22191
1.22191
1.22191
1.22191
1.22191
1.22191
1.22191
1.22191
1.22191
1.22191
1.22191
1.22191
1.22191
1.22191
1.22191
1.22191
1.22191
1.22191
1.22191
1.22191
1.22191
1.22191
1.22191
1.22191
1.22191
1.22191
1.22191
1.22191
1.22191
1.22191
1.22191
1.22191
1.22191
1.22191
1.22191
1.22191
1.22191
1.22191
1.22191
1.22191
1.22191
1.22191
1.22191
1.22191
1.22191
1.22191
1.22191
1.22191
1.22191
1.22191
1.22191
1.22191
1.22191
1.22191
1.22191
1.22191
1.22191
1.22191
1.22191
1.22191
1.22191
1.22191
1.22191
1.22191
1.22191
1.22191
1.22191
1.22191
1.22191
1.22191
1.22191
1.22191
1.22191
1.22191
1.22191
1.22191
1.22191
1.22191
1.22191
1.22191
1.22191
1.22191
1.22191
1.22191
1.22191
1.22191
1.22191
1.22191
1.22191
1.22191
1.22191
1.22191
1.22191
1.22191
1.22191
1.22191
1.22191
1.22191
1.22191
1.22191
1.22191
1.22191
1.22191
1.22191
1.22191
1.22191
1.22191
1.22191
1.22191
1.22191
1.22191
1.22191
1.22191
1.22191
1.22191
1.22191
1.22191
1.22191
1.22191
1.22191
1.22191
1.22191
1.22191
1.22191
1.22191
1.22191
1.22191
1.22191
1.22191
1.22191
1.22191
1.22191
1.22191
1.22191
1.22191
1.22191
1.22191
1.22191
1.22191
1.22191
1.22191
1.22191
1.22191
1.22191
1.22191
1.22191
1.22191
1.22191
1.22191
1.22191
1.22191
1.22191
1.22191
1.22191
1.22191
1.22191
1.22191
1.22191
1.22191
1.22191
1.22191
1.22191
1.22191
1.22191
1.22191
1.22191
1.22191
1.22191
1.22191
1.22191
1.22191
1.22191
1.22191
1.22191
1.22191
1.22191
1.22191
1.22191
1.22191
1.22191
1.22191
1.22191
1.22191
1.22191
1.22191
1.22191
1.22191
1.22191
1.22191
1.22191
1.22191
1.22191
1.22191
1.22191
1.22191
1.22191
1.22191
1.22191
1.22191
1.22191
1.22191
1.22191
1.22191
1.22191
1.22191
1.22191
1.22191
1.22191
1.22191
1.22191
1.22191
1.22191
1.22191
1.22191
1.22191
1.22191
1.22191
1.22191
1.22191
1.22191
1.22191
1.22191
1.22191
1.22191
1.22191
1.22191
1.22191
1.22191
1.22191
1.22191
1.22191
1.22191
1.22191
1.22191
1.22191
1.22191
1.22191
1.22191
1.22191
1.22191
1.22191
1.22191
1.22191
1.22191
1.22191
1.22191
1.22191
1.22191
1.22191
1.22191
1.22191
1.22191
1.22191
1.22191
1.22191
1.22191
1.22191
1.22191
1.22191
1.22191
1.22191
1.22191
1.22191
1.22191
1.22191
1.22191
1.22191
1.22191
1.22191
1.22191
1.22191
1.22191
1.22191
1.22191
1.22191
1.22191
1.22191
1.22191
1.22191
1.22191
1.22191
1.22191
1.22191
1.22191
1.22191
1.22191
1.22191
1.22191
1.22191
1.22191
1.22191
1.22191
1.22191
1.22191
1.22191
1.22191
1.22191
1.22191
1.22191
1.22191
1.22191
1.22191
1.22191
1.22191
1.22191
1.22191
1.22191
1.22191
1.22191
1.22191
1.22191
1.22191
1.22191
1.22191
1.22191
1.22191
1.22191
1.22191
1.22191
1.22191
1.22191
1.22191
1.22191
1.22191
1.22191
1.22191
1.22191
1.22191
1.22191
1.22191
1.22191
1.22191
1.22191
1.22191
1.22191
1.22191
1.22191
1.22191
1.22191
1.22191
1.22191
1.22191
1.22191
1.22191
1.22191
1.22191
1.22191
1.22191
1.22191
1.22191
1.22191
1.22191
1.22191
1.22191
1.22191
1.22191
1.22191
1.22191
1.22191
1.22191
1.22191
1.22191
1.22191
1.22191
1.22191
1.22191
1.22191
1.22191
1.22191
1.22191
1.22191
1.22191
1.22191
1.22191
1.22191
1.22191
1.22191
1.22191
1.22191
1.22191
1.22191
1.22191
1.22191
1.22191
1.22191
1.22191
1.22191
1.22191
1.22191
1.22191
1.22191
1.22191
1.22191
1.22191
1.22191
1.22191
1.22191
1.22191
1.22191
1.22191
1.22191
1.22191
1.22191
1.22191
1.22191
1.22191
1.22191
1.22191
1.22191
1.22191
1.22191
1.22191
1.22191
1.22191
1.22191
1.22191
1.22191
1.22191
1.22191
1.22191
1.22191
1.22191
1.22191
1.22191
1.22191
1.22191
1.22191
1.22191
1.22191
1.22191
1.22191
1.22191
1.22191
1.22191
1.22191
1.22191
1.22191
1.22191
1.22191
1.22191
1.22191
1.22191
1.22191
1.22191
1.22191
1.22191
1.22191
1.22191
1.22191
1.22191
1.22191
1.22191
1.22191
1.22191
1.22191
1.22191
1.22191
1.22191
1.22191
1.22191
1.22191
1.22191
1.22191
1.22191
1.22191
1.22191
1.22191
1.22191
1.22191
1.22191
1.22191
1.22191
1.22191
1.22191
1.22191
1.22191
1.22191
1.22191
1.22191
1.22191
1.22191
1.22191
1.22191
1.22191
1.22191
1.22191
1.22191
1.22191
1.22191
1.22191
1.22191
1.22191
1.22191
1.22191
1.22191
1.22191
1.22191
1.22191
1.22191
1.22191
1.22191
1.22191
1.22191
1.22191
1.22191
1.22191
1.22191
1.22191
1.22191
1.22191
1.22191
1.22191
1.22191
1.22191
1.22191
1.22191
1.22191
1.22191
1.22191
1.22191
1.22191
1.22191
1.22191
1.22191
1.22191
1.22191
1.22191
1.22191
1.22191
1.22191
1.22191
1.22191
1.22191
1.22191
1.22191
1.22191
1.22191
1.22191
1.22191
1.22191
1.22191
1.22191
1.22191
1.22191
1.22191
1.22191
1.22191
1.22191
1.22191
1.22191
1.22191
1.22191
1.22191
1.22191
1.22191
1.22191
1.22191
1.22191
1.22191
1.22191
1.22191
1.22191
1.22191
1.22191
1.22191
1.22191
1.22191
1.22191
1.22191
1.22191
1.22191
1.22191
1.22191
1.22191
1.22191
1.22191
1.22191
1.22191
1.22191
1.22191
1.22191
1.22191
1.22191
1.22191
1.22191
1.22191
1.22191
1.22191
1.22191
1.22191
1.22191
1.22191
1.22191
1.22191
1.22191
1.22191
1.22191
1.22191
1.22191
1.22191
1.22191
1.22191
1.22191
1.22191
1.22191
1.22191
1.22191
1.22191
1.22191
1.22191
1.22191
1.22191
1.22191
1.22191
1.22191
1.22191
1.22191
1.22191
1.22191
1.22191
1.22191
1.22191
1.22191
1.22191
1.22191
1.22191
1.22191
1.22191
1.22191
1.22191
1.22191
1.22191
1.22191
1.22191
1.22191
1.22191
1.22191
1.22191
1.22191
1.22191
1.22191
1.22191
1.22191
1.22191
1.22191
1.22191
1.22191
1.22191
1.22191
1.22191
1.22191
1.22191
1.22191
1.22191
1.22191
1.22191
1.22191
1.22191
1.22191
1.22191
1.22191
1.22191
1.22191
1.22191
1.22191
1.22191
1.22191
1.22191
1.22191
1.22191
1.22191
1.22191
1.22191
1.22191
1.22191
1.22191
1.22191
1.22191
1.22191
1.22191
1.22191
1.22191
1.22191
1.22191
1.22191
1.22191
1.22191
1.22191
1.22191
1.22191
1.22191
1.22191
1.22191
1.22191
1.22191
1.22191
1.22191
1.22191
1.22191
1.22191
1.22191
1.22191
1.22191
1.22191
1.22191
1.22191
1.22191
1.22191
1.22191
1.22191
1.22191
1.22191
1.22191
1.22191
1.22191
1.22191
1.22191
1.22191
1.22191
1.22191
1.22191
1.22191
1.22191
1.22191
1.22191
1.22191
1.22191
1.22191
1.22191
1.22191
1.22191
1.22191
1.22191
1.22191
1.22191
1.22191
1.22191
1.22191
1.22191
1.22191
1.22191
1.22191
1.22191
1.22191
1.22191
1.22191
1.22191
1.22191
1.22191
1.22191
1.22191
1.22191
1.22191
1.22191
1.22191
1.22191
1.22191
1.22191
1.22191
1.22191
1.22191
1.22191
1.22191
1.22191
1.22191
1.22191
1.22191
1.22191
1.22191
1.22191
1.22191
1.22191
1.22191
1.22191
1.22191
1.22191
1.22191
1.22191
1.22191
1.22191
1.22191
1.22191
1.22191
1.22191
1.22191
1.22191
1.22191
1.22191
1.22191
1.22191
1.22191
1.22191
1.22191
1.22191
1.22191
1.22191
1.22191
1.22191
1.22191
1.22191
1.22191
1.22191
1.22191
1.22191
1.22191
1.22191
1.22191
1.22191
1.22191
1.22191
1.22191
1.22191
1.22191
1.22191
1.22191
1.22191
1.22191
1.22191
1.22191
1.22191
1.22191
1.22191
1.22191
1.22191
1.22191
1.22191
1.22191
1.22191
1.22191
1.22191
1.22191
1.22191
1.22191
1.22191
1.22191
1.22191
1.22191
1.22191
1.22191
1.22191
1.22191
1.22191
1.22191
1.22191
1.22191
1.22191
1.22191
1.22191
1.22191
1.22191
1.22191
1.22191
1.22191
1.22191
1.22191
1.22191
1.22191
1.22191
1.22191
1.22191
1.22191
1.22191
1.22191
1.22191
1.22191
1.22191
1.22191
1.22191
1.22191
1.22191
1.22191
1.22191
1.22191
1.22191
1.22191
1.22191
1.22191
1.22191
1.22191
1.22191
1.22191
1.22191
1.22191
1.22191
1.22191
1.22191
1.22191
1.22191
1.22191
1.22191
1.22191
1.22191
1.22191
1.22191
1.22191
1.22191
1.22191
1.22191
1.22191
1.22191
1.22191
1.22191
1.22191
1.22191
1.22191
1.22191
1.22191
1.22191
1.22191
1.22191
1.22191
1.22191
1.22191
1.22191
1.22191
1.22191
1.22191
1.22191
1.22191
1.22191
1.22191
1.22191
1.22191
1.22191
1.22191
1.22191
1.22191
1.22191
1.22191
1.22191
1.22191
1.22191
1.22191
1.22191
1.22191
1.22191
1.22191
1.22191
1.22191
1.22191
1.22191
1.22191
1.22191
1.22191
1.22191
1.22191
1.22191
1.22191
1.22191
1.22191
1.22191
1.22191
1.22191
1.22191
1.22191
1.22191
1.22191
1.22191
1.22191
1.22191
1.22191
1.22191
1.22191
1.22191
1.22191
1.22191
1.22191
1.22191
1.22191
1.22191
1.22191
1.22191
1.22191
1.22191
1.22191
1.22191
1.22191
1.22191
1.22191
1.22191
1.22191
1.22191
1.22191
1.22191
1.22191
1.22191
1.22191
1.22191
1.22191
1.22191
1.22191
1.22191
1.22191
1.22191
1.22191
1.22191
1.22191
1.22191
1.22191
1.22191
1.22191
1.22191
1.22191
1.22191
1.22191
1.22191
1.22191
1.22191
1.22191
1.22191
1.22191
1.22191
1.22191
1.22191
1.22191
1.22191
1.22191
1.22191
1.22191
1.22191
1.22191
1.22191
1.22191
1.22191
1.22191
1.22191
1.22191
1.22191
1.22191
1.22191
1.22191
1.22191
1.22191
1.22191
1.22191
1.22191
1.22191
1.22191
1.22191
1.22191
1.22191
1.22191
1.22191
1.22191
1.22191
1.22191
1.22191
1.22191
1.22191
1.22191
1.22191
1.22191
1.22191
1.22191
1.22191
1.22191
1.22191
1.22191
1.22191
1.22191
1.22191
1.22191
1.22191
1.22191
1.22191
1.22191
1.22191
1.22191
1.22191
1.22191
1.22191
1.22191
1.22191
1.22191
1.22191
1.22191
1.22191
1.22191
1.22191
1.22191
1.22191
1.22191
1.22191
1.22191
1.22191
1.22191
1.22191
1.22191
1.22191
1.22191
1.22191
1.22191
1.22191
1.22191
1.22191
1.22191
1.22191
1.22191
1.22191
1.22191
1.22191
1.22191
1.22191
1.22191
1.22191
1.22191
1.22191
1.22191
1.22191
1.22191
1.22191
1.22191
1.22191
1.22191
1.22191
1.22191
1.22191
1.22191
1.22191
1.22191
1.22191
1.22191
1.22191
1.22191
1.22191
1.22191
1.22191
1.22191
1.22191
1.22191
1.22191
1.22191
1.22191
1.22191
1.22191
1.22191
1.22191
1.22191
1.22191
1.22191
1.22191
1.22191
1.22191
1.22191
1.22191
1.22191
1.22191
1.22191
1.22191
1.22191
1.22191
1.22191
1.22191
1.22191
1.22191
1.22191
1.22191
1.22191
1.22191
1.22191
1.22191
1.22191
1.22191
1.22191
1.22191
1.22191
1.22191
1.22191
1.22191
1.22191
1.22191
1.22191
1.22191
1.22191
1.22191
1.22191
1.22191
1.22191
1.22191
1.22191
1.22191
1.22191
1.22191
1.22191
1.22191
1.22191
1.22191
1.22191
1.22191
1.22191
1.22191
1.22191
1.22191
1.22191
1.22191
1.22191
1.22191
1.22191
1.22191
1.22191
1.22191
1.22191
1.22191
1.22191
1.22191
1.22191
1.22191
1.22191
1.22191
1.22191
1.22191
1.22191
1.22191
1.22191
1.22191
1.22191
1.22191
1.22191
1.22191
1.22191
1.22191
1.22191
1.22191
1.22191
1.22191
1.22191
1.22191
1.22191
1.22191
1.22191
1.22191
1.22191
1.22191
1.22191
1.22191
1.22191
1.22191
1.22191
1.22191
1.22191
1.22191
1.22191
1.22191
1.22191
1.22191
1.22191
1.22191
1.22191
1.22191
1.22191
1.22191
1.22191
1.22191
1.22191
1.22191
1.22191
1.22191
1.22191
1.22191
1.22191
1.22191
1.22191
1.22191
1.22191
1.22191
1.22191
1.22191
1.22191
1.22191
1.22191
1.22191
1.22191
1.22191
1.22191
1.22191
1.22191
1.22191
1.22191
1.22191
1.22191
1.22191
1.22191
1.22191
1.22191
1.22191
1.22191
1.22191
1.22191
1.22191
1.22191
1.22191
1.22191
1.22191
1.22191
1.22191
1.22191
1.22191
1.22191
1.22191
1.22191
1.22191
1.22191
1.22191
1.22191
1.22191
1.22191
1.22191
1.22191
1.22191
1.22191
1.22191
1.22191
1.22191
1.22191
1.22191
1.22191
1.22191
1.22191
1.22191
1.22191
1.22191
1.22191
1.22191
1.22191
1.22191
1.22191
1.22191
1.22191
1.22191
1.22191
1.22191
1.22191
1.22191
1.22191
1.22191
1.22191
1.22191
1.22191
1.22191
1.22191
1.22191
1.22191
1.22191
1.22191
1.22191
1.22191
1.22191
1.22191
1.22191
1.22191
1.22191
1.22191
1.22191
1.22191
1.22191
1.22191
1.22191
1.22191
1.22191
1.22191
1.22191
1.22191
1.22191
1.22191
1.22191
1.22191
1.22191
1.22191
1.22191
1.22191
1.22191
1.22191
1.22191
1.22191
1.22191
1.22191
1.22191
1.22191
1.22191
1.22191
1.22191
1.22191
1.22191
1.22191
1.22191
1.22191
1.22191
1.22191
1.22191
1.22191
1.22191
1.22191
1.22191
1.22191
1.22191
1.22191
1.22191
1.22191
1.22191
1.22191
1.22191
1.22191
1.22191
1.22191
1.22191
1.22191
1.22191
1.22191
1.22191
1.22191
1.22191
1.22191
1.22191
1.22191
1.22191
1.22191
1.22191
1.22191
1.22191
1.22191
1.22191
1.22191
1.22191
1.22191
1.22191
1.22191
1.22191
1.22191
1.22191
1.22191
1.22191
1.22191
1.22191
1.22191
1.22191
1.22191
1.22191
1.22191
1.22191
1.22191
1.22191
1.22191
1.22191
1.22191
1.22191
1.22191
1.22191
1.22191
1.22191
1.22191
1.22191
1.22191
1.22191
1.22191
1.22191
1.22191
1.22191
1.22191
1.22191
1.22191
1.22191
1.22191
1.22191
1.22191
1.22191
1.22191
1.22191
1.22191
1.22191
1.22191
1.22191
1.22191
1.22191
1.22191
1.22191
1.22191
1.22191
1.22191
1.22191
1.22191
1.22191
1.22191
1.22191
1.22191
1.22191
1.22191
1.22191
1.22191
1.22191
1.22191
1.22191
1.22191
1.22191
1.22191
1.22191
1.22191
1.22191
1.22191
1.22191
1.22191
1.22191
1.22191
1.22191
1.22191
1.22191
1.22191
1.22191
1.22191
1.22191
1.22191
1.22191
1.22191
1.22191
1.22191
1.22191
1.22191
1.22191
1.22191
1.22191
1.22191
1.22191
1.22191
1.22191
1.22191
1.22191
1.22191
1.22191
1.22191
1.22191
1.22191
1.22191
1.22191
1.22191
1.22191
1.22191
1.22191
1.22191
1.22191
1.22191
1.22191
1.22191
1.22191
1.22191
1.22191
1.22191
1.22191
1.22191
1.22191
1.22191
1.22191
1.22191
1.22191
1.22191
1.22191
1.22191
1.22191
1.22191
1.22191
1.22191
1.22191
1.22191
1.22191
1.22191
1.22191
1.22191
1.22191
1.22191
1.22191
1.22191
1.22191
1.22191
1.22191
1.22191
1.22191
1.22191
1.22191
1.22191
1.22191
1.22191
1.22191
1.22191
1.22191
1.22191
1.22191
1.22191
1.22191
1.22191
1.22191
1.22191
1.22191
1.22191
1.22191
1.22191
1.22191
1.22191
1.22191
1.22191
1.22191
1.22191
1.22191
1.22191
1.22191
1.22191
1.22191
1.22191
1.22191
1.22191
1.22191
1.22191
1.22191
1.22191
1.22191
1.22191
1.22191
1.22191
1.22191
1.22191
1.22191
1.22191
1.22191
1.22191
1.22191
1.22191
1.22191
1.22191
1.22191
1.22191
1.22191
1.22191
1.22191
1.22191
1.22191
1.22191
1.22191
1.22191
1.22191
1.22191
1.22191
1.22191
1.22191
1.22191
1.22191
1.22191
1.22191
1.22191
1.22191
1.22191
1.22191
1.22191
1.22191
1.22191
1.22191
1.22191
1.22191
1.22191
1.22191
1.22191
1.22191
1.22191
1.22191
1.22191
1.22191
1.22191
1.22191
1.22191
1.22191
1.22191
1.22191
1.22191
1.22191
1.22191
1.22191
1.22191
1.22191
1.22191
1.22191
1.22191
1.22191
1.22191
1.22191
1.22191
1.22191
1.22191
1.22191
1.22191
1.22191
1.22191
1.22191
1.22191
1.22191
1.22191
1.22191
1.22191
1.22191
1.22191
1.22191
1.22191
1.22191
1.22191
1.22191
1.22191
1.22191
1.22191
1.22191
1.22191
1.22191
1.22191
1.22191
1.22191
1.22191
1.22191
1.22191
1.22191
1.22191
1.22191
1.22191
1.22191
1.22191
1.22191
1.22191
1.22191
1.22191
1.22191
1.22191
1.22191
1.22191
1.22191
1.22191
1.22191
1.22191
1.22191
1.22191
1.22191
1.22191
1.22191
1.22191
1.22191
1.22191
1.22191
1.22191
1.22191
1.22191
1.22191
1.22191
1.22191
1.22191
1.22191
1.22191
1.22191
1.22191
1.22191
1.22191
1.22191
1.22191
1.22191
1.22191
1.22191
1.22191
1.22191
1.22191
1.22191
1.22191
1.22191
1.22191
1.22191
1.22191
1.22191
1.22191
1.22191
1.22191
1.22191
1.22191
1.22191
1.22191
1.22191
1.22191
1.22191
1.22191
1.22191
1.22191
1.22191
1.22191
1.22191
1.22191
1.22191
1.22191
1.22191
1.22191
1.22191
1.22191
1.22191
1.22191
1.22191
1.22191
1.22191
1.22191
1.22191
1.22191
1.22191
1.22191
1.22191
1.22191
1.22191
1.22191
1.22191
1.22191
1.22191
1.22191
1.22191
1.22191
1.22191
1.22191
1.22191
1.22191
1.22191
1.22191
1.22191
1.22191
1.22191
1.22191
1.22191
1.22191
1.22191
1.22191
1.22191
1.22191
1.22191
1.22191
1.22191
1.22191
1.22191
1.22191
1.22191
1.22191
1.22191
1.22191
1.22191
1.22191
1.22191
1.22191
1.22191
1.22191
1.22191
1.22191
1.22191
1.22191
1.22191
1.22191
1.22191
1.22191
1.22191
1.22191
1.22191
1.22191
1.22191
1.22191
1.22191
1.22191
1.22191
1.22191
1.22191
1.22191
1.22191
1.22191
1.22191
1.22191
1.22191
1.22191
1.22191
1.22191
1.22191
1.22191
1.22191
1.22191
1.22191
1.22191
1.22191
1.22191
1.22191
1.22191
1.22191
1.22191
1.22191
1.22191
1.22191
1.22191
1.22191
1.22191
1.22191
1.22191
1.22191
1.22191
1.22191
1.22191
1.22191
1.22191
1.22191
1.22191
1.22191
1.22191
1.22191
1.22191
1.22191
1.22191
1.22191
1.22191
1.22191
1.22191
1.22191
1.22191
1.22191
1.22191
1.22191
1.22191
1.22191
1.22191
1.22191
1.22191
1.22191
1.22191
1.22191
1.22191
1.22191
1.22191
1.22191
1.22191
1.22191
1.22191
1.22191
1.22191
1.22191
1.22191
1.22191
1.22191
1.22191
1.22191
1.22191
1.22191
1.22191
1.22191
1.22191
1.22191
1.22191
1.22191
1.22191
1.22191
1.22191
1.22191
1.22191
1.22191
1.22191
1.22191
1.22191
1.22191
1.22191
1.22191
1.22191
1.22191
1.22191
1.22191
1.22191
1.22191
1.22191
1.22191
1.22191
1.22191
1.22191
1.22191
1.22191
1.22191
1.22191
1.22191
1.22191
1.22191
1.22191
1.22191
1.22191
1.22191
1.22191
1.22191
1.22191
1.22191
1.22191
1.22191
1.22191
1.22191
1.22191
1.22191
1.22191
1.22191
1.22191
1.22191
1.22191
1.22191
1.22191
1.22191
1.22191
1.22191
1.22191
1.22191
1.22191
1.22191
1.22191
1.22191
1.22191
1.22191
1.22191
1.22191
1.22191
1.22191
1.22191
1.22191
1.22191
1.22191
1.22191
1.22191
1.22191
1.22191
1.22191
1.22191
1.22191
1.22191
1.22191
1.22191
1.22191
1.22191
1.22191
1.22191
1.22191
1.22191
1.22191
1.22191
1.22191
1.22191
1.22191
1.22191
1.22191
1.22191
1.22191
1.22191
1.22191
1.22191
1.22191
1.22191
1.22191
1.22191
1.22191
1.22191
1.22191
1.22191
1.22191
1.22191
1.22191
1.22191
1.22191
1.22191
1.22191
1.22191
1.22191
1.22191
1.22191
1.22191
1.22191
1.22191
1.22191
1.22191
1.22191
1.22191
1.22191
1.22191
1.22191
1.22191
1.22191
1.22191
1.22191
1.22191
1.22191
1.22191
1.22191
1.22191
1.22191
1.22191
1.22191
1.22191
1.22191
1.22191
1.22191
1.22191
1.22191
1.22191
1.22191
1.22191
1.22191
1.22191
1.22191
1.22191
1.22191
1.22191
1.22191
1.22191
1.22191
1.22191
1.22191
1.22191
1.22191
1.22191
1.22191
1.22191
1.22191
1.22191
1.22191
1.22191
1.22191
1.22191
1.22191
1.22191
1.22191
1.22191
1.22191
1.22191
1.22191
1.22191
1.22191
1.22191
1.22191
1.22191
1.22191
1.22191
1.22191
1.22191
1.22191
1.22191
1.22191
1.22191
1.22191
1.22191
1.22191
1.22191
1.22191
1.22191
1.22191
1.22191
1.22191
1.22191
1.22191
1.22191
1.22191
1.22191
1.22191
1.22191
1.22191
1.22191
1.22191
1.22191
1.22191
1.22191
1.22191
1.22191
1.22191
1.22191
1.22191
1.22191
1.22191
1.22191
1.22191
1.22191
1.22191
1.22191
1.22191
1.22191
1.22191
1.22191
1.22191
1.22191
1.22191
1.22191
1.22191
1.22191
1.22191
1.22191
1.22191
1.22191
1.22191
1.22191
1.22191
1.22191
1.22191
1.22191
1.22191
1.22191
1.22191
1.22191
1.22191
1.22191
1.22191
1.22191
1.22191
1.22191
1.22191
1.22191
1.22191
1.22191
1.22191
1.22191
1.22191
1.22191
1.22191
1.22191
1.22191
1.22191
1.22191
1.22191
1.22191
1.22191
1.22191
1.22191
1.22191
1.22191
1.22191
1.22191
1.22191
1.22191
1.22191
1.22191
1.22191
1.22191
1.22191
1.22191
1.22191
1.22191
1.22191
1.22191
1.22191
1.22191
1.22191
1.22191
1.22191
1.22191
1.22191
1.22191
1.22191
1.22191
1.22191
1.22191
1.22191
1.22191
1.22191
1.22191
1.22191
1.22191
1.22191
1.22191
1.22191
1.22191
1.22191
1.22191
1.22191
1.22191
1.22191
1.22191
1.22191
1.22191
1.22191
1.22191
1.22191
1.22191
1.22191
1.22191
1.22191
1.22191
1.22191
1.22191
1.22191
1.22191
1.22191
1.22191
1.22191
1.22191
1.22191
1.22191
1.22191
1.22191
1.22191
1.22191
1.22191
1.22191
1.22191
1.22191
1.22191
1.22191
1.22191
1.22191
1.22191
1.22191
1.22191
1.22191
1.22191
1.22191
1.22191
1.22191
1.22191
1.22191
1.22191
1.22191
1.22191
1.22191
1.22191
1.22191
1.22191
1.22191
1.22191
1.22191
1.22191
1.22191
1.22191
1.22191
1.22191
1.22191
1.22191
1.22191
1.22191
1.22191
1.22191
1.22191
1.22191
1.22191
1.22191
1.22191
1.22191
1.22191
1.22191
1.22191
1.22191
1.22191
1.22191
1.22191
1.22191
1.22191
1.22191
1.22191
1.46887
1.79998
2.10733
2.34744
2.59358
2.601
2.60793
2.5595
2.48075
2.42477
2.41704
2.40302
2.38235
2.35499
2.32894
2.31228
2.30355
2.30444
2.30661
2.30855
2.30864
2.30889
2.30955
2.31039
2.31111
2.31045
2.30886
2.30694
2.30555
2.30513
2.30569
2.30668
2.30785
2.30778
2.30733
2.30652
2.30602
2.30617
2.30654
2.30633
2.30595
2.30524
2.3044
2.30402
2.30374
2.30376
2.30392
2.30391
2.30396
2.30395
2.30383
2.30356
2.30325
2.30307
2.30288
2.30252
2.30219
2.30175
2.30145
2.30113
2.30077
2.30042
2.30011
2.29985
2.29968
2.29959
2.29967
2.29984
2.29991
2.29996
2.30009
2.30024
2.30042
2.30071
2.30107
1.24011
1.29798
1.42858
1.63065
1.82052
1.99648
2.16193
2.28122
2.28998
2.3072
2.33927
2.34447
2.32952
2.30457
2.28433
2.28019
2.28116
2.285
2.28593
2.2844
2.28238
2.28187
2.28376
2.28515
2.28632
2.2868
2.28693
2.28704
2.28752
2.28854
2.28963
2.29036
2.29088
2.29076
2.29018
2.2903
2.29087
2.29158
2.29261
2.293
2.2929
2.29248
2.2918
2.29162
2.2917
2.29196
2.29217
2.29248
2.29252
2.29258
2.29258
2.29249
2.29247
2.29261
2.29276
2.29284
2.29275
2.29267
2.29268
2.29269
2.29256
2.2924
2.2922
2.29205
2.29199
2.29203
2.29217
2.29233
2.29242
2.29259
2.29282
2.29311
2.29338
2.2939
2.29454
1.22292
1.2269
1.24338
1.29906
1.43957
1.65669
1.96335
2.22041
2.25728
2.27114
2.30366
2.30318
2.2925
2.28234
2.2765
2.27608
2.27781
2.27974
2.27856
2.27498
2.26962
2.26643
2.26711
2.26813
2.26956
2.27083
2.27223
2.27371
2.27537
2.27763
2.27797
2.27789
2.27747
2.27673
2.27619
2.27696
2.27784
2.27933
2.2806
2.28054
2.28014
2.27936
2.27851
2.27814
2.27822
2.27858
2.27905
2.2796
2.27987
2.2801
2.28025
2.28034
2.28058
2.28089
2.28119
2.28153
2.28168
2.28179
2.28191
2.28191
2.28179
2.28159
2.28135
2.28126
2.2813
2.28144
2.28166
2.2819
2.28218
2.28252
2.28287
2.28326
2.28365
2.28415
2.28497
1.22196
1.22215
1.22306
1.2271
1.24348
1.29818
1.44251
1.73448
2.01739
2.19669
2.2894
2.28654
2.28714
2.29528
2.29988
2.2972
2.29365
2.28947
2.2859
2.28223
2.27577
2.27084
2.26756
2.26715
2.26755
2.26838
2.26957
2.27116
2.27301
2.27504
2.27536
2.2753
2.27459
2.27347
2.27354
2.27389
2.27484
2.2762
2.27738
2.27704
2.2766
2.27579
2.27479
2.27399
2.27394
2.27407
2.27443
2.27487
2.2752
2.2755
2.27569
2.27577
2.27593
2.27623
2.27642
2.27648
2.27653
2.27657
2.27666
2.27648
2.27616
2.27575
2.27533
2.27504
2.27498
2.27507
2.27528
2.27556
2.27591
2.27634
2.27673
2.27704
2.27745
2.2778
2.27847
1.22192
1.22192
1.22196
1.22214
1.22295
1.22669
1.24112
1.30765
1.46525
1.76318
2.05888
2.20943
2.27911
2.31482
2.31145
2.30103
2.30003
2.3002
2.29766
2.29271
2.28401
2.27593
2.2706
2.26834
2.26857
2.26967
2.27137
2.2734
2.27523
2.27632
2.27632
2.27596
2.27507
2.27429
2.27448
2.27497
2.27585
2.27687
2.2777
2.27718
2.27639
2.27567
2.27488
2.27416
2.274
2.27411
2.27435
2.27466
2.27495
2.27516
2.27525
2.2752
2.27538
2.27557
2.2757
2.27588
2.27608
2.27606
2.27586
2.27534
2.27463
2.27395
2.27333
2.27288
2.27276
2.27289
2.27318
2.27361
2.27407
2.27458
2.27506
2.27551
2.27592
2.27613
2.27647
1.22191
1.22191
1.22191
1.22192
1.22196
1.22212
1.22288
1.22692
1.24444
1.31231
1.49076
1.79508
2.1226
2.26312
2.28209
2.29429
2.30425
2.31006
2.30684
2.29754
2.28508
2.27725
2.27261
2.27057
2.27097
2.27187
2.27317
2.27483
2.2765
2.27711
2.27704
2.27665
2.27597
2.27574
2.27573
2.27591
2.27629
2.27682
2.27732
2.27674
2.27592
2.27542
2.27481
2.27426
2.27422
2.27442
2.27477
2.27516
2.27552
2.27576
2.27585
2.27583
2.27605
2.27616
2.27636
2.27666
2.27682
2.27683
2.27644
2.27577
2.27489
2.274
2.2732
2.27256
2.27237
2.2725
2.27279
2.27326
2.27377
2.27432
2.27484
2.27538
2.27585
2.27627
2.27649
1.22191
1.22191
1.22191
1.22191
1.22191
1.22192
1.22195
1.22213
1.22303
1.22737
1.24898
1.32855
1.5612
1.84904
2.10951
2.28213
2.29819
2.29576
2.29532
2.28946
2.28531
2.28031
2.27746
2.27578
2.27456
2.27379
2.27456
2.27534
2.27619
2.27696
2.27728
2.27707
2.2764
2.2761
2.27601
2.27604
2.27628
2.2767
2.27715
2.2768
2.27618
2.27576
2.27524
2.2749
2.27502
2.27535
2.27579
2.27621
2.27659
2.27684
2.27691
2.27687
2.27693
2.27701
2.27719
2.27748
2.27762
2.2774
2.27684
2.27594
2.27498
2.27394
2.27306
2.27236
2.27227
2.27244
2.27279
2.27333
2.27397
2.27467
2.27532
2.27593
2.27636
2.27697
2.27709
1.22191
1.22191
1.22191
1.22191
1.22191
1.22191
1.22191
1.22192
1.22196
1.22216
1.22332
1.22888
1.2588
1.35716
1.59977
1.92815
2.14732
2.2216
2.26347
2.27214
2.28984
2.29336
2.29017
2.2844
2.2793
2.27621
2.27553
2.27569
2.27565
2.27615
2.27656
2.27644
2.27576
2.27551
2.27555
2.27571
2.27613
2.27683
2.27733
2.27726
2.27701
2.27662
2.27607
2.27587
2.27605
2.27644
2.27697
2.27732
2.27759
2.27771
2.27765
2.27763
2.27764
2.27773
2.27794
2.27819
2.27832
2.27792
2.27726
2.27646
2.27547
2.27447
2.27371
2.27313
2.27308
2.27317
2.27347
2.27397
2.27463
2.27538
2.27611
2.27668
2.27715
2.2778
2.27766
1.22191
1.22191
1.22191
1.22191
1.22191
1.22191
1.22191
1.22191
1.22191
1.22192
1.22197
1.22224
1.22378
1.23169
1.26795
1.40175
1.66531
2.02543
2.22349
2.26305
2.3056
2.31056
2.30709
2.29604
2.28645
2.28093
2.27722
2.27524
2.2748
2.27562
2.27608
2.27588
2.27565
2.27537
2.27529
2.27555
2.27634
2.27707
2.27779
2.27785
2.27767
2.27715
2.27673
2.27684
2.2771
2.27758
2.27818
2.27835
2.27842
2.27833
2.27806
2.27799
2.27801
2.27812
2.27835
2.27854
2.27851
2.27812
2.27759
2.27684
2.27599
2.27522
2.27462
2.27421
2.27421
2.27432
2.27463
2.2751
2.27574
2.27644
2.27703
2.27752
2.27787
2.27841
2.27815
1.22191
1.22191
1.22191
1.22191
1.22191
1.22191
1.22191
1.22191
1.22191
1.22191
1.22192
1.22193
1.22199
1.22238
1.22446
1.23675
1.28456
1.46145
1.74421
2.00623
2.23352
2.29766
2.29459
2.29666
2.29106
2.2858
2.27906
2.27531
2.27563
2.27644
2.27752
2.27716
2.27578
2.27486
2.27492
2.27556
2.27643
2.27748
2.27771
2.27767
2.27728
2.27686
2.27723
2.27759
2.27824
2.27894
2.27945
2.27943
2.27922
2.27889
2.27853
2.27834
2.27825
2.27825
2.27842
2.27864
2.27835
2.27801
2.27754
2.277
2.27645
2.27603
2.27569
2.27556
2.27561
2.27579
2.27611
2.27651
2.27706
2.27753
2.27782
2.27811
2.2783
2.27862
2.27827
1.22191
1.22191
1.22191
1.22191
1.22191
1.22191
1.22191
1.22191
1.22191
1.22191
1.22191
1.22191
1.22192
1.22193
1.22203
1.22262
1.22561
1.24236
1.313
1.50232
1.83081
2.08984
2.21183
2.28796
2.28876
2.28157
2.27732
2.27662
2.27874
2.28105
2.28017
2.27786
2.27483
2.2735
2.27384
2.2749
2.27634
2.27669
2.27671
2.2764
2.27601
2.27643
2.27714
2.278
2.27901
2.27988
2.28052
2.28041
2.2799
2.27942
2.27884
2.27837
2.27809
2.27801
2.27801
2.27801
2.27779
2.27759
2.27732
2.27706
2.27684
2.27674
2.27667
2.27687
2.27704
2.27732
2.27759
2.27791
2.27818
2.2783
2.27831
2.27832
2.27831
2.27842
2.27805
1.22191
1.22191
1.22191
1.22191
1.22191
1.22191
1.22191
1.22191
1.22191
1.22191
1.22191
1.22191
1.22191
1.22191
1.22192
1.22194
1.22208
1.22294
1.22796
1.25178
1.35847
1.58078
1.91227
2.18074
2.22159
2.24647
2.27248
2.27542
2.28226
2.28504
2.28246
2.27571
2.27041
2.27036
2.27185
2.27388
2.27546
2.27568
2.27553
2.27521
2.27489
2.27567
2.2767
2.27782
2.2791
2.28019
2.28099
2.28103
2.28038
2.27982
2.27911
2.27832
2.27754
2.2773
2.27715
2.27719
2.27721
2.27725
2.27723
2.27716
2.27714
2.27727
2.27758
2.27793
2.27823
2.27854
2.27878
2.27889
2.27885
2.27866
2.27845
2.27817
2.27793
2.27795
2.27762
1.22191
1.22191
1.22191
1.22191
1.22191
1.22191
1.22191
1.22191
1.22191
1.22191
1.22191
1.22191
1.22191
1.22191
1.22191
1.22191
1.22192
1.22196
1.22219
1.22353
1.23196
1.26843
1.40406
1.69145
1.97651
2.21671
2.28527
2.28026
2.29084
2.28657
2.27973
2.2706
2.2698
2.27058
2.27246
2.2742
2.27521
2.27536
2.27516
2.27509
2.27501
2.27567
2.2767
2.27751
2.27868
2.27991
2.28094
2.28121
2.2806
2.27985
2.2789
2.27779
2.27689
2.27671
2.27669
2.27684
2.27713
2.27731
2.27734
2.27735
2.27735
2.27768
2.27822
2.27864
2.27907
2.27935
2.27944
2.27934
2.27911
2.27873
2.27826
2.27778
2.27744
2.27742
2.27726
1.22191
1.22191
1.22191
1.22191
1.22191
1.22191
1.22191
1.22191
1.22191
1.22191
1.22191
1.22191
1.22191
1.22191
1.22191
1.22191
1.22191
1.22191
1.22192
1.22199
1.22239
1.22464
1.237
1.29602
1.4698
1.8009
2.06921
2.18753
2.26357
2.26883
2.26657
2.26911
2.27269
2.2738
2.27555
2.27642
2.27658
2.2763
2.2758
2.27551
2.27521
2.27577
2.27674
2.27732
2.27844
2.27966
2.28069
2.28089
2.28033
2.27951
2.27834
2.27731
2.27687
2.27688
2.27706
2.27734
2.27759
2.27768
2.27764
2.27756
2.27766
2.27803
2.27863
2.2791
2.2795
2.27971
2.27967
2.2795
2.27912
2.27853
2.27784
2.27737
2.27717
2.27713
2.27717
1.22191
1.22191
1.22191
1.22191
1.22191
1.22191
1.22191
1.22191
1.22191
1.22191
1.22191
1.22191
1.22191
1.22191
1.22191
1.22191
1.22191
1.22191
1.22191
1.22192
1.22193
1.22204
1.22269
1.22676
1.24687
1.34229
1.56031
1.89517
2.15626
2.20877
2.24553
2.27866
2.27988
2.28022
2.27928
2.27935
2.27812
2.27685
2.2765
2.27625
2.27607
2.27637
2.27684
2.27756
2.27847
2.27948
2.28026
2.28028
2.27987
2.27903
2.27805
2.27755
2.27763
2.27782
2.27804
2.27825
2.27829
2.27821
2.27798
2.27788
2.27805
2.27837
2.27889
2.2793
2.27964
2.27975
2.27972
2.27945
2.27894
2.27816
2.27756
2.27733
2.27722
2.27729
2.27738
1.22191
1.22191
1.22191
1.22191
1.22191
1.22191
1.22191
1.22191
1.22191
1.22191
1.22191
1.22191
1.22191
1.22191
1.22191
1.22191
1.22191
1.22191
1.22191
1.22191
1.22191
1.22192
1.22195
1.22214
1.22328
1.23079
1.26474
1.40135
1.68567
1.96811
2.21944
2.27915
2.26891
2.26629
2.274
2.27603
2.27525
2.276
2.2762
2.27654
2.27669
2.27707
2.27758
2.2782
2.27892
2.2798
2.28001
2.28001
2.27969
2.27903
2.2786
2.27854
2.27873
2.27897
2.27912
2.27916
2.27893
2.27873
2.27839
2.27835
2.27837
2.27868
2.27901
2.27931
2.27956
2.27969
2.2796
2.27924
2.27867
2.27795
2.27771
2.27769
2.27774
2.27789
2.27783
1.22191
1.22191
1.22191
1.22191
1.22191
1.22191
1.22191
1.22191
1.22191
1.22191
1.22191
1.22191
1.22191
1.22191
1.22191
1.22191
1.22191
1.22191
1.22191
1.22191
1.22191
1.22191
1.22191
1.22192
1.22198
1.22235
1.22449
1.23723
1.29921
1.48052
1.8217
2.07247
2.17247
2.22952
2.26183
2.26861
2.27196
2.27442
2.27616
2.27742
2.27812
2.27808
2.27818
2.27865
2.27964
2.27996
2.2803
2.2804
2.2802
2.27975
2.27954
2.27951
2.27958
2.27969
2.27984
2.27982
2.27949
2.27926
2.27897
2.27878
2.27863
2.27891
2.27912
2.27932
2.27956
2.27965
2.27945
2.27901
2.27855
2.2782
2.27824
2.27834
2.27854
2.27875
2.27838
1.22191
1.22191
1.22191
1.22191
1.22191
1.22191
1.22191
1.22191
1.22191
1.22191
1.22191
1.22191
1.22191
1.22191
1.22191
1.22191
1.22191
1.22191
1.22191
1.22191
1.22191
1.22191
1.22191
1.22191
1.22192
1.22193
1.22204
1.22273
1.22724
1.25008
1.3548
1.60154
1.94329
2.18405
2.23781
2.26389
2.27478
2.27624
2.27817
2.27997
2.28007
2.27878
2.27861
2.27944
2.28059
2.28083
2.28123
2.28143
2.28114
2.28059
2.28011
2.27981
2.27966
2.27973
2.27987
2.27992
2.27972
2.27962
2.27945
2.27924
2.27903
2.27915
2.27934
2.27945
2.27955
2.27954
2.27932
2.27898
2.27874
2.2788
2.27901
2.27927
2.27951
2.27948
2.27887
1.22191
1.22191
1.22191
1.22191
1.22191
1.22191
1.22191
1.22191
1.22191
1.22191
1.22191
1.22191
1.22191
1.22191
1.22191
1.22191
1.22191
1.22191
1.22191
1.22191
1.22191
1.22191
1.22191
1.22191
1.22191
1.22191
1.22192
1.22195
1.22218
1.22352
1.23261
1.27226
1.43123
1.7355
2.00324
2.17658
2.25426
2.27028
2.27889
2.28196
2.28022
2.27772
2.27774
2.27911
2.28068
2.28145
2.28235
2.28228
2.28166
2.28055
2.27936
2.27902
2.27901
2.27936
2.27967
2.28004
2.2801
2.28008
2.27993
2.27961
2.27943
2.27938
2.27942
2.27948
2.27954
2.27955
2.27944
2.27924
2.27938
2.27958
2.27994
2.28026
2.28033
2.27997
2.27919
1.22191
1.22191
1.22191
1.22191
1.22191
1.22191
1.22191
1.22191
1.22191
1.22191
1.22191
1.22191
1.22191
1.22191
1.22191
1.22191
1.22191
1.22191
1.22191
1.22191
1.22191
1.22191
1.22191
1.22191
1.22191
1.22191
1.22191
1.22191
1.22192
1.22199
1.22246
1.22514
1.24152
1.31611
1.53819
1.90018
2.13596
2.22268
2.27046
2.2829
2.27791
2.27395
2.27537
2.27847
2.28036
2.28205
2.28321
2.28229
2.28094
2.27888
2.27798
2.27813
2.27858
2.27921
2.27978
2.28057
2.2807
2.28064
2.28047
2.28008
2.27985
2.27958
2.27949
2.27962
2.27975
2.27986
2.27989
2.2799
2.28014
2.28048
2.28086
2.28113
2.2809
2.28039
2.27939
1.22191
1.22191
1.22191
1.22191
1.22191
1.22191
1.22191
1.22191
1.22191
1.22191
1.22191
1.22191
1.22191
1.22191
1.22191
1.22191
1.22191
1.22191
1.22191
1.22191
1.22191
1.22191
1.22191
1.22191
1.22191
1.22191
1.22191
1.22191
1.22191
1.22192
1.22194
1.22208
1.22302
1.22926
1.25899
1.39699
1.66793
1.99738
2.20983
2.25106
2.25605
2.26372
2.27219
2.27721
2.28012
2.28351
2.28317
2.28119
2.27909
2.27719
2.27701
2.27748
2.27846
2.27943
2.28019
2.28126
2.28131
2.28125
2.28096
2.28041
2.27998
2.27966
2.27974
2.28002
2.28032
2.2805
2.28061
2.28077
2.28095
2.2813
2.28158
2.28176
2.28125
2.28063
2.27957
1.22191
1.22191
1.22191
1.22191
1.22191
1.22191
1.22191
1.22191
1.22191
1.22191
1.22191
1.22191
1.22191
1.22191
1.22191
1.22191
1.22191
1.22191
1.22191
1.22191
1.22191
1.22191
1.22191
1.22191
1.22191
1.22191
1.22191
1.22191
1.22191
1.22191
1.22191
1.22192
1.22197
1.2223
1.22423
1.23765
1.29554
1.5045
1.84298
2.08158
2.2275
2.27193
2.26955
2.26961
2.27723
2.2836
2.28224
2.28053
2.27785
2.27726
2.27766
2.27858
2.27944
2.28008
2.28085
2.28156
2.2816
2.28138
2.28081
2.28014
2.2797
2.27975
2.28009
2.28067
2.28103
2.28131
2.28144
2.28151
2.28163
2.28185
2.28209
2.28201
2.28135
2.28075
2.27969
1.22191
1.22191
1.22191
1.22191
1.22191
1.22191
1.22191
1.22191
1.22191
1.22191
1.22191
1.22191
1.22191
1.22191
1.22191
1.22191
1.22191
1.22191
1.22191
1.22191
1.22191
1.22191
1.22191
1.22191
1.22191
1.22191
1.22191
1.22191
1.22191
1.22191
1.22191
1.22191
1.22192
1.22193
1.22203
1.22277
1.22726
1.25316
1.36541
1.63383
1.97784
2.18032
2.2252
2.25563
2.28034
2.28405
2.2826
2.28002
2.27837
2.27878
2.27993
2.28031
2.28003
2.27998
2.28066
2.28115
2.28132
2.28092
2.28021
2.27966
2.27964
2.27989
2.28056
2.28139
2.28178
2.28206
2.28199
2.28187
2.28191
2.28208
2.2823
2.28204
2.28132
2.28078
2.27964
1.22191
1.22191
1.22191
1.22191
1.22191
1.22191
1.22191
1.22191
1.22191
1.22191
1.22191
1.22191
1.22191
1.22191
1.22191
1.22191
1.22191
1.22191
1.22191
1.22191
1.22191
1.22191
1.22191
1.22191
1.22191
1.22191
1.22191
1.22191
1.22191
1.22191
1.22191
1.22191
1.22191
1.22191
1.22192
1.22195
1.2222
1.22385
1.23511
1.28999
1.51194
1.82086
2.09403
2.26655
2.26863
2.264
2.27202
2.27616
2.27806
2.28058
2.28031
2.27958
2.27938
2.27943
2.28022
2.28073
2.28083
2.28033
2.27971
2.27964
2.27987
2.28075
2.28188
2.28215
2.28243
2.28234
2.28187
2.28177
2.28182
2.28207
2.28241
2.28184
2.28127
2.28071
2.27945
1.22191
1.22191
1.22191
1.22191
1.22191
1.22191
1.22191
1.22191
1.22191
1.22191
1.22191
1.22191
1.22191
1.22191
1.22191
1.22191
1.22191
1.22191
1.22191
1.22191
1.22191
1.22191
1.22191
1.22191
1.22191
1.22191
1.22191
1.22191
1.22191
1.22191
1.22191
1.22191
1.22191
1.22191
1.22191
1.22191
1.22193
1.22201
1.22269
1.22688
1.25546
1.366
1.65196
1.9885
2.14163
2.21456
2.26154
2.27344
2.28237
2.28185
2.28042
2.2782
2.27801
2.27867
2.28019
2.28039
2.28013
2.27974
2.27982
2.28006
2.28123
2.28269
2.28292
2.28296
2.28264
2.28179
2.2813
2.2814
2.28172
2.28227
2.28243
2.28175
2.28132
2.28045
2.27905
1.22191
1.22191
1.22191
1.22191
1.22191
1.22191
1.22191
1.22191
1.22191
1.22191
1.22191
1.22191
1.22191
1.22191
1.22191
1.22191
1.22191
1.22191
1.22191
1.22191
1.22191
1.22191
1.22191
1.22191
1.22191
1.22191
1.22191
1.22191
1.22191
1.22191
1.22191
1.22191
1.22191
1.22191
1.22191
1.22191
1.22191
1.22192
1.22195
1.22218
1.22402
1.23515
1.29529
1.51276
1.8374
2.15596
2.25229
2.25287
2.27056
2.27603
2.27422
2.27391
2.27595
2.27886
2.27988
2.27955
2.27907
2.27936
2.28
2.2818
2.28371
2.284
2.2838
2.28308
2.28181
2.28077
2.28096
2.2813
2.28199
2.28267
2.28237
2.28176
2.28095
2.2796
2.27872
1.22191
1.22191
1.22191
1.22191
1.22191
1.22191
1.22191
1.22191
1.22191
1.22191
1.22191
1.22191
1.22191
1.22191
1.22191
1.22191
1.22191
1.22191
1.22191
1.22191
1.22191
1.22191
1.22191
1.22191
1.22191
1.22191
1.22191
1.22191
1.22191
1.22191
1.22191
1.22191
1.22191
1.22191
1.22191
1.22191
1.22191
1.22191
1.22191
1.22193
1.22202
1.22269
1.22744
1.25604
1.37977
1.70113
2.01196
2.14637
2.23252
2.26004
2.26621
2.27078
2.27641
2.27841
2.27831
2.27792
2.27853
2.2795
2.28168
2.28422
2.28458
2.28446
2.28353
2.28188
2.28071
2.28067
2.28081
2.28156
2.28245
2.28275
2.28203
2.28122
2.28001
2.27883
2.27878
1.22191
1.22191
1.22191
1.22191
1.22191
1.22191
1.22191
1.22191
1.22191
1.22191
1.22191
1.22191
1.22191
1.22191
1.22191
1.22191
1.22191
1.22191
1.22191
1.22191
1.22191
1.22191
1.22191
1.22191
1.22191
1.22191
1.22191
1.22191
1.22191
1.22191
1.22191
1.22191
1.22191
1.22191
1.22191
1.22191
1.22191
1.22191
1.22191
1.22191
1.22192
1.22195
1.22222
1.22421
1.23696
1.31366
1.5368
1.89892
2.16499
2.22347
2.24968
2.27219
2.27618
2.27679
2.2767
2.2775
2.2793
2.28134
2.28371
2.28411
2.28424
2.28331
2.28208
2.28028
2.27991
2.28018
2.28099
2.28195
2.28249
2.28196
2.28126
2.28023
2.27931
2.27898
2.2793
1.22191
1.22191
1.22191
1.22191
1.22191
1.22191
1.22191
1.22191
1.22191
1.22191
1.22191
1.22191
1.22191
1.22191
1.22191
1.22191
1.22191
1.22191
1.22191
1.22191
1.22191
1.22191
1.22191
1.22191
1.22191
1.22191
1.22191
1.22191
1.22191
1.22191
1.22191
1.22191
1.22191
1.22191
1.22191
1.22191
1.22191
1.22191
1.22191
1.22191
1.22191
1.22191
1.22193
1.22204
1.22284
1.22948
1.26378
1.42456
1.74182
2.016
2.22058
2.27528
2.27153
2.2698
2.27442
2.2792
2.28044
2.28226
2.2828
2.28259
2.28187
2.28118
2.27951
2.27925
2.27942
2.28019
2.28104
2.28168
2.28143
2.28097
2.28038
2.27967
2.27951
2.27972
2.28037
1.22191
1.22191
1.22191
1.22191
1.22191
1.22191
1.22191
1.22191
1.22191
1.22191
1.22191
1.22191
1.22191
1.22191
1.22191
1.22191
1.22191
1.22191
1.22191
1.22191
1.22191
1.22191
1.22191
1.22191
1.22191
1.22191
1.22191
1.22191
1.22191
1.22191
1.22191
1.22191
1.22191
1.22191
1.22191
1.22191
1.22191
1.22191
1.22191
1.22191
1.22191
1.22191
1.22191
1.22192
1.22196
1.22234
1.22487
1.24273
1.33156
1.57598
1.93567
2.16643
2.22493
2.25641
2.28138
2.28175
2.28112
2.28091
2.28038
2.28057
2.28038
2.27989
2.27953
2.27925
2.27942
2.28004
2.28072
2.28066
2.28042
2.28029
2.27997
2.27961
2.2801
2.28066
2.28141
1.22191
1.22191
1.22191
1.22191
1.22191
1.22191
1.22191
1.22191
1.22191
1.22191
1.22191
1.22191
1.22191
1.22191
1.22191
1.22191
1.22191
1.22191
1.22191
1.22191
1.22191
1.22191
1.22191
1.22191
1.22191
1.22191
1.22191
1.22191
1.22191
1.22191
1.22191
1.22191
1.22191
1.22191
1.22191
1.22191
1.22191
1.22191
1.22191
1.22191
1.22191
1.22191
1.22191
1.22191
1.22192
1.22193
1.22208
1.22324
1.23206
1.27949
1.49129
1.81751
2.10385
2.27164
2.27428
2.26554
2.27075
2.27586
2.2788
2.28059
2.28257
2.28219
2.28073
2.27927
2.27937
2.27967
2.27963
2.27972
2.2801
2.28031
2.28029
2.28057
2.28101
2.28148
2.28177
1.22191
1.22191
1.22191
1.22191
1.22191
1.22191
1.22191
1.22191
1.22191
1.22191
1.22191
1.22191
1.22191
1.22191
1.22191
1.22191
1.22191
1.22191
1.22191
1.22191
1.22191
1.22191
1.22191
1.22191
1.22191
1.22191
1.22191
1.22191
1.22191
1.22191
1.22191
1.22191
1.22191
1.22191
1.22191
1.22191
1.22191
1.22191
1.22191
1.22191
1.22191
1.22191
1.22191
1.22191
1.22191
1.22191
1.22192
1.22199
1.22254
1.22632
1.25387
1.36983
1.67941
2.03499
2.17603
2.21925
2.25416
2.27119
2.28147
2.28702
2.28831
2.28517
2.28147
2.27842
2.27812
2.27831
2.27901
2.28007
2.28108
2.2817
2.28164
2.2815
2.2813
2.28157
2.28144
1.22191
1.22191
1.22191
1.22191
1.22191
1.22191
1.22191
1.22191
1.22191
1.22191
1.22191
1.22191
1.22191
1.22191
1.22191
1.22191
1.22191
1.22191
1.22191
1.22191
1.22191
1.22191
1.22191
1.22191
1.22191
1.22191
1.22191
1.22191
1.22191
1.22191
1.22191
1.22191
1.22191
1.22191
1.22191
1.22191
1.22191
1.22191
1.22191
1.22191
1.22191
1.22191
1.22191
1.22191
1.22191
1.22191
1.22191
1.22192
1.22194
1.22217
1.22408
1.23672
1.31113
1.55007
1.88388
2.15725
2.24464
2.26053
2.27858
2.28866
2.28735
2.28232
2.2764
2.27545
2.27619
2.27804
2.28006
2.2823
2.28365
2.28329
2.28245
2.28163
2.28108
2.28087
2.28045
1.22191
1.22191
1.22191
1.22191
1.22191
1.22191
1.22191
1.22191
1.22191
1.22191
1.22191
1.22191
1.22191
1.22191
1.22191
1.22191
1.22191
1.22191
1.22191
1.22191
1.22191
1.22191
1.22191
1.22191
1.22191
1.22191
1.22191
1.22191
1.22191
1.22191
1.22191
1.22191
1.22191
1.22191
1.22191
1.22191
1.22191
1.22191
1.22191
1.22191
1.22191
1.22191
1.22191
1.22191
1.22191
1.22191
1.22191
1.22191
1.22191
1.22193
1.22203
1.22288
1.22952
1.27044
1.44888
1.82023
2.11364
2.22053
2.27691
2.29216
2.28405
2.27061
2.27083
2.27337
2.27669
2.27975
2.28371
2.28647
2.28605
2.28473
2.28272
2.28117
2.28011
2.27971
2.27984
1.22191
1.22191
1.22191
1.22191
1.22191
1.22191
1.22191
1.22191
1.22191
1.22191
1.22191
1.22191
1.22191
1.22191
1.22191
1.22191
1.22191
1.22191
1.22191
1.22191
1.22191
1.22191
1.22191
1.22191
1.22191
1.22191
1.22191
1.22191
1.22191
1.22191
1.22191
1.22191
1.22191
1.22191
1.22191
1.22191
1.22191
1.22191
1.22191
1.22191
1.22191
1.22191
1.22191
1.22191
1.22191
1.22191
1.22191
1.22191
1.22191
1.22191
1.22192
1.22197
1.22238
1.22586
1.24776
1.37332
1.65511
2.00987
2.22795
2.26466
2.26126
2.26253
2.26815
2.27474
2.28024
2.28555
2.28927
2.28838
2.28671
2.28404
2.28149
2.2799
2.27918
2.27928
2.27973
1.22191
1.22191
1.22191
1.22191
1.22191
1.22191
1.22191
1.22191
1.22191
1.22191
1.22191
1.22191
1.22191
1.22191
1.22191
1.22191
1.22191
1.22191
1.22191
1.22191
1.22191
1.22191
1.22191
1.22191
1.22191
1.22191
1.22191
1.22191
1.22191
1.22191
1.22191
1.22191
1.22191
1.22191
1.22191
1.22191
1.22191
1.22191
1.22191
1.22191
1.22191
1.22191
1.22191
1.22191
1.22191
1.22191
1.22191
1.22191
1.22191
1.22191
1.22191
1.22192
1.22194
1.22215
1.22373
1.23769
1.30751
1.55778
1.91683
2.13018
2.21655
2.2737
2.27743
2.27927
2.28544
2.29054
2.28975
2.28735
2.28404
2.28115
2.27961
2.27889
2.27906
2.27951
2.28072
1.22191
1.22191
1.22191
1.22191
1.22191
1.22191
1.22191
1.22191
1.22191
1.22191
1.22191
1.22191
1.22191
1.22191
1.22191
1.22191
1.22191
1.22191
1.22191
1.22191
1.22191
1.22191
1.22191
1.22191
1.22191
1.22191
1.22191
1.22191
1.22191
1.22191
1.22191
1.22191
1.22191
1.22191
1.22191
1.22191
1.22191
1.22191
1.22191
1.22191
1.22191
1.22191
1.22191
1.22191
1.22191
1.22191
1.22191
1.22191
1.22191
1.22191
1.22191
1.22191
1.22191
1.22193
1.22202
1.22295
1.22969
1.27552
1.46418
1.80718
2.15
2.25445
2.26051
2.27008
2.28484
2.2875
2.28587
2.28177
2.27931
2.27924
2.27932
2.27945
2.28011
2.28132
2.2828
1.22191
1.22191
1.22191
1.22191
1.22191
1.22191
1.22191
1.22191
1.22191
1.22191
1.22191
1.22191
1.22191
1.22191
1.22191
1.22191
1.22191
1.22191
1.22191
1.22191
1.22191
1.22191
1.22191
1.22191
1.22191
1.22191
1.22191
1.22191
1.22191
1.22191
1.22191
1.22191
1.22191
1.22191
1.22191
1.22191
1.22191
1.22191
1.22191
1.22191
1.22191
1.22191
1.22191
1.22191
1.22191
1.22191
1.22191
1.22191
1.22191
1.22191
1.22191
1.22191
1.22191
1.22191
1.22192
1.22197
1.22242
1.22618
1.25206
1.38489
1.75264
2.07435
2.19036
2.25198
2.28747
2.28296
2.2742
2.27403
2.27735
2.27929
2.28049
2.28161
2.28286
2.28385
2.28456
1.22191
1.22191
1.22191
1.22191
1.22191
1.22191
1.22191
1.22191
1.22191
1.22191
1.22191
1.22191
1.22191
1.22191
1.22191
1.22191
1.22191
1.22191
1.22191
1.22191
1.22191
1.22191
1.22191
1.22191
1.22191
1.22191
1.22191
1.22191
1.22191
1.22191
1.22191
1.22191
1.22191
1.22191
1.22191
1.22191
1.22191
1.22191
1.22191
1.22191
1.22191
1.22191
1.22191
1.22191
1.22191
1.22191
1.22191
1.22191
1.22191
1.22191
1.22191
1.22191
1.22191
1.22191
1.22191
1.22192
1.22194
1.22218
1.2243
1.23908
1.34221
1.60566
1.96292
2.2013
2.26839
2.26365
2.2642
2.27155
2.27983
2.28113
2.28277
2.28421
2.28433
2.28459
2.28512
1.22191
1.22191
1.22191
1.22191
1.22191
1.22191
1.22191
1.22191
1.22191
1.22191
1.22191
1.22191
1.22191
1.22191
1.22191
1.22191
1.22191
1.22191
1.22191
1.22191
1.22191
1.22191
1.22191
1.22191
1.22191
1.22191
1.22191
1.22191
1.22191
1.22191
1.22191
1.22191
1.22191
1.22191
1.22191
1.22191
1.22191
1.22191
1.22191
1.22191
1.22191
1.22191
1.22191
1.22191
1.22191
1.22191
1.22191
1.22191
1.22191
1.22191
1.22191
1.22191
1.22191
1.22191
1.22191
1.22191
1.22191
1.22193
1.22206
1.22314
1.23381
1.29369
1.52647
1.90143
2.13643
2.21904
2.26101
2.28721
2.28512
2.28284
2.28386
2.28427
2.2833
2.28331
2.28412
1.22191
1.22191
1.22191
1.22191
1.22191
1.22191
1.22191
1.22191
1.22191
1.22191
1.22191
1.22191
1.22191
1.22191
1.22191
1.22191
1.22191
1.22191
1.22191
1.22191
1.22191
1.22191
1.22191
1.22191
1.22191
1.22191
1.22191
1.22191
1.22191
1.22191
1.22191
1.22191
1.22191
1.22191
1.22191
1.22191
1.22191
1.22191
1.22191
1.22191
1.22191
1.22191
1.22191
1.22191
1.22191
1.22191
1.22191
1.22191
1.22191
1.22191
1.22191
1.22191
1.22191
1.22191
1.22191
1.22191
1.22191
1.22191
1.22192
1.22199
1.22271
1.22856
1.27038
1.45641
1.79743
2.13782
2.26167
2.26642
2.27124
2.27763
2.28152
2.28117
2.28008
2.28048
2.28236
1.22191
1.22191
1.22191
1.22191
1.22191
1.22191
1.22191
1.22191
1.22191
1.22191
1.22191
1.22191
1.22191
1.22191
1.22191
1.22191
1.22191
1.22191
1.22191
1.22191
1.22191
1.22191
1.22191
1.22191
1.22191
1.22191
1.22191
1.22191
1.22191
1.22191
1.22191
1.22191
1.22191
1.22191
1.22191
1.22191
1.22191
1.22191
1.22191
1.22191
1.22191
1.22191
1.22191
1.22191
1.22191
1.22191
1.22191
1.22191
1.22191
1.22191
1.22191
1.22191
1.22191
1.22191
1.22191
1.22191
1.22191
1.22191
1.22191
1.22192
1.22196
1.22237
1.22594
1.25271
1.39113
1.77498
2.10625
2.20685
2.25324
2.28581
2.28333
2.27709
2.27656
2.27822
2.2814
1.22191
1.22191
1.22191
1.22191
1.22191
1.22191
1.22191
1.22191
1.22191
1.22191
1.22191
1.22191
1.22191
1.22191
1.22191
1.22191
1.22191
1.22191
1.22191
1.22191
1.22191
1.22191
1.22191
1.22191
1.22191
1.22191
1.22191
1.22191
1.22191
1.22191
1.22191
1.22191
1.22191
1.22191
1.22191
1.22191
1.22191
1.22191
1.22191
1.22191
1.22191
1.22191
1.22191
1.22191
1.22191
1.22191
1.22191
1.22191
1.22191
1.22191
1.22191
1.22191
1.22191
1.22191
1.22191
1.22191
1.22191
1.22191
1.22191
1.22191
1.22192
1.22194
1.22218
1.22449
1.24007
1.3535
1.64555
1.99715
2.23685
2.2762
2.26815
2.26955
2.27338
2.27827
2.28112
1.22191
1.22191
1.22191
1.22191
1.22191
1.22191
1.22191
1.22191
1.22191
1.22191
1.22191
1.22191
1.22191
1.22191
1.22191
1.22191
1.22191
1.22191
1.22191
1.22191
1.22191
1.22191
1.22191
1.22191
1.22191
1.22191
1.22191
1.22191
1.22191
1.22191
1.22191
1.22191
1.22191
1.22191
1.22191
1.22191
1.22191
1.22191
1.22191
1.22191
1.22191
1.22191
1.22191
1.22191
1.22191
1.22191
1.22191
1.22191
1.22191
1.22191
1.22191
1.22191
1.22191
1.22191
1.22191
1.22191
1.22191
1.22191
1.22191
1.22191
1.22191
1.22191
1.22193
1.22208
1.22328
1.23531
1.30654
1.57264
1.97481
2.18524
2.23468
2.26017
2.28267
2.28294
2.28122
1.22191
1.22191
1.22191
1.22191
1.22191
1.22191
1.22191
1.22191
1.22191
1.22191
1.22191
1.22191
1.22191
1.22191
1.22191
1.22191
1.22191
1.22191
1.22191
1.22191
1.22191
1.22191
1.22191
1.22191
1.22191
1.22191
1.22191
1.22191
1.22191
1.22191
1.22191
1.22191
1.22191
1.22191
1.22191
1.22191
1.22191
1.22191
1.22191
1.22191
1.22191
1.22191
1.22191
1.22191
1.22191
1.22191
1.22191
1.22191
1.22191
1.22191
1.22191
1.22191
1.22191
1.22191
1.22191
1.22191
1.22191
1.22191
1.22191
1.22191
1.22191
1.22191
1.22191
1.22192
1.222
1.22287
1.23037
1.28643
1.51679
1.87843
2.16706
2.2752
2.27591
2.2722
2.27695
1.22191
1.22191
1.22191
1.22191
1.22191
1.22191
1.22191
1.22191
1.22191
1.22191
1.22191
1.22191
1.22191
1.22191
1.22191
1.22191
1.22191
1.22191
1.22191
1.22191
1.22191
1.22191
1.22191
1.22191
1.22191
1.22191
1.22191
1.22191
1.22191
1.22191
1.22191
1.22191
1.22191
1.22191
1.22191
1.22191
1.22191
1.22191
1.22191
1.22191
1.22191
1.22191
1.22191
1.22191
1.22191
1.22191
1.22191
1.22191
1.22191
1.22191
1.22191
1.22191
1.22191
1.22191
1.22191
1.22191
1.22191
1.22191
1.22191
1.22191
1.22191
1.22191
1.22191
1.22191
1.22192
1.22197
1.22254
1.22799
1.27278
1.45789
1.8657
2.15724
2.219
2.24732
2.27343
1.22191
1.22191
1.22191
1.22191
1.22191
1.22191
1.22191
1.22191
1.22191
1.22191
1.22191
1.22191
1.22191
1.22191
1.22191
1.22191
1.22191
1.22191
1.22191
1.22191
1.22191
1.22191
1.22191
1.22191
1.22191
1.22191
1.22191
1.22191
1.22191
1.22191
1.22191
1.22191
1.22191
1.22191
1.22191
1.22191
1.22191
1.22191
1.22191
1.22191
1.22191
1.22191
1.22191
1.22191
1.22191
1.22191
1.22191
1.22191
1.22191
1.22191
1.22191
1.22191
1.22191
1.22191
1.22191
1.22191
1.22191
1.22191
1.22191
1.22191
1.22191
1.22191
1.22191
1.22191
1.22191
1.22192
1.22195
1.22235
1.22672
1.25768
1.43059
1.78145
2.07913
2.23482
2.27221
1.22191
1.22191
1.22191
1.22191
1.22191
1.22191
1.22191
1.22191
1.22191
1.22191
1.22191
1.22191
1.22191
1.22191
1.22191
1.22191
1.22191
1.22191
1.22191
1.22191
1.22191
1.22191
1.22191
1.22191
1.22191
1.22191
1.22191
1.22191
1.22191
1.22191
1.22191
1.22191
1.22191
1.22191
1.22191
1.22191
1.22191
1.22191
1.22191
1.22191
1.22191
1.22191
1.22191
1.22191
1.22191
1.22191
1.22191
1.22191
1.22191
1.22191
1.22191
1.22191
1.22191
1.22191
1.22191
1.22191
1.22191
1.22191
1.22191
1.22191
1.22191
1.22191
1.22191
1.22191
1.22191
1.22191
1.22192
1.22194
1.22225
1.22497
1.25011
1.38865
1.74394
2.0938
2.25096
1.22191
1.22191
1.22191
1.22191
1.22191
1.22191
1.22191
1.22191
1.22191
1.22191
1.22191
1.22191
1.22191
1.22191
1.22191
1.22191
1.22191
1.22191
1.22191
1.22191
1.22191
1.22191
1.22191
1.22191
1.22191
1.22191
1.22191
1.22191
1.22191
1.22191
1.22191
1.22191
1.22191
1.22191
1.22191
1.22191
1.22191
1.22191
1.22191
1.22191
1.22191
1.22191
1.22191
1.22191
1.22191
1.22191
1.22191
1.22191
1.22191
1.22191
1.22191
1.22191
1.22191
1.22191
1.22191
1.22191
1.22191
1.22191
1.22191
1.22191
1.22191
1.22191
1.22191
1.22191
1.22191
1.22191
1.22191
1.22191
1.22193
1.22213
1.22427
1.24171
1.36098
1.69274
2.11119
1.22191
1.22191
1.22191
1.22191
1.22191
1.22191
1.22191
1.22191
1.22191
1.22191
1.22191
1.22191
1.22191
1.22191
1.22191
1.22191
1.22191
1.22191
1.22191
1.22191
1.22191
1.22191
1.22191
1.22191
1.22191
1.22191
1.22191
1.22191
1.22191
1.22191
1.22191
1.22191
1.22191
1.22191
1.22191
1.22191
1.22191
1.22191
1.22191
1.22191
1.22191
1.22191
1.22191
1.22191
1.22191
1.22191
1.22191
1.22191
1.22191
1.22191
1.22191
1.22191
1.22191
1.22191
1.22191
1.22191
1.22191
1.22191
1.22191
1.22191
1.22191
1.22191
1.22191
1.22191
1.22191
1.22191
1.22191
1.22191
1.22191
1.22193
1.22207
1.22349
1.23687
1.32725
1.7684
1.22191
1.22191
1.22191
1.22191
1.22191
1.22191
1.22191
1.22191
1.22191
1.22191
1.22191
1.22191
1.22191
1.22191
1.22191
1.22191
1.22191
1.22191
1.22191
1.22191
1.22191
1.22191
1.22191
1.22191
1.22191
1.22191
1.22191
1.22191
1.22191
1.22191
1.22191
1.22191
1.22191
1.22191
1.22191
1.22191
1.22191
1.22191
1.22191
1.22191
1.22191
1.22191
1.22191
1.22191
1.22191
1.22191
1.22191
1.22191
1.22191
1.22191
1.22191
1.22191
1.22191
1.22191
1.22191
1.22191
1.22191
1.22191
1.22191
1.22191
1.22191
1.22191
1.22191
1.22191
1.22191
1.22191
1.22191
1.22191
1.22191
1.22191
1.22192
1.22202
1.22309
1.23501
1.43711
1.22191
1.22191
1.22191
1.22191
1.22191
1.22191
1.22191
1.22191
1.22191
1.22191
1.22191
1.22191
1.22191
1.22191
1.22191
1.22191
1.22191
1.22191
1.22191
1.22191
1.22191
1.22191
1.22191
1.22191
1.22191
1.22191
1.22191
1.22191
1.22191
1.22191
1.22191
1.22191
1.22191
1.22191
1.22191
1.22191
1.22191
1.22191
1.22191
1.22191
1.22191
1.22191
1.22191
1.22191
1.22191
1.22191
1.22191
1.22191
1.22191
1.22191
1.22191
1.22191
1.22191
1.22191
1.22191
1.22191
1.22191
1.22191
1.22191
1.22191
1.22191
1.22191
1.22191
1.22191
1.22191
1.22191
1.22191
1.22191
1.22191
1.22191
1.22191
1.22192
1.22201
1.22371
1.27419
1.22191
1.22191
1.22191
1.22191
1.22191
1.22191
1.22191
1.22191
1.22191
1.22191
1.22191
1.22191
1.22191
1.22191
1.22191
1.22191
1.22191
1.22191
1.22191
1.22191
1.22191
1.22191
1.22191
1.22191
1.22191
1.22191
1.22191
1.22191
1.22191
1.22191
1.22191
1.22191
1.22191
1.22191
1.22191
1.22191
1.22191
1.22191
1.22191
1.22191
1.22191
1.22191
1.22191
1.22191
1.22191
1.22191
1.22191
1.22191
1.22191
1.22191
1.22191
1.22191
1.22191
1.22191
1.22191
1.22191
1.22191
1.22191
1.22191
1.22191
1.22191
1.22191
1.22191
1.22191
1.22191
1.22191
1.22191
1.22191
1.22191
1.22191
1.22191
1.22191
1.22192
1.22219
1.23078
1.22191
1.22191
1.22191
1.22191
1.22191
1.22191
1.22191
1.22191
1.22191
1.22191
1.22191
1.22191
1.22191
1.22191
1.22191
1.22191
1.22191
1.22191
1.22191
1.22191
1.22191
1.22191
1.22191
1.22191
1.22191
1.22191
1.22191
1.22191
1.22191
1.22191
1.22191
1.22191
1.22191
1.22191
1.22191
1.22191
1.22191
1.22191
1.22191
1.22191
1.22191
1.22191
1.22191
1.22191
1.22191
1.22191
1.22191
1.22191
1.22191
1.22191
1.22191
1.22191
1.22191
1.22191
1.22191
1.22191
1.22191
1.22191
1.22191
1.22191
1.22191
1.22191
1.22191
1.22191
1.22191
1.22191
1.22191
1.22191
1.22191
1.22191
1.22191
1.22191
1.22191
1.22195
1.22311
1.22191
1.22191
1.22191
1.22191
1.22191
1.22191
1.22191
1.22191
1.22191
1.22191
1.22191
1.22191
1.22191
1.22191
1.22191
1.22191
1.22191
1.22191
1.22191
1.22191
1.22191
1.22191
1.22191
1.22191
1.22191
1.22191
1.22191
1.22191
1.22191
1.22191
1.22191
1.22191
1.22191
1.22191
1.22191
1.22191
1.22191
1.22191
1.22191
1.22191
1.22191
1.22191
1.22191
1.22191
1.22191
1.22191
1.22191
1.22191
1.22191
1.22191
1.22191
1.22191
1.22191
1.22191
1.22191
1.22191
1.22191
1.22191
1.22191
1.22191
1.22191
1.22191
1.22191
1.22191
1.22191
1.22191
1.22191
1.22191
1.22191
1.22191
1.22191
1.22191
1.22191
1.22192
1.22206
1.22191
1.22191
1.22191
1.22191
1.22191
1.22191
1.22191
1.22191
1.22191
1.22191
1.22191
1.22191
1.22191
1.22191
1.22191
1.22191
1.22191
1.22191
1.22191
1.22191
1.22191
1.22191
1.22191
1.22191
1.22191
1.22191
1.22191
1.22191
1.22191
1.22191
1.22191
1.22191
1.22191
1.22191
1.22191
1.22191
1.22191
1.22191
1.22191
1.22191
1.22191
1.22191
1.22191
1.22191
1.22191
1.22191
1.22191
1.22191
1.22191
1.22191
1.22191
1.22191
1.22191
1.22191
1.22191
1.22191
1.22191
1.22191
1.22191
1.22191
1.22191
1.22191
1.22191
1.22191
1.22191
1.22191
1.22191
1.22191
1.22191
1.22191
1.22191
1.22191
1.22191
1.22191
1.22193
1.22191
1.22191
1.22191
1.22191
1.22191
1.22191
1.22191
1.22191
1.22191
1.22191
1.22191
1.22191
1.22191
1.22191
1.22191
1.22191
1.22191
1.22191
1.22191
1.22191
1.22191
1.22191
1.22191
1.22191
1.22191
1.22191
1.22191
1.22191
1.22191
1.22191
1.22191
1.22191
1.22191
1.22191
1.22191
1.22191
1.22191
1.22191
1.22191
1.22191
1.22191
1.22191
1.22191
1.22191
1.22191
1.22191
1.22191
1.22191
1.22191
1.22191
1.22191
1.22191
1.22191
1.22191
1.22191
1.22191
1.22191
1.22191
1.22191
1.22191
1.22191
1.22191
1.22191
1.22191
1.22191
1.22191
1.22191
1.22191
1.22191
1.22191
1.22191
1.22191
1.22191
1.22191
1.22191
1.22191
1.22191
1.22191
1.22191
1.22191
1.22191
1.22191
1.22191
1.22191
1.22191
1.22191
1.22191
1.22191
1.22191
1.22191
1.22191
1.22191
1.22191
1.22191
1.22191
1.22191
1.22191
1.22191
1.22191
1.22191
1.22191
1.22191
1.22191
1.22191
1.22191
1.22191
1.22191
1.22191
1.22191
1.22191
1.22191
1.22191
1.22191
1.22191
1.22191
1.22191
1.22191
1.22191
1.22191
1.22191
1.22191
1.22191
1.22191
1.22191
1.22191
1.22191
1.22191
1.22191
1.22191
1.22191
1.22191
1.22191
1.22191
1.22191
1.22191
1.22191
1.22191
1.22191
1.22191
1.22191
1.22191
1.22191
1.22191
1.22191
1.22191
1.22191
1.22191
1.22191
1.22191
1.22191
1.22191
1.22191
1.22191
1.22191
1.22191
1.22191
1.22191
1.22191
1.22191
1.22191
1.22191
1.22191
1.22191
1.22191
1.22191
1.22191
1.22191
1.22191
1.22191
1.22191
1.22191
1.22191
1.22191
1.22191
1.22191
1.22191
1.22191
1.22191
1.22191
1.22191
1.22191
1.22191
1.22191
1.22191
1.22191
1.22191
1.22191
1.22191
1.22191
1.22191
1.22191
1.22191
1.22191
1.22191
1.22191
1.22191
1.22191
1.22191
1.22191
1.22191
1.22191
1.22191
1.22191
1.22191
1.22191
1.22191
1.22191
1.22191
1.22191
1.22191
1.22191
1.22191
1.22191
1.22191
1.22191
1.22191
1.22191
1.22191
1.22191
1.22191
1.22191
1.22191
1.22191
1.22191
1.22191
1.22191
1.22191
1.22191
1.22191
1.22191
1.22191
1.22191
1.22191
1.22191
1.22191
1.22191
1.22191
1.22191
1.22191
1.22191
1.22191
1.22191
1.22191
1.22191
1.22191
1.22191
1.22191
1.22191
1.22191
1.22191
1.22191
1.22191
1.22191
1.22191
1.22191
1.22191
1.22191
1.22191
1.22191
1.22191
1.22191
1.22191
1.22191
1.22191
1.22191
1.22191
1.22191
1.22191
1.22191
1.22191
1.22191
1.22191
1.22191
1.22191
1.22191
1.22191
1.22191
1.22191
1.22191
1.22191
1.22191
1.22191
1.22191
1.22191
1.22191
1.22191
1.22191
1.22191
1.22191
1.22191
1.22191
1.22191
1.22191
1.22191
1.22191
1.22191
1.22191
1.22191
1.22191
1.22191
1.22191
1.22191
1.22191
1.22191
1.22191
1.22191
1.22191
1.22191
1.22191
1.22191
1.22191
1.22191
1.22191
1.22191
1.22191
1.22191
1.22191
1.22191
1.22191
1.22191
1.22191
1.22191
1.22191
1.22191
1.22191
1.22191
1.22191
1.22191
1.22191
1.22191
1.22191
1.22191
1.22191
1.22191
1.22191
1.22191
1.22191
1.22191
1.22191
1.22191
1.22191
1.22191
1.22191
1.22191
1.22191
1.22191
1.22191
1.22191
1.22191
1.22191
1.22191
1.22191
1.22191
1.22191
1.22191
1.22191
1.22191
1.22191
1.22191
1.22191
1.22191
1.22191
1.22191
1.22191
1.22191
1.22191
1.22191
1.22191
1.22191
1.22191
1.22191
1.22191
1.22191
1.22191
1.22191
1.22191
1.22191
1.22191
1.22191
1.22191
1.22191
1.22191
1.22191
1.22191
1.22191
1.22191
1.22191
1.22191
1.22191
1.22191
1.22191
1.22191
1.22191
1.22191
1.22191
1.22191
1.22191
1.22191
1.22191
1.22191
1.22191
1.22191
1.22191
1.22191
1.22191
1.22191
1.22191
1.22191
1.22191
1.22191
1.22191
1.22191
1.22191
1.22191
1.22191
1.22191
1.22191
1.22191
1.22191
1.22191
1.22191
1.22191
1.22191
1.22191
1.22191
1.22191
1.22191
1.22191
1.22191
1.22191
1.22191
1.22191
1.22191
1.22191
1.22191
1.22191
1.22191
1.22191
1.22191
1.22191
1.22191
1.22191
1.22191
1.22191
1.22191
1.22191
1.22191
1.22191
1.22191
1.22191
1.22191
1.22191
1.22191
1.22191
1.22191
1.22191
1.22191
1.22191
1.22191
1.22191
1.22191
1.22191
1.22191
1.22191
1.22191
1.22191
1.22191
1.22191
1.22191
1.22191
1.22191
1.22191
1.22191
1.22191
1.22191
1.22191
1.22191
1.22191
1.22191
1.22191
1.22191
1.22191
1.22191
1.22191
1.22191
1.22191
1.22191
1.22191
1.22191
1.22191
1.22191
1.22191
1.22191
1.22191
1.22191
1.22191
1.22191
1.22191
1.22191
1.22191
1.22191
1.22191
1.22191
1.22191
1.22191
1.22191
1.22191
1.22191
1.22191
1.22191
1.22191
1.22191
1.22191
1.22191
1.22191
1.22191
1.22191
1.22191
1.22191
1.22191
1.22191
1.22191
1.22191
1.22191
1.22191
1.22191
1.22191
1.22191
1.22191
1.22191
1.22191
1.22191
1.22191
1.22191
1.22191
1.22191
1.22191
1.22191
1.22191
1.22191
1.22191
1.22191
1.22191
1.22191
1.22191
1.22191
1.22191
1.22191
1.22191
1.22191
1.22191
1.22191
1.22191
1.22191
1.22191
1.22191
1.22191
1.22191
1.22191
1.22191
1.22191
1.22191
1.22191
1.22191
1.22191
1.22191
1.22191
1.22191
1.22191
1.22191
1.22191
1.22191
1.22191
1.22191
1.22191
1.22191
1.22191
1.22191
1.22191
1.22191
1.22191
1.22191
1.22191
1.22191
1.22191
1.22191
1.22191
1.22191
1.22191
1.22191
1.22191
1.22191
1.22191
1.22191
1.22191
1.22191
1.22191
1.22191
1.22191
1.22191
1.22191
1.22191
1.22191
1.22191
1.22191
1.22191
1.22191
1.22191
1.22191
1.22191
1.22191
1.22191
1.22191
1.22191
1.22191
1.22191
1.22191
1.22191
1.22191
1.22191
1.22191
1.22191
1.22191
1.22191
1.22191
1.22191
1.22191
1.22191
1.22191
1.22191
1.22191
1.22191
1.22191
1.22191
1.22191
1.22191
1.22191
1.22191
1.22191
1.22191
1.22191
1.22191
1.22191
1.22191
1.22191
1.22191
1.22191
1.22191
1.22191
1.22191
1.22191
1.22191
1.22191
1.22191
1.22191
1.22191
1.22191
1.22191
1.22191
1.22191
1.22191
1.22191
1.22191
1.22191
1.22191
1.22191
1.22191
1.22191
1.22191
1.22191
1.22191
1.22191
1.22191
1.22191
1.22191
1.22191
1.22191
1.22191
1.22191
1.22191
1.22191
1.22191
1.22191
1.22191
1.22191
1.22191
1.22191
1.22191
1.22191
1.22191
1.22191
1.22191
1.22191
1.22191
1.22191
1.22191
1.22191
1.22191
1.22191
1.22191
1.22191
1.22191
1.22191
1.22191
1.22191
1.22191
1.22191
1.22191
1.22191
1.22191
1.22191
1.22191
1.22191
1.22191
1.22191
1.22191
1.22191
1.22191
1.22191
1.22191
1.22191
1.22191
1.22191
1.22191
1.22191
1.22191
1.22191
1.22191
1.22191
1.22191
1.22191
1.22191
1.22191
1.22191
1.22191
1.22191
1.22191
1.22191
1.22191
1.22191
1.22191
1.22191
1.22191
1.22191
1.22191
1.22191
1.22191
1.22191
1.22191
1.22191
1.22191
1.22191
1.22191
1.22191
1.22191
1.22191
1.22191
1.22191
1.22191
1.22191
1.22191
1.22191
1.22191
1.22191
1.22191
1.22191
1.22191
1.22191
1.22191
1.22191
1.22191
1.22191
1.22191
1.22191
1.22191
1.22191
1.22191
1.22191
1.22191
1.22191
1.22191
1.22191
1.22191
1.22191
1.22191
1.22191
1.22191
1.22191
1.22191
1.22191
1.22191
1.22191
1.22191
1.22191
1.22191
1.22191
1.22191
1.22191
1.22191
1.22191
1.22191
1.22191
1.22191
1.22191
1.22191
1.22191
1.22191
1.22191
1.22191
1.22191
1.22191
1.22191
1.22191
1.22191
1.22191
1.22191
1.22191
1.22191
1.22191
1.22191
1.22191
1.22191
1.22191
1.22191
1.22191
1.22191
1.22191
1.22191
1.22191
1.22191
1.22191
1.22191
1.22191
1.22191
1.22191
1.22191
1.22191
1.22191
1.22191
1.22191
1.22191
1.22191
1.22191
1.22191
1.22191
1.22191
1.22191
1.22191
1.22191
1.22191
1.22191
1.22191
1.22191
1.22191
1.22191
1.22191
1.22191
1.22191
1.22191
1.22191
1.22191
1.22191
1.22191
1.22191
1.22191
1.22191
1.22191
1.22191
1.22191
1.22191
1.22191
1.22191
1.22191
1.22191
1.22191
1.22191
1.22191
1.22191
1.22191
1.22191
1.22191
1.22191
1.22191
1.22191
1.22191
1.22191
1.22191
1.22191
1.22191
1.22191
1.22191
1.22191
1.22191
1.22191
1.22191
1.22191
1.22191
1.22191
1.22191
1.22191
1.22191
1.22191
1.22191
1.22191
1.22191
1.22191
1.22191
1.22191
1.22191
1.22191
1.22191
1.22191
1.22191
1.22191
1.22191
1.22191
1.22191
1.22191
1.22191
1.22191
1.22191
1.22191
1.22191
1.22191
1.22191
1.22191
1.22191
1.22191
1.22191
1.22191
1.22191
1.22191
1.22191
1.22191
1.22191
1.22191
1.22191
1.22191
1.22191
1.22191
1.22191
1.22191
1.22191
1.22191
1.22191
1.22191
1.22191
1.22191
1.22191
1.22191
1.22191
1.22191
1.22191
1.22191
1.22191
1.22191
1.22191
1.22191
1.22191
1.22191
1.22191
1.22191
1.22191
1.22191
1.22191
1.22191
1.22191
1.22191
1.22191
1.22191
1.22191
1.22191
1.22191
1.22191
1.22191
1.22191
1.22191
1.22191
1.22191
1.22191
1.22191
1.22191
1.22191
1.22191
1.22191
1.22191
1.22191
1.22191
1.22191
1.22191
1.22191
1.22191
1.22191
1.22191
1.22191
1.22191
1.22191
1.22191
1.22191
1.22191
1.22191
1.22191
1.22191
1.22191
1.22191
1.22191
1.22191
1.22191
1.22191
1.22191
1.22191
1.22191
1.22191
1.22191
1.22191
1.22191
1.22191
1.22191
1.22191
1.22191
1.22191
1.22191
1.22191
1.22191
1.22191
1.22191
1.22191
1.22191
1.22191
1.22191
1.22191
1.22191
1.22191
1.22191
1.22191
1.22191
1.22191
1.22191
1.22191
1.22191
1.22191
1.22191
1.22191
1.22191
1.22191
1.22191
1.22191
1.22191
1.22191
1.22191
1.22191
1.22191
1.22191
1.22191
1.22191
1.22191
1.22191
1.22191
1.22191
1.22191
1.22191
1.22191
1.22191
1.22191
1.22191
1.22191
1.22191
1.22191
1.22191
1.22191
1.22191
1.22191
1.22191
1.22191
1.22191
1.22191
1.22191
1.22191
1.22191
1.22191
1.22191
1.22191
1.22191
1.22191
1.22191
1.22191
1.22191
1.22191
1.22191
1.22191
1.22191
1.22191
1.22191
1.22191
1.22191
1.22191
1.22191
1.22191
1.22191
1.22191
1.22191
1.22191
1.22191
1.22191
1.22191
1.22191
1.22191
1.22191
1.22191
1.22191
1.22191
1.22191
1.22191
1.22191
1.22191
1.22191
1.22191
1.22191
1.22191
1.22191
1.22191
1.22191
1.22191
1.22191
1.22191
1.22191
1.22191
1.22191
1.22191
1.22191
1.22191
1.22191
1.22191
1.22191
1.22191
1.22191
1.22191
1.22191
1.22191
1.22191
1.22191
1.22191
1.22191
1.22191
1.22191
1.22191
1.22191
1.22191
1.22191
1.22191
1.22191
1.22191
1.22191
1.22191
1.22191
1.22191
1.22191
1.22191
1.22191
1.22191
1.22191
1.22191
1.22191
1.22191
1.22191
1.22191
1.22191
1.22191
1.22191
1.22191
1.22191
1.22191
1.22191
1.22191
1.22191
1.22191
1.22191
1.22191
1.22191
1.22191
1.22191
1.22191
1.22191
1.22191
1.22191
1.22191
1.22191
1.22191
1.22191
1.22191
1.22191
1.22191
1.22191
1.22191
1.22191
1.22191
1.22191
1.22191
1.22191
1.22191
1.22191
1.22191
1.22191
1.22191
1.22191
1.22191
1.22191
1.22191
1.22191
1.22191
1.22191
1.22191
1.22191
1.22191
1.22191
1.22191
1.22191
1.22191
1.22191
1.22191
1.22191
1.22191
1.22191
1.22191
1.22191
1.22191
1.22191
1.22191
1.22191
1.22191
1.22191
1.22191
1.22191
1.22191
1.22191
1.22191
1.22191
1.22191
1.22191
1.22191
1.22191
1.22191
1.22191
1.22191
1.22191
1.22191
1.22191
1.22191
1.22191
1.22191
1.22191
1.22191
1.22191
1.22191
1.22191
1.22191
1.22191
1.22191
1.22191
1.22191
1.22191
1.22191
1.22191
1.22191
1.22191
1.22191
1.22191
1.22191
1.22191
1.22191
1.22191
1.22191
1.22191
1.22191
1.22191
1.22191
1.22191
1.22191
1.22191
1.22191
1.22191
1.22191
1.22191
1.22191
1.22191
1.22191
1.22191
1.22191
1.22191
1.22191
1.22191
1.22191
1.22191
1.22191
1.22191
1.22191
1.22191
1.22191
1.22191
1.22191
1.22191
1.22191
1.22191
1.22191
1.22191
1.22191
1.22191
1.22191
1.22191
1.22191
1.22191
1.22191
1.22191
1.22191
1.22191
1.22191
1.22191
1.22191
1.22191
1.22191
1.22191
1.22191
1.22191
1.22191
1.22191
1.22191
1.22191
1.22191
1.22191
1.22191
1.22191
1.22191
1.22191
1.22191
1.22191
1.22191
1.22191
1.22191
1.22191
1.22191
1.22191
1.22191
1.22191
1.22191
1.22191
1.22191
1.22191
1.22191
1.22191
1.22191
1.22191
1.22191
1.22191
1.22191
1.22191
1.22191
1.22191
1.22191
1.22191
1.22191
1.22191
1.22191
1.22191
1.22191
1.22191
1.22191
1.22191
1.22191
1.22191
1.22191
1.22191
1.22191
1.22191
1.22191
1.22191
1.22191
1.22191
1.22191
1.22191
1.22191
1.22191
1.22191
1.22191
1.22191
1.22191
1.22191
1.22191
1.22191
1.22191
1.22191
1.22191
1.22191
1.22191
1.22191
1.22191
1.22191
1.22191
1.22191
1.22191
1.22191
1.22191
1.22191
1.22191
1.22191
1.22191
1.22191
1.22191
1.22191
1.22191
1.22191
1.22191
1.22191
1.22191
1.22191
1.22191
1.22191
1.22191
1.22191
1.22191
1.22191
1.22191
1.22191
1.22191
1.22191
1.22191
)
;

boundaryField
{
    inlet
    {
        type            calculated;
        value           uniform 1.22191;
    }
    outlet
    {
        type            calculated;
        value           nonuniform List<scalar> 
75
(
2.30107
2.29454
2.28497
2.27847
2.27647
2.27649
2.27709
2.27766
2.27815
2.27827
2.27805
2.27762
2.27726
2.27717
2.27738
2.27783
2.27838
2.27887
2.27919
2.27939
2.27957
2.27969
2.27964
2.27945
2.27905
2.27872
2.27878
2.2793
2.28037
2.28141
2.28177
2.28144
2.28045
2.27984
2.27973
2.28072
2.2828
2.28456
2.28512
2.28412
2.28236
2.2814
2.28112
2.28122
2.27695
2.27343
2.27221
2.25096
2.11119
1.7684
1.43711
1.27419
1.23078
1.22311
1.22206
1.22193
1.22191
1.22191
1.22191
1.22191
1.22191
1.22191
1.22191
1.22191
1.22191
1.22191
1.22191
1.22191
1.22191
1.22191
1.22191
1.22191
1.22191
1.22191
1.22191
)
;
    }
    bottom
    {
        type            symmetryPlane;
    }
    top
    {
        type            symmetryPlane;
    }
    obstacle
    {
        type            calculated;
        value           nonuniform List<scalar> 
75
(
1.46887
1.79998
2.10733
2.34744
2.59358
2.601
2.60793
2.5595
2.48075
2.42477
2.41704
2.40302
2.38235
2.35499
2.32894
2.31228
2.30355
2.30444
2.30661
2.30855
2.30864
2.30889
2.30955
2.31039
2.31111
2.31045
2.30886
2.30694
2.30555
2.30513
2.30569
2.30668
2.30785
2.30778
2.30733
2.30652
2.30602
2.30617
2.30654
2.30633
2.30595
2.30524
2.3044
2.30402
2.30374
2.30376
2.30392
2.30391
2.30396
2.30395
2.30383
2.30356
2.30325
2.30307
2.30288
2.30252
2.30219
2.30175
2.30145
2.30113
2.30077
2.30042
2.30011
2.29985
2.29968
2.29959
2.29967
2.29984
2.29991
2.29996
2.30009
2.30024
2.30042
2.30071
2.30107
)
;
    }
    defaultFaces
    {
        type            empty;
    }
}


// ************************************************************************* //
