/*--------------------------------*- C++ -*----------------------------------*\
| =========                 |                                                 |
| \\      /  F ield         | OpenFOAM: The Open Source CFD Toolbox           |
|  \\    /   O peration     | Version:  2312                                  |
|   \\  /    A nd           | Website:  www.openfoam.com                      |
|    \\/     M anipulation  |                                                 |
\*---------------------------------------------------------------------------*/
FoamFile
{
    version     2.0;
    format      ascii;
    arch        "LSB;label=64;scalar=64";
    class       volScalarField;
    location    "0.35";
    object      dQ;
}
// * * * * * * * * * * * * * * * * * * * * * * * * * * * * * * * * * * * * * //

dimensions      [1 -1 -3 0 0 0 0];

internalField   nonuniform List<scalar> 
4000
(
2.7386e-06
2.8266e-05
9.73442e-05
0.000239428
0.0004929
0.00092487
0.00163091
0.00275753
0.00452581
0.00726357
0.0114629
0.0178508
0.0275048
0.0420058
0.0636671
0.0958496
0.143403
0.213268
0.315298
0.463348
0.676698
0.981933
1.41535
2.02626
2.88023
4.06367
5.68913
7.90138
10.8847
14.8713
20.1515
27.0867
36.1256
47.8272
62.8922
82.2098
106.925
138.539
179.059
231.225
298.845
387.314
504.417
661.591
875.955
1173.64
1595.36
2205.99
3111.39
4488.5
6640.62
10100.1
15820.3
25284.5
41648.1
70420.3
121503
212344
373135
655556
1.14773e+06
1.99985e+06
3.4675e+06
5.98474e+06
1.0288e+07
1.76284e+07
3.01439e+07
5.15199e+07
8.8013e+07
1.00154e+08
5.5468e+07
3.05214e+07
1.66039e+07
8.90097e+06
4.69086e+06
2.42576e+06
1.22897e+06
609129
294961
139358
64157.5
28744.3
12517
5291.36
2169.04
861.306
331.024
123.049
44.2198
15.36
5.15767
1.67495
0.52652
0.160306
0.0471328
0.0134185
0.00374728
0.0010354
0.000300607
5.97806e-05
3.29313e-06
2.90328e-05
9.70908e-05
0.000235311
0.000486744
0.000912267
0.00160771
0.00272036
0.00446327
0.00716429
0.0113068
0.0176088
0.0271356
0.0414492
0.0628383
0.0946282
0.141619
0.210692
0.311618
0.458151
0.669445
0.971945
1.40177
2.00805
2.85621
4.03256
5.6496
7.85228
10.8252
14.8014
20.0726
27.0018
36.0408
47.7522
62.8423
82.2073
107.002
138.742
179.454
231.903
299.936
389.01
506.998
665.478
881.793
1182.43
1608.73
2226.59
3143.65
4540.05
6724.86
10241.1
16062.1
25706.6
42402.2
71785.3
123983
216830
381173
669803
1.17274e+06
2.04344e+06
3.54299e+06
6.1148e+06
1.05112e+07
1.80101e+07
3.07959e+07
5.26345e+07
8.99107e+07
9.84972e+07
5.45378e+07
2.99967e+07
1.63093e+07
8.7371e+06
4.60092e+06
2.37719e+06
1.2032e+06
595728
288140
135966
62511.6
27966.5
12159.5
5131.88
2100.06
832.421
319.331
118.479
42.4964
14.7336
4.9383
1.60092
0.502452
0.152733
0.0448062
0.012767
0.00356296
0.000988069
0.000287149
5.71733e-05
2.66237e-06
2.79616e-05
9.53763e-05
0.000232195
0.000478234
0.000895977
0.00158047
0.00267075
0.00438192
0.00703243
0.0110985
0.0172856
0.0266401
0.040698
0.0617119
0.0929583
0.139168
0.207132
0.306502
0.450881
0.659238
0.957742
1.3824
1.98192
2.82152
3.98731
5.59173
7.77991
10.737
14.6972
19.954
26.8737
35.9122
47.6387
62.768
82.2083
107.131
139.074
180.096
233.009
301.726
391.804
511.271
671.946
891.56
1197.24
1631.36
2261.65
3198.91
4628.96
6871.22
10488.1
16489.4
26457
43747.3
74225.7
128424
224871
395591
695368
1.21764e+06
2.12165e+06
3.67835e+06
6.34771e+06
1.091e+07
1.86905e+07
3.19548e+07
5.46095e+07
9.3228e+07
9.5565e+07
5.28936e+07
2.90709e+07
1.57905e+07
8.44929e+06
4.44348e+06
2.29247e+06
1.15846e+06
572576
276421
130173
59719
26655.9
11561.7
4867.18
1986.48
785.261
300.405
111.146
39.7558
13.7462
4.5954
1.48617
0.465427
0.141124
0.0413288
0.0117749
0.00328356
0.000916578
0.000266847
5.32247e-05
2.02821e-06
2.74483e-05
9.35481e-05
0.000228194
0.000469655
0.000879009
0.00154795
0.00261756
0.00429398
0.0068903
0.0108727
0.0169331
0.0260969
0.039873
0.060471
0.0911103
0.136448
0.203169
0.300789
0.442736
0.647768
0.941797
1.36051
1.95232
2.78212
3.9358
5.52574
7.69728
10.6363
14.5784
19.8195
26.7296
35.7703
47.5186
62.7009
82.2408
107.331
139.539
180.966
234.484
304.096
395.49
516.901
680.469
904.44
1216.78
1661.3
2308.13
3272.34
4747.38
7066.7
10818.9
17063.2
27465.5
45555.4
77504.3
134382
235635
414838
729399
1.27722e+06
2.22514e+06
3.85688e+06
6.65389e+06
1.14326e+07
1.95793e+07
3.34647e+07
5.71769e+07
9.75018e+07
9.17546e+07
5.07605e+07
2.78725e+07
1.51206e+07
8.07873e+06
4.24138e+06
2.18409e+06
1.10143e+06
543179
261604
122882
56221.6
25023.1
10820.9
4541.07
1847.38
727.851
277.506
102.327
36.4792
12.5723
4.1899
1.3511
0.421986
0.127665
0.0373166
0.0106
0.00295366
0.000833227
0.000243088
4.85814e-05
3.16861e-06
2.6979e-05
9.24629e-05
0.000223386
0.000461857
0.000862835
0.00152005
0.00256724
0.00421044
0.00675383
0.0106548
0.016591
0.0255667
0.0390623
0.0592463
0.0892799
0.133741
0.199208
0.295058
0.43454
0.636189
0.925657
1.3383
1.92221
2.74199
3.88329
5.45848
7.61312
10.534
14.4582
19.6846
26.5873
35.6345
47.4125
62.6606
82.3206
107.611
140.133
182.038
236.27
306.937
399.885
523.592
690.582
919.711
1239.96
1696.8
2363.28
3359.52
4888.08
7299.12
11212.4
17746.1
28665.8
47706.2
81398.9
141443
248355
437508
769348
1.34694e+06
2.34584e+06
4.06444e+06
7.00878e+06
1.20365e+07
2.06038e+07
3.5201e+07
6.01231e+07
1.02331e+08
8.73976e+07
4.83254e+07
2.65078e+07
1.436e+07
7.6594e+06
4.0135e+06
2.06235e+06
1.03762e+06
510429
245171
114833
52380.1
23239
10015.9
4188.7
1697.97
666.56
253.21
93.029
33.0467
11.3503
3.77045
1.21223
0.377549
0.11397
0.0332528
0.00940546
0.00261993
0.000750676
0.000219461
4.39475e-05
2.54208e-06
2.65505e-05
9.03514e-05
0.000221334
0.000453114
0.000849433
0.00149321
0.0025223
0.00413353
0.00662905
0.0104546
0.0162749
0.0250749
0.0383081
0.0581021
0.0875638
0.131196
0.195473
0.289639
0.426772
0.625192
0.9103
1.31715
1.89351
2.70371
3.83324
5.39441
7.53326
10.4374
14.3459
19.5603
26.4599
35.5196
47.3361
62.663
82.462
107.979
140.856
183.298
238.328
310.174
404.858
531.13
701.942
936.837
1265.92
1736.56
2425.05
3457.2
5045.81
7559.78
11653.9
18507.2
30004.4
50103.8
85733.7
149281
262427
462495
813217
1.42322e+06
2.47744e+06
4.28996e+06
7.39306e+06
1.26883e+07
2.1706e+07
3.70636e+07
6.32733e+07
1.0742e+08
8.27781e+07
4.57493e+07
2.50686e+07
1.35607e+07
7.22048e+06
3.77597e+06
1.93599e+06
971687
476746
228350
106635
48487
21440.4
9208.67
3837.32
1549.81
606.126
229.389
83.9642
29.7183
10.1715
3.36777
1.07945
0.335305
0.100959
0.0294086
0.00826043
0.00230392
0.000675227
0.000197766
3.96713e-05
2.51074e-06
2.61776e-05
8.96235e-05
0.00021742
0.000447206
0.000836294
0.00147001
0.00248235
0.00406731
0.00651925
0.0102772
0.0159939
0.0246373
0.0376324
0.0570744
0.086018
0.128896
0.192089
0.284718
0.419702
0.615168
0.896284
1.29782
1.86729
2.66877
3.78761
5.33622
7.46107
10.3509
14.2465
19.4528
26.3541
35.4329
47.2964
62.7135
82.6674
108.433
141.695
184.717
240.608
313.721
410.27
539.298
714.217
955.314
1293.91
1779.43
2491.67
3562.67
5216.4
7842.36
12133.8
19320.6
31441.5
52680
90386.4
157676
277452
489084
859742
1.50386e+06
2.61608e+06
4.52675e+06
7.79515e+06
1.33679e+07
2.28516e+07
3.89937e+07
6.65274e+07
1.12295e+08
7.8147e+07
4.31721e+07
2.36332e+07
1.27666e+07
6.78614e+06
3.54191e+06
1.81203e+06
907299
444002
212075
98740.8
44756.4
19725.4
8442.95
3505.73
1410.74
549.701
207.267
75.5901
26.6594
9.09355
3.00122
0.959151
0.297154
0.0892316
0.0259536
0.0072496
0.0020092
0.000608645
0.000178495
3.58555e-05
1.89353e-06
2.58582e-05
8.84801e-05
0.00021395
0.000441063
0.000825568
0.00145127
0.00244693
0.00400833
0.00642267
0.0101223
0.0157487
0.0242533
0.0370406
0.0561723
0.0846565
0.126865
0.189097
0.28036
0.413434
0.606272
0.883842
1.28067
1.84404
2.63785
3.74735
5.28513
7.39815
10.2763
14.1624
19.3649
26.273
35.377
47.2953
62.8124
82.9333
108.964
142.632
186.263
243.054
317.492
415.989
547.894
727.104
974.684
1323.24
1824.34
2561.51
3673.33
5395.59
8139.56
12639
20175.9
32955.5
55396.6
95292.2
166517
293246
516974
908433
1.58805e+06
2.76049e+06
4.77274e+06
8.21164e+06
1.40695e+07
2.40295e+07
4.09689e+07
6.98366e+07
1.16889e+08
7.37182e+07
4.07182e+07
2.22726e+07
1.20171e+07
6.37797e+06
3.32286e+06
1.69648e+06
847513
413716
197080
91496.8
41347
18164.6
7749.01
3206.53
1285.8
499.234
187.568
68.1658
23.9588
8.14563
2.68011
0.854115
0.263941
0.0790046
0.0229429
0.0064297
0.00175745
0.000545777
0.000160335
3.22601e-05
2.46076e-06
2.55864e-05
8.69157e-05
0.000212086
0.000437008
0.000815417
0.00143395
0.00241878
0.00395851
0.00634045
0.00998883
0.0155381
0.0239228
0.0365293
0.0553912
0.0834786
0.125106
0.1865
0.276576
0.407987
0.59854
0.873029
1.26578
1.82388
2.61111
3.71271
5.24145
7.34492
10.2141
14.0941
19.2966
26.2162
35.3508
47.33
62.954
83.25
109.555
143.64
187.894
245.604
321.392
421.872
556.708
740.293
994.49
1353.22
1870.29
2633.06
3786.91
5579.93
8446.11
13161.7
21061.8
34528.8
58226.4
100410
175747
309743
546115
959339
1.67615e+06
2.9118e+06
5.03084e+06
8.64936e+06
1.48083e+07
2.52726e+07
4.30585e+07
7.33436e+07
1.1976e+08
6.98149e+07
3.85542e+07
2.10723e+07
1.1356e+07
6.01794e+06
3.12971e+06
1.59466e+06
794876
387083
183913
85146.5
38364.3
16802.3
7144.89
2946.78
1177.66
455.69
170.627
61.8016
21.6513
7.33825
2.40741
0.765163
0.235835
0.070429
0.020378
0.00573633
0.00156885
0.000488165
0.000143699
2.8967e-05
3.03138e-06
2.53526e-05
8.60957e-05
0.0002106
0.000431973
0.000807372
0.00142057
0.00239308
0.00391562
0.00627038
0.00987574
0.0153572
0.0236403
0.0360928
0.0547236
0.0824696
0.1236
0.184277
0.273333
0.403322
0.591921
0.863784
1.25308
1.80674
2.58846
3.68352
5.20496
7.30099
10.1639
14.0408
19.2468
26.1816
35.3508
47.395
63.1298
83.6044
110.186
144.69
189.565
248.191
325.321
427.775
565.529
753.472
1014.27
1383.18
1916.25
2704.75
3900.98
5765.61
8755.92
13691.9
21962.8
36134.9
61124.5
105665
185244
326747
576214
1.01206e+06
1.7677e+06
3.06967e+06
5.30151e+06
9.11126e+06
1.5594e+07
2.66073e+07
4.533e+07
7.72155e+07
1.18671e+08
6.67255e+07
3.68138e+07
2.00951e+07
1.08125e+07
5.71975e+06
2.9688e+06
1.50945e+06
750679
364666
172812
79788.2
35846.9
15652.9
6635.55
2728.04
1086.73
419.147
156.438
56.4828
19.7272
6.66647
2.181
0.69144
0.212592
0.0633905
0.0182241
0.00516495
0.00141276
0.000440118
0.00012973
2.61868e-05
2.42434e-06
2.57522e-05
8.54011e-05
0.000209445
0.000428239
0.000801295
0.00140733
0.0023723
0.00388061
0.0062117
0.00978004
0.0152051
0.0234019
0.0357233
0.0541587
0.0816154
0.122324
0.182394
0.270589
0.399376
0.586329
0.855987
1.24238
1.79236
2.56956
3.65934
5.17505
7.26555
10.1244
14.0007
19.2129
26.1657
35.3722
47.4832
63.3296
83.9812
110.835
145.748
191.229
250.746
329.18
433.55
574.139
766.32
1033.55
1412.39
1961.1
2774.82
4012.72
5947.97
9061.15
14216
22854.9
37730.5
64010.9
110908
194730
343744
606328
1.06486e+06
1.85953e+06
3.2283e+06
5.57404e+06
9.57742e+06
1.63889e+07
2.79618e+07
4.76425e+07
8.11677e+07
1.15765e+08
6.4263e+07
3.54165e+07
1.93053e+07
1.03707e+07
5.47615e+06
2.8368e+06
1.4393e+06
714192
346119
163614
75343.8
33757.8
14699
6213.08
2546.77
1011.47
388.939
144.728
52.1011
18.145
6.1151
1.9955
0.631096
0.193645
0.0576202
0.0165442
0.00468339
0.00128202
0.000399898
0.000118025
2.38525e-05
2.41116e-06
2.50011e-05
8.48251e-05
0.000207988
0.000426885
0.000795807
0.00139624
0.00235469
0.00385075
0.00616226
0.00970011
0.0150774
0.023202
0.0354134
0.0536849
0.0808992
0.121254
0.180816
0.268291
0.396075
0.581659
0.849491
1.23351
1.78047
2.55403
3.63964
5.15097
7.23757
10.0941
13.9718
19.1923
26.1648
35.4094
47.5869
63.5421
84.3648
111.48
146.782
192.84
253.201
332.872
439.057
582.33
778.528
1051.86
1440.12
2003.72
2841.47
4119.15
6122
9353.05
14718.3
23710.4
39263.5
66787.2
115953
203852
360076
635234
1.11551e+06
1.94754e+06
3.38021e+06
5.8348e+06
1.0023e+07
1.7148e+07
2.92539e+07
4.98463e+07
8.49264e+07
1.12338e+08
6.22198e+07
3.42563e+07
1.86494e+07
1.00036e+07
5.27368e+06
2.72705e+06
1.38098e+06
683854
330702
155971
71653.2
32024.7
13908.6
5863.44
2396.97
949.374
364.063
135.104
48.5069
16.8497
5.66459
1.84421
0.582012
0.178232
0.0529289
0.0151792
0.00429154
0.00117586
0.000367155
0.000108478
2.19449e-05
2.39977e-06
2.48671e-05
8.5531e-05
0.000206191
0.000423713
0.000791368
0.00138883
0.00233979
0.00382529
0.00612081
0.00963377
0.0149715
0.0230355
0.0351562
0.0532911
0.0803045
0.120367
0.179508
0.266387
0.393345
0.577804
0.844142
1.22623
1.77077
2.54144
3.62382
5.13192
7.21591
10.0717
13.9522
19.182
26.1748
35.4569
47.6984
63.7568
84.7401
112.099
147.764
194.355
255.498
336.31
444.17
589.919
789.821
1068.78
1465.74
2043.09
2903.07
4217.59
6283.12
9623.61
15184.5
24503.8
40686.5
69364.2
120631
212299
375171
661897
1.16213e+06
2.02838e+06
3.51948e+06
6.07332e+06
1.04297e+07
1.78391e+07
3.04271e+07
5.18419e+07
8.83144e+07
1.09208e+08
6.04562e+07
3.32596e+07
1.80881e+07
9.69064e+06
5.10166e+06
2.63409e+06
1.33171e+06
658293
317744
149562
68566.1
30578.3
13250.5
5573.04
2272.85
898.053
343.553
127.188
45.5578
15.7893
5.29661
1.72089
0.54208
0.165712
0.049121
0.0140748
0.00397455
0.00109032
0.000340727
0.000100769
2.0403e-05
2.98056e-06
2.47578e-05
8.51413e-05
0.000205793
0.000421592
0.000786651
0.00138244
0.00232717
0.00380526
0.0060874
0.00957863
0.0148845
0.0228991
0.034945
0.0529677
0.0798162
0.119638
0.178435
0.26483
0.391115
0.574664
0.839798
1.22034
1.76296
2.53138
3.61132
5.1171
7.19951
10.0554
13.9397
19.1792
26.1919
35.5095
47.8105
63.9639
85.0938
112.674
148.667
195.74
257.585
339.423
448.785
596.754
799.975
1083.97
1488.74
2078.41
2958.32
4305.92
6427.78
9866.72
15603.7
25216.5
41964.9
71678
124826
219860
388653
685660
1.20359e+06
2.10014e+06
3.64282e+06
6.28413e+06
1.07883e+07
1.84472e+07
3.14575e+07
5.35913e+07
9.12728e+07
1.0648e+08
5.89285e+07
3.23991e+07
1.76053e+07
9.42243e+06
4.95474e+06
2.55497e+06
1.28991e+06
636680
306822
144177
65979.9
29370.2
12702.4
5331.88
2170.07
855.672
326.663
120.686
43.1417
14.9228
4.99658
1.62057
0.509657
0.155562
0.0460363
0.013184
0.00371902
0.0010217
0.000319525
9.45697e-05
1.9163e-05
2.38321e-06
2.46715e-05
8.48262e-05
0.000204992
0.000420468
0.000783907
0.00137634
0.00231706
0.00378892
0.00605922
0.0095343
0.0148145
0.0227881
0.0347732
0.0527059
0.0794212
0.11905
0.177569
0.263575
0.389321
0.572144
0.836324
1.21565
1.75678
2.52348
3.60161
5.10578
7.18734
10.0441
13.9324
19.1815
26.2126
35.5627
47.9171
64.1551
85.4147
113.189
149.47
196.964
259.423
342.155
452.824
602.724
808.829
1097.2
1508.74
2109.11
3006.34
4382.67
6553.49
10078.1
15968.6
25836.9
43077.8
73690.6
128470
226417
400323
706192
1.23936e+06
2.16193e+06
3.74886e+06
6.46508e+06
1.10957e+07
1.89676e+07
3.23381e+07
5.50844e+07
9.38012e+07
1.0415e+08
5.76259e+07
3.1667e+07
1.71955e+07
9.19535e+06
4.83069e+06
2.48835e+06
1.25482e+06
618585
297704
139694
63833
28370.1
12249.9
5133.34
2085.69
820.972
312.869
115.39
41.1785
14.2203
4.75389
1.53958
0.483534
0.147395
0.0435553
0.0124712
0.00351466
0.000967106
0.000302632
8.96309e-05
1.8174e-05
2.37775e-06
2.46011e-05
8.51656e-05
0.000204366
0.000419119
0.000781861
0.00137268
0.00230977
0.00377512
0.00603724
0.00949937
0.0147574
0.0227004
0.0346377
0.0524988
0.0791085
0.118585
0.176886
0.262585
0.38791
0.570165
0.833605
1.21199
1.75199
2.5174
3.59422
5.09733
7.17854
10.0365
13.9287
19.1866
26.2342
35.6126
48.0132
64.3236
85.6939
113.634
150.158
198.008
260.984
344.468
456.236
607.755
816.277
1108.32
1525.52
2134.83
3046.51
4446.82
6658.47
10254.4
16272.5
26362
44015.2
75382.4
131530
231913
410093
723356
1.26922e+06
2.21346e+06
3.8372e+06
6.61566e+06
1.13512e+07
1.94e+07
3.30691e+07
5.63234e+07
9.58825e+07
1.02217e+08
5.65458e+07
3.10605e+07
1.68565e+07
9.00788e+06
4.72847e+06
2.43357e+06
1.22603e+06
603771
290256
136041
62087.5
27559
11883.8
4973.07
2017.73
793.089
301.81
111.154
39.6113
13.6606
4.56093
1.47531
0.462835
0.140928
0.0415915
0.0119105
0.00335404
0.000924366
0.000289427
8.57631e-05
1.73994e-05
2.37351e-06
2.51406e-05
8.43906e-05
0.000203885
0.000417485
0.000780418
0.00136838
0.00230384
0.00376528
0.00602074
0.0094722
0.0147151
0.022632
0.0345333
0.0523398
0.0788692
0.118228
0.176363
0.261829
0.386834
0.568661
0.831544
1.20923
1.74839
2.51287
3.58878
5.0912
7.17237
10.0316
13.9274
19.1928
26.2541
35.6559
48.0945
64.4641
85.9243
113.998
150.72
198.856
262.248
346.337
458.987
611.805
822.264
1117.24
1538.97
2155.44
3078.68
4498.16
6742.46
10395.5
16515.7
26785.8
44770.1
76743.3
133988
236325
417926
737104
1.29311e+06
2.25466e+06
3.90777e+06
6.73588e+06
1.15551e+07
1.97447e+07
3.36517e+07
5.73104e+07
9.75356e+07
1.00676e+08
5.5685e+07
3.05777e+07
1.6587e+07
8.85898e+06
4.64741e+06
2.39019e+06
1.20327e+06
592081
284389
133169
60717.6
26923.6
11597.6
4848.02
1964.8
771.415
293.23
107.872
38.3996
13.2286
4.41221
1.42584
0.446929
0.135961
0.0400825
0.0114827
0.00323151
0.000891907
0.000279382
8.28207e-05
1.68099e-05
2.37012e-06
2.51024e-05
8.48388e-05
0.000202942
0.000416729
0.000778941
0.00136626
0.00229909
0.00375783
0.00600923
0.00945305
0.0146833
0.0225838
0.034457
0.0522242
0.0786959
0.11797
0.175986
0.261283
0.386058
0.567579
0.830064
1.20725
1.74583
2.50966
3.58496
5.08698
7.16825
10.0286
13.9273
19.1986
26.2706
35.6905
48.158
64.5726
86.101
114.276
151.147
199.499
263.204
347.747
461.06
614.853
826.765
1123.94
1549.07
2170.91
3102.83
4536.72
6805.57
10501.6
16698.7
27105
45338.7
77767.9
135837
239643
423811
747426
1.31104e+06
2.28555e+06
3.96066e+06
6.82592e+06
1.17077e+07
2.00026e+07
3.40875e+07
5.80484e+07
9.87684e+07
9.95222e+07
5.5041e+07
3.02167e+07
1.63856e+07
8.74787e+06
4.58699e+06
2.3579e+06
1.18634e+06
583401
280039
131042
59704.7
26454.4
11386.5
4755.95
1925.89
755.503
286.94
105.47
37.5138
12.9132
4.30375
1.38981
0.435354
0.132345
0.0389842
0.0111735
0.00314303
0.000868574
0.000272109
8.06944e-05
1.63832e-05
2.36758e-06
2.44878e-05
8.47488e-05
0.000202712
0.000416822
0.000777972
0.00136447
0.00229659
0.00375254
0.00600112
0.0094396
0.0146633
0.0225524
0.0344084
0.0521486
0.0785825
0.117803
0.17574
0.260929
0.385555
0.566878
0.829109
1.20598
1.74418
2.50762
3.58254
5.08433
7.16573
10.0269
13.9277
19.203
26.2823
35.7144
48.2014
64.6463
86.2205
114.464
151.433
199.93
263.845
348.691
462.446
616.888
829.769
1128.41
1555.81
2181.23
3118.95
4562.46
6847.73
10572.5
16821.2
27318.7
45719.3
78453.5
137075
241861
427743
754319
1.32301e+06
2.30617e+06
3.99593e+06
6.88594e+06
1.18094e+07
2.01745e+07
3.43778e+07
5.85398e+07
9.95877e+07
9.87535e+07
5.46119e+07
2.99763e+07
1.62516e+07
8.67398e+06
4.54684e+06
2.33646e+06
1.17512e+06
577649
277159
129635
59035.5
26144.8
11247.4
4695.31
1900.29
745.046
282.811
103.895
36.9333
12.7067
4.2328
1.36626
0.427795
0.129982
0.0382665
0.0109727
0.00308559
0.000853503
0.000267378
7.93086e-05
1.61054e-05
2.36589e-06
2.50651e-05
8.41128e-05
0.000203187
0.000415988
0.000777478
0.00136301
0.00229502
0.00375052
0.00599681
0.00943323
0.0146534
0.0225358
0.0343842
0.0521123
0.078527
0.117721
0.17562
0.260754
0.385309
0.566535
0.828642
1.20536
1.74338
2.50662
3.58137
5.08306
7.16454
10.0261
13.9279
19.2054
26.2884
35.7265
48.2234
64.6834
86.2805
114.558
151.577
200.146
264.165
349.162
463.138
617.904
831.268
1130.64
1559.18
2186.38
3127
4575.33
6868.83
10608
16882.7
27426
45910.4
78797.8
137696
242973
429716
757775
1.329e+06
2.3165e+06
4.01361e+06
6.91602e+06
1.18604e+07
2.02605e+07
3.45231e+07
5.87859e+07
9.99973e+07
9.83685e+07
5.4397e+07
2.98559e+07
1.61846e+07
8.63702e+06
4.52676e+06
2.32575e+06
1.16951e+06
574777
275722
128934
58702
25990.6
11178.2
4665.14
1887.56
739.85
280.76
103.113
36.6454
12.6044
4.19765
1.35459
0.424053
0.128812
0.0379111
0.0108738
0.00305728
0.000846075
0.000265046
7.86299e-05
1.5969e-05
2.36627e-06
2.50651e-05
8.41113e-05
0.000202593
0.000415981
0.000777484
0.001363
0.00229503
0.00375054
0.00599681
0.00943323
0.0146535
0.0225358
0.0343842
0.0521123
0.078527
0.11772
0.17562
0.260755
0.38531
0.566535
0.828642
1.20536
1.74338
2.50662
3.58137
5.08306
7.16455
10.0261
13.9279
19.2054
26.2883
35.7265
48.2234
64.6834
86.2805
114.558
151.577
200.146
264.165
349.162
463.137
617.904
831.268
1130.64
1559.18
2186.38
3126.99
4575.32
6868.82
10608
16882.7
27426
45910.3
78797.7
137696
242973
429715
757774
1.329e+06
2.31649e+06
4.0136e+06
6.91601e+06
1.18603e+07
2.02605e+07
3.45231e+07
5.87858e+07
9.99972e+07
9.83686e+07
5.43971e+07
2.98559e+07
1.61846e+07
8.63703e+06
4.52677e+06
2.32575e+06
1.16951e+06
574778
275722
128934
58702
25990.6
11178.2
4665.15
1887.56
739.851
280.76
103.113
36.6454
12.6044
4.19765
1.35459
0.424053
0.128812
0.037911
0.0108738
0.00305728
0.000846074
0.000265053
7.86297e-05
1.5969e-05
2.95854e-06
2.44878e-05
8.41587e-05
0.000202709
0.000416232
0.000777965
0.00136388
0.00229717
0.00375313
0.00600112
0.0094396
0.0146633
0.0225518
0.0344084
0.0521486
0.0785825
0.117803
0.17574
0.260929
0.385555
0.566878
0.829109
1.20598
1.74418
2.50762
3.58254
5.08434
7.16573
10.0269
13.9277
19.203
26.2823
35.7144
48.2014
64.6463
86.2204
114.464
151.433
199.93
263.845
348.69
462.445
616.887
829.768
1128.41
1555.81
2181.22
3118.94
4562.44
6847.7
10572.4
16821.1
27318.6
45719.1
78453.1
137074
241859
427741
754315
1.323e+06
2.30616e+06
3.99592e+06
6.88591e+06
1.18094e+07
2.01744e+07
3.43776e+07
5.85396e+07
9.95873e+07
9.87538e+07
5.4612e+07
2.99763e+07
1.62517e+07
8.674e+06
4.54685e+06
2.33647e+06
1.17512e+06
577650
277159
129636
59035.6
26144.9
11247.4
4695.32
1900.29
745.047
282.811
103.895
36.9334
12.7067
4.23281
1.36626
0.427795
0.129982
0.0382665
0.0109727
0.00308557
0.000853503
0.000267378
7.93119e-05
1.61058e-05
1.78002e-06
2.45114e-05
8.48403e-05
0.000202942
0.000417323
0.000778351
0.00136567
0.0022985
0.00375783
0.00600864
0.00945246
0.0146833
0.0225838
0.0344576
0.0522243
0.0786953
0.117971
0.175986
0.261283
0.386058
0.567579
0.830065
1.20726
1.74583
2.50966
3.58496
5.08698
7.16825
10.0286
13.9273
19.1986
26.2706
35.6904
48.1579
64.5725
86.1009
114.276
151.146
199.499
263.204
347.746
461.059
614.851
826.762
1123.94
1549.07
2170.9
3102.82
4536.69
6805.53
10501.5
16698.6
27104.8
45338.3
77767.2
135836
239641
423808
747420
1.31103e+06
2.28554e+06
3.96063e+06
6.82587e+06
1.17076e+07
2.00025e+07
3.40873e+07
5.8048e+07
9.87679e+07
9.95227e+07
5.50412e+07
3.02168e+07
1.63857e+07
8.74791e+06
4.587e+06
2.35791e+06
1.18635e+06
583403
280040
131042
59704.9
26454.5
11386.6
4755.96
1925.9
755.505
286.941
105.47
37.5139
12.9133
4.30376
1.38981
0.435355
0.132345
0.0389842
0.0111735
0.00314303
0.000868581
0.000272113
8.06923e-05
1.63833e-05
1.78341e-06
2.45503e-05
8.49758e-05
0.000203888
0.000418075
0.000780418
0.00136837
0.00230384
0.00376526
0.00602076
0.00947219
0.0147145
0.0226326
0.0345333
0.0523398
0.0788698
0.118229
0.176364
0.261829
0.386834
0.568662
0.831545
1.20923
1.74839
2.51287
3.58878
5.0912
7.17237
10.0316
13.9274
19.1928
26.2541
35.6559
48.0944
64.464
85.9242
113.998
150.72
198.856
262.248
346.336
458.986
611.802
822.26
1117.23
1538.96
2155.42
3078.66
4498.13
6742.41
10395.4
16515.5
26785.5
44769.6
76742.4
133986
236323
417921
737096
1.2931e+06
2.25464e+06
3.90773e+06
6.73581e+06
1.1555e+07
1.97445e+07
3.36514e+07
5.73099e+07
9.75348e+07
1.00676e+08
5.56853e+07
3.05778e+07
1.65871e+07
8.85903e+06
4.64743e+06
2.39021e+06
1.20327e+06
592085
284391
133170
60717.9
26923.7
11597.6
4848.04
1964.81
771.417
293.231
107.873
38.3997
13.2287
4.41222
1.42585
0.446929
0.135961
0.0400826
0.0114827
0.00323151
0.000891921
0.000279372
8.28229e-05
1.68099e-05
1.78764e-06
2.46021e-05
8.45788e-05
0.000204366
0.000419115
0.000780675
0.00137208
0.00230977
0.00377572
0.00603783
0.0094988
0.0147574
0.0227004
0.0346377
0.0524988
0.0791086
0.118584
0.176886
0.262585
0.38791
0.570166
0.833606
1.21199
1.75199
2.5174
3.59422
5.09733
7.17854
10.0365
13.9287
19.1866
26.2342
35.6125
48.0131
64.3235
85.6937
113.634
150.158
198.007
260.983
344.466
456.234
607.752
816.272
1108.31
1525.51
2134.81
3046.49
4446.78
6658.4
10254.3
16272.3
26361.6
44014.5
75381.3
131528
231910
410087
723345
1.2692e+06
2.21343e+06
3.83715e+06
6.61557e+06
1.13511e+07
1.93997e+07
3.30687e+07
5.63228e+07
9.58815e+07
1.02218e+08
5.65462e+07
3.10607e+07
1.68567e+07
9.00794e+06
4.7285e+06
2.43358e+06
1.22604e+06
603775
290258
136042
62087.8
27559.1
11883.9
4973.1
2017.74
793.093
301.812
111.154
39.6114
13.6607
4.56094
1.47531
0.462837
0.140929
0.0415915
0.0119105
0.00335403
0.000924381
0.000289427
8.57632e-05
1.73998e-05
2.38283e-06
2.52616e-05
8.54163e-05
0.000204993
0.000420468
0.000784498
0.00137575
0.00231824
0.00378832
0.00605922
0.0095343
0.0148139
0.0227875
0.0347732
0.0527059
0.0794213
0.11905
0.17757
0.263575
0.389322
0.572144
0.836325
1.21565
1.75678
2.52348
3.60161
5.10579
7.18735
10.0441
13.9324
19.1815
26.2126
35.5627
47.9171
64.155
85.4146
113.189
149.47
196.964
259.422
342.153
452.822
602.72
808.824
1097.2
1508.73
2109.09
3006.31
4382.62
6553.42
10078
15968.4
25836.5
43077
73689.2
128468
226413
400316
706179
1.23933e+06
2.16189e+06
3.7488e+06
6.46498e+06
1.10955e+07
1.89674e+07
3.23376e+07
5.50837e+07
9.38e+07
1.04151e+08
5.76264e+07
3.16672e+07
1.71956e+07
9.19542e+06
4.83073e+06
2.48837e+06
1.25483e+06
618590
297706
139695
63833.4
28370.3
12250
5133.38
2085.7
820.976
312.87
115.391
41.1786
14.2203
4.75391
1.53959
0.483536
0.147395
0.0435554
0.0124713
0.00351466
0.000967106
0.00030265
8.96305e-05
1.81743e-05
1.80082e-06
2.5348e-05
8.51413e-05
0.000205202
0.000422182
0.000787249
0.00138244
0.00232776
0.00380526
0.00608739
0.00957866
0.0148845
0.0228985
0.034945
0.0529678
0.0798163
0.119638
0.178435
0.26483
0.391115
0.574665
0.8398
1.22034
1.76297
2.53139
3.61133
5.11711
7.19951
10.0554
13.9397
19.1792
26.1919
35.5095
47.8104
63.9638
85.0936
112.673
148.666
195.739
257.583
339.421
448.782
596.75
799.97
1083.96
1488.73
2078.39
2958.29
4305.87
6427.69
9866.56
15603.5
25216
41964.1
71676.6
124824
219855
388645
685646
1.20357e+06
2.1001e+06
3.64275e+06
6.28402e+06
1.07881e+07
1.84469e+07
3.1457e+07
5.35904e+07
9.12714e+07
1.06481e+08
5.8929e+07
3.23994e+07
1.76055e+07
9.42251e+06
4.95478e+06
2.55499e+06
1.28992e+06
636685
306824
144178
65980.4
29370.4
12702.5
5331.91
2170.08
855.678
326.665
120.687
43.1419
14.9228
4.99661
1.62057
0.509659
0.155563
0.0460366
0.0131841
0.00371902
0.0010217
0.000319529
9.45675e-05
1.9163e-05
2.39977e-06
2.48664e-05
8.61211e-05
0.000206184
0.000423713
0.000790785
0.0013894
0.00233979
0.00382528
0.00612081
0.0096332
0.0149716
0.0230356
0.0351563
0.0532912
0.0803041
0.120367
0.179508
0.266388
0.393346
0.577806
0.844144
1.22623
1.77077
2.54144
3.62383
5.13193
7.21592
10.0717
13.9522
19.182
26.1748
35.4569
47.6983
63.7567
84.7399
112.098
147.764
194.355
255.496
336.308
444.167
589.915
789.815
1068.77
1465.73
2043.07
2903.03
4217.53
6283.02
9623.45
15184.3
24503.3
40685.6
69362.7
120628
212294
375162
661881
1.1621e+06
2.02834e+06
3.5194e+06
6.0732e+06
1.04295e+07
1.78387e+07
3.04266e+07
5.1841e+07
8.83129e+07
1.09209e+08
6.04568e+07
3.32599e+07
1.80883e+07
9.69073e+06
5.10171e+06
2.63412e+06
1.33172e+06
658298
317747
149564
68566.7
30578.6
13250.6
5573.08
2272.87
898.059
343.556
127.189
45.558
15.7894
5.29663
1.7209
0.542082
0.165713
0.0491213
0.0140749
0.00397454
0.00109033
0.000340745
0.000100765
2.04039e-05
3.00089e-06
2.50011e-05
8.48251e-05
0.000207988
0.000426885
0.000795223
0.00139743
0.00235469
0.00385076
0.00616226
0.00970011
0.0150774
0.023202
0.0354136
0.053685
0.0808994
0.121254
0.180817
0.268292
0.396076
0.581661
0.849493
1.23351
1.78048
2.55404
3.63965
5.15099
7.23758
10.0941
13.9719
19.1923
26.1648
35.4094
47.5869
63.542
84.3646
111.48
146.782
192.839
253.2
332.87
439.054
582.326
778.522
1051.85
1440.11
2003.7
2841.44
4119.1
6121.91
9352.89
14718
23709.9
39262.6
66785.6
115950
203847
360067
635219
1.11548e+06
1.94749e+06
3.38014e+06
5.83467e+06
1.00228e+07
1.71477e+07
2.92533e+07
4.98454e+07
8.49249e+07
1.1234e+08
6.22204e+07
3.42566e+07
1.86495e+07
1.00037e+07
5.27373e+06
2.72708e+06
1.38099e+06
683860
330705
155972
71653.9
32025
13908.7
5863.48
2396.99
949.381
364.066
135.105
48.5072
16.8498
5.66462
1.84422
0.582015
0.178233
0.0529289
0.0151793
0.0042915
0.00117586
0.000367154
0.000108478
2.1945e-05
2.42434e-06
2.51638e-05
8.59912e-05
0.000209441
0.000428829
0.000801885
0.00140793
0.00237171
0.0038806
0.0062117
0.0097801
0.0152057
0.023402
0.0357234
0.0541588
0.0816156
0.122324
0.182395
0.270591
0.399377
0.586331
0.855989
1.24239
1.79236
2.56957
3.65935
5.17506
7.26557
10.1244
14.0007
19.2129
26.1658
35.3722
47.4832
63.3295
83.9811
110.835
145.747
191.228
250.745
329.179
433.548
574.135
766.314
1033.54
1412.37
1961.08
2774.79
4012.66
5947.88
9061
14215.7
22854.4
37729.6
64009.4
110906
194725
343735
606313
1.06484e+06
1.85949e+06
3.22823e+06
5.57392e+06
9.57722e+06
1.63886e+07
2.79612e+07
4.76415e+07
8.11662e+07
1.15766e+08
6.42636e+07
3.54168e+07
1.93055e+07
1.03708e+07
5.47621e+06
2.83683e+06
1.43932e+06
714198
346123
163615
75344.5
33758.2
14699.2
6213.14
2546.79
1011.48
388.942
144.73
52.1015
18.1451
6.11514
1.99552
0.6311
0.193646
0.0576206
0.0165443
0.00468339
0.00128203
0.000399895
0.00011803
2.38497e-05
2.4409e-06
2.53543e-05
8.60905e-05
0.0002106
0.000432566
0.000807964
0.00141998
0.00239249
0.00391621
0.00627041
0.00987635
0.0153572
0.0236409
0.0360929
0.0547238
0.0824698
0.1236
0.184278
0.273335
0.403324
0.591924
0.863788
1.25308
1.80675
2.58847
3.68353
5.20498
7.30101
10.1639
14.0408
19.2468
26.1816
35.3508
47.395
63.1298
83.6043
110.186
144.689
189.564
248.19
325.32
427.773
565.526
753.467
1014.26
1383.17
1916.23
2704.72
3900.93
5765.53
8755.79
13691.7
21962.4
36134.2
61123.2
105663
185240
326739
576201
1.01204e+06
1.76766e+06
3.0696e+06
5.3014e+06
9.11108e+06
1.55937e+07
2.66069e+07
4.53293e+07
7.72142e+07
1.18671e+08
6.67261e+07
3.68142e+07
2.00953e+07
1.08126e+07
5.71981e+06
2.96883e+06
1.50947e+06
750686
364669
172814
79789
35847.2
15653
6635.61
2728.07
1086.74
419.15
156.439
56.4833
19.7273
6.66652
2.18101
0.691445
0.212594
0.0633909
0.0182242
0.00516499
0.00141277
0.000440135
0.000129732
2.6183e-05
2.46076e-06
2.55864e-05
8.75058e-05
0.000211493
0.000436418
0.000815417
0.00143395
0.00241819
0.0039591
0.00634048
0.00998892
0.0155375
0.0239228
0.03653
0.0553914
0.083479
0.125106
0.186502
0.276577
0.40799
0.598543
0.873034
1.26579
1.8239
2.61113
3.71273
5.24148
7.34495
10.2142
14.0942
19.2967
26.2162
35.3508
47.33
62.954
83.25
109.555
143.64
187.893
245.604
321.391
421.87
556.706
740.289
994.484
1353.21
1870.27
2633.03
3786.87
5579.87
8445.99
13161.5
21061.5
34528.2
58225.3
100408
175744
309737
546105
959321
1.67612e+06
2.91175e+06
5.03076e+06
8.64922e+06
1.48081e+07
2.52722e+07
4.30579e+07
7.33426e+07
1.1976e+08
6.98155e+07
3.85545e+07
2.10725e+07
1.1356e+07
6.01798e+06
3.12973e+06
1.59467e+06
794882
387086
183914
85147.2
38364.6
16802.4
7144.94
2946.8
1177.66
455.694
170.628
61.802
21.6515
7.33829
2.40742
0.765167
0.235836
0.0704292
0.0203781
0.00573637
0.00156887
0.000488178
0.000143699
2.89664e-05
1.89353e-06
2.645e-05
8.84764e-05
0.000214536
0.000440473
0.000824977
0.00145068
0.00244694
0.00400892
0.00642271
0.0101223
0.0157487
0.0242534
0.0370408
0.056172
0.0846576
0.126867
0.189098
0.280362
0.413437
0.606276
0.883847
1.28068
1.84405
2.63787
3.74737
5.28516
7.3982
10.2763
14.1625
19.365
26.2731
35.3771
47.2954
62.8125
82.9334
108.964
142.632
186.262
243.054
317.491
415.988
547.893
727.101
974.679
1323.23
1824.33
2561.49
3673.3
5395.55
8139.48
12638.9
20175.6
32955.1
55395.8
95290.8
166514
293241
516966
908420
1.58803e+06
2.76046e+06
4.77268e+06
8.21154e+06
1.40694e+07
2.40293e+07
4.09685e+07
6.98359e+07
1.16888e+08
7.37185e+07
4.07184e+07
2.22727e+07
1.20172e+07
6.378e+06
3.32287e+06
1.69649e+06
847516
413718
197081
91497.1
41347.1
18164.7
7749.03
3206.54
1285.8
499.235
187.569
68.1659
23.9589
8.14564
2.68011
0.854115
0.263941
0.0790046
0.0229429
0.00642975
0.00175747
0.00054578
0.000160333
3.2262e-05
3.10131e-06
2.61792e-05
8.96216e-05
0.000216826
0.000447796
0.000836294
0.00147
0.00248235
0.00406734
0.00651869
0.0102767
0.0159946
0.0246374
0.0376332
0.0570755
0.0860192
0.128897
0.19209
0.28472
0.419706
0.615173
0.896291
1.29783
1.8673
2.66879
3.78764
5.33626
7.46112
10.3509
14.2465
19.453
26.3543
35.433
47.2966
62.7137
82.6676
108.434
141.695
184.717
240.608
313.721
410.27
539.298
714.216
955.312
1293.91
1779.42
2491.66
3562.65
5216.37
7842.32
12133.7
19320.5
31441.3
52679.5
90385.6
157675
277449
489080
859735
1.50384e+06
2.61606e+06
4.52671e+06
7.7951e+06
1.33679e+07
2.28515e+07
3.89935e+07
6.65272e+07
1.12295e+08
7.81469e+07
4.31721e+07
2.36331e+07
1.27666e+07
6.78613e+06
3.5419e+06
1.81203e+06
907296
444000
212074
98740.5
44756.3
19725.3
8442.92
3505.72
1410.73
549.698
207.266
75.5897
26.6593
9.0935
3.0012
0.959145
0.297152
0.0892309
0.0259534
0.00724958
0.00200919
0.000608639
0.000178494
3.58575e-05
3.13219e-06
2.65513e-05
9.09416e-05
0.000220741
0.000453707
0.000848267
0.00149323
0.00252231
0.00413416
0.00662969
0.0104546
0.0162744
0.0250751
0.0383078
0.058102
0.0875647
0.131197
0.195474
0.289642
0.426776
0.625199
0.91031
1.31716
1.89353
2.70374
3.83327
5.39446
7.53333
10.4375
14.346
19.5605
26.4601
35.5199
47.3364
62.6633
82.4624
107.979
140.856
183.298
238.329
310.175
404.859
531.131
701.942
936.838
1265.92
1736.56
2425.05
3457.2
5045.81
7559.78
11653.9
18507.2
30004.4
50103.8
85733.6
149281
262427
462494
813217
1.42322e+06
2.47744e+06
4.28997e+06
7.39307e+06
1.26883e+07
2.17061e+07
3.70636e+07
6.32735e+07
1.0742e+08
8.27773e+07
4.57489e+07
2.50683e+07
1.35606e+07
7.22041e+06
3.77592e+06
1.93597e+06
971676
476741
228348
106634
48486.4
21440.1
9208.55
3837.27
1549.79
606.117
229.386
83.9629
29.7179
10.1714
3.36772
1.07944
0.335299
0.100957
0.0294082
0.00826024
0.00230386
0.000675222
0.000197765
3.96715e-05
1.9884e-06
2.75708e-05
9.24629e-05
0.000223382
0.000461863
0.000862245
0.00152066
0.00256785
0.0042105
0.00675448
0.0106549
0.0165912
0.025567
0.0390628
0.0592465
0.0892811
0.133743
0.19921
0.295062
0.434546
0.636198
0.92567
1.33832
1.92224
2.74202
3.88334
5.45854
7.61321
10.5341
14.4584
19.6847
26.5875
35.6348
47.4129
62.661
82.3212
107.611
140.134
182.039
236.271
306.938
399.887
523.595
690.585
919.715
1239.96
1696.81
2363.29
3359.54
4888.11
7299.17
11212.5
17746.3
28666
47706.6
81399.7
141444
248357
437512
769356
1.34695e+06
2.34586e+06
4.06448e+06
7.00886e+06
1.20366e+07
2.06041e+07
3.52015e+07
6.01239e+07
1.02332e+08
8.7396e+07
4.83245e+07
2.65073e+07
1.43597e+07
7.65925e+06
4.01342e+06
2.0623e+06
1.0376e+06
510418
245166
114831
52378.9
23238.4
10015.6
4188.6
1697.93
666.543
253.203
93.0265
33.0458
11.35
3.77034
1.21219
0.377538
0.113967
0.0332517
0.00940514
0.00261983
0.000750675
0.00021946
4.3944e-05
2.61832e-06
2.74473e-05
9.35466e-05
0.000227604
0.000469072
0.00087844
0.00154857
0.00261759
0.00429346
0.00689041
0.0108729
0.0169334
0.0260974
0.0398732
0.0604721
0.0911126
0.136451
0.203172
0.300794
0.442744
0.64778
0.941814
1.36053
1.95235
2.78216
3.93586
5.52582
7.69739
10.6365
14.5786
19.8197
26.7299
35.7706
47.5191
62.7014
82.2414
107.332
139.54
180.968
234.486
304.098
395.493
516.905
680.475
904.448
1216.79
1661.31
2308.16
3272.38
4747.45
7066.8
10819.1
17063.5
27466
45556.3
77505.9
134385
235640
414847
729416
1.27725e+06
2.22519e+06
3.85697e+06
6.65405e+06
1.14328e+07
1.95798e+07
3.34655e+07
5.71783e+07
9.75042e+07
9.1752e+07
5.0759e+07
2.78717e+07
1.51201e+07
8.07849e+06
4.24125e+06
2.18402e+06
1.10139e+06
543161
261596
122877
56219.7
25022.2
10820.5
4540.9
1847.31
727.823
277.495
102.322
36.4776
12.5717
4.18971
1.35104
0.421967
0.127659
0.0373148
0.0105995
0.00295349
0.000833193
0.000243078
4.85799e-05
2.07226e-06
2.85551e-05
9.59698e-05
0.000232202
0.000478237
0.000895991
0.00157991
0.0026702
0.004382
0.00703321
0.0110987
0.017286
0.0266403
0.040699
0.0617135
0.09296
0.139171
0.207137
0.30651
0.450891
0.659253
0.957764
1.38243
1.98196
2.82158
3.98738
5.59183
7.78004
10.7372
14.6974
19.9543
26.874
35.9126
47.6392
62.7686
82.2091
107.132
139.075
180.098
233.011
301.729
391.807
511.276
671.953
891.57
1197.25
1631.38
2261.69
3198.97
4629.05
6871.37
10488.4
16489.8
26457.8
43748.7
74228.3
128429
224880
395606
695395
1.21768e+06
2.12173e+06
3.67849e+06
6.34796e+06
1.09104e+07
1.86912e+07
3.1956e+07
5.46116e+07
9.32316e+07
9.55614e+07
5.28916e+07
2.90698e+07
1.57899e+07
8.44896e+06
4.4433e+06
2.29238e+06
1.15841e+06
572551
276409
130167
59716.2
26654.6
11561.1
4866.94
1986.38
785.219
300.389
111.139
39.7535
13.7454
4.59512
1.48607
0.465398
0.141115
0.0413262
0.0117741
0.00328333
0.000916523
0.000266832
5.32207e-05
2.1133e-06
2.90362e-05
9.70942e-05
0.000235321
0.000485594
0.000912287
0.00160834
0.00272043
0.00446339
0.00716451
0.0113065
0.0176094
0.0271365
0.0414511
0.0628404
0.0946307
0.141623
0.210698
0.311627
0.458164
0.669464
0.971971
1.4018
2.0081
2.85628
4.03265
5.64972
7.85243
10.8254
14.8017
20.0729
27.0022
36.0412
47.7528
62.843
82.2082
107.003
138.744
179.456
231.905
299.94
389.014
507.004
665.487
881.805
1182.45
1608.76
2226.63
3143.72
4540.17
6725.06
10241.5
16062.7
25707.7
42404.1
71788.7
123989
216841
381193
669837
1.1728e+06
2.04354e+06
3.54318e+06
6.11512e+06
1.05117e+07
1.8011e+07
3.07975e+07
5.26373e+07
8.99154e+07
9.84927e+07
5.45353e+07
2.99953e+07
1.63085e+07
8.73668e+06
4.6007e+06
2.37707e+06
1.20314e+06
595696
288124
135958
62507.9
27964.8
12158.8
5131.55
2099.92
832.364
319.309
118.47
42.4933
14.7325
4.93792
1.6008
0.502412
0.152721
0.0448025
0.012766
0.00356267
0.000987993
0.000287126
5.71687e-05
2.7386e-06
2.7674e-05
9.79358e-05
0.000238842
0.000493504
0.000924294
0.00163094
0.00275763
0.00452473
0.00726382
0.0114627
0.017852
0.0275056
0.042007
0.0636691
0.0958526
0.143407
0.213274
0.315306
0.46336
0.676715
0.981957
1.41539
2.0263
2.88029
4.06376
5.68923
7.90152
10.8849
14.8715
20.1518
27.0871
36.1261
47.8278
62.8929
82.2107
106.926
138.54
179.061
231.228
298.848
387.319
504.424
661.602
875.971
1173.66
1595.39
2206.05
3111.48
4488.65
6640.85
10100.5
15821
25285.7
41650.2
70424.2
121510
212357
373158
655596
1.1478e+06
1.99997e+06
3.46772e+06
5.98511e+06
1.02887e+07
1.76295e+07
3.01458e+07
5.15231e+07
8.80184e+07
1.00149e+08
5.54651e+07
3.05198e+07
1.6603e+07
8.90048e+06
4.69059e+06
2.42562e+06
1.2289e+06
609091
294942
139349
64153.1
28742.2
12516.1
5290.96
2168.87
861.236
330.996
123.038
44.2158
15.3586
5.15717
1.67478
0.526467
0.16029
0.047128
0.0134171
0.00374689
0.0010353
0.000300571
5.97743e-05
)
;

boundaryField
{
    fuel
    {
        type            calculated;
        value           uniform 0;
    }
    air
    {
        type            calculated;
        value           uniform 0;
    }
    outlet
    {
        type            calculated;
        value           uniform 0;
    }
    frontAndBack
    {
        type            empty;
    }
}


// ************************************************************************* //
