/*--------------------------------*- C++ -*----------------------------------*\
| =========                 |                                                 |
| \\      /  F ield         | OpenFOAM: The Open Source CFD Toolbox           |
|  \\    /   O peration     | Version:  2312                                  |
|   \\  /    A nd           | Website:  www.openfoam.com                      |
|    \\/     M anipulation  |                                                 |
\*---------------------------------------------------------------------------*/
FoamFile
{
    version     2.0;
    format      ascii;
    arch        "LSB;label=64;scalar=64";
    class       volScalarField;
    location    "0.35";
    object      O2;
}
// * * * * * * * * * * * * * * * * * * * * * * * * * * * * * * * * * * * * * //

dimensions      [0 0 0 0 0 0 0];

internalField   nonuniform List<scalar> 
4000
(
2.88975e-09
9.37933e-09
1.66709e-08
2.48398e-08
3.3962e-08
4.41144e-08
5.53731e-08
6.78125e-08
8.15036e-08
9.65121e-08
1.12897e-07
1.30709e-07
1.49986e-07
1.70757e-07
1.93035e-07
2.16817e-07
2.42086e-07
2.68808e-07
2.9693e-07
3.26387e-07
3.57098e-07
3.88969e-07
4.21899e-07
4.55781e-07
4.90506e-07
5.25973e-07
5.62095e-07
5.98805e-07
6.3607e-07
6.739e-07
7.12364e-07
7.51602e-07
7.91847e-07
8.33444e-07
8.76874e-07
9.22784e-07
9.72022e-07
1.02568e-06
1.08517e-06
1.15226e-06
1.22923e-06
1.31902e-06
1.4254e-06
1.55335e-06
1.70948e-06
1.90276e-06
2.1456e-06
2.45551e-06
2.85782e-06
3.39004e-06
4.10918e-06
5.10432e-06
6.51818e-06
8.53381e-06
1.15653e-05
1.62646e-05
2.37727e-05
3.61034e-05
5.68102e-05
9.21275e-05
0.0001529
0.000257844
0.000439055
0.000751336
0.00128796
0.0022074
0.00377889
0.00646134
0.0110428
0.0188886
0.0303541
0.043511
0.057287
0.0710799
0.0845521
0.0975166
0.109872
0.121565
0.132572
0.142881
0.152495
0.161417
0.169659
0.177235
0.18416
0.190456
0.196144
0.201252
0.205806
0.209841
0.213388
0.216485
0.219168
0.221476
0.223447
0.225119
0.226527
0.227707
0.228773
0.229643
2.87143e-09
9.32018e-09
1.65672e-08
2.46884e-08
3.37604e-08
4.38601e-08
5.5064e-08
6.74467e-08
8.10798e-08
9.60302e-08
1.12358e-07
1.30114e-07
1.49339e-07
1.70063e-07
1.92299e-07
2.16048e-07
2.41292e-07
2.67999e-07
2.9612e-07
3.25589e-07
3.56326e-07
3.88239e-07
4.21228e-07
4.55186e-07
4.90005e-07
5.25585e-07
5.61836e-07
5.98694e-07
6.36123e-07
6.74134e-07
7.12794e-07
7.52243e-07
7.92713e-07
8.3455e-07
8.78235e-07
9.24416e-07
9.73945e-07
1.02792e-06
1.08776e-06
1.15524e-06
1.23267e-06
1.323e-06
1.43004e-06
1.55881e-06
1.71598e-06
1.91063e-06
2.15529e-06
2.4677e-06
2.8735e-06
3.41071e-06
4.1372e-06
5.14342e-06
6.57449e-06
8.61755e-06
1.16947e-05
1.64714e-05
2.41138e-05
3.66803e-05
5.78041e-05
9.38588e-05
0.000155929
0.000263141
0.000448293
0.000767377
0.00131569
0.0022551
0.00386061
0.00660093
0.0112809
0.0192949
0.0308532
0.0440596
0.0578595
0.0716607
0.0851313
0.0980876
0.11043
0.122107
0.133094
0.143382
0.152971
0.161868
0.170082
0.177629
0.184524
0.190789
0.196446
0.201522
0.206046
0.21005
0.213568
0.216637
0.219295
0.221579
0.223528
0.22518
0.226571
0.227736
0.228789
0.229648
2.84999e-09
9.25043e-09
1.64428e-08
2.45034e-08
3.35091e-08
4.3538e-08
5.46674e-08
6.69731e-08
8.05278e-08
9.53995e-08
1.11649e-07
1.29331e-07
1.48485e-07
1.69144e-07
1.91324e-07
2.15026e-07
2.40236e-07
2.66924e-07
2.95041e-07
3.24526e-07
3.55299e-07
3.87272e-07
4.20345e-07
4.54413e-07
4.89369e-07
5.25113e-07
5.61557e-07
5.98636e-07
6.36313e-07
6.74598e-07
7.1356e-07
7.53336e-07
7.9416e-07
8.36376e-07
8.80468e-07
9.27087e-07
9.77092e-07
1.03159e-06
1.092e-06
1.16015e-06
1.23834e-06
1.32958e-06
1.43773e-06
1.56789e-06
1.72684e-06
1.92383e-06
2.17162e-06
2.48834e-06
2.90019e-06
3.44612e-06
4.18551e-06
5.21136e-06
6.6732e-06
8.76526e-06
1.19238e-05
1.68389e-05
2.47216e-05
3.77112e-05
5.95842e-05
9.6964e-05
0.000161366
0.000272652
0.000464871
0.00079613
0.00136529
0.00234021
0.004006
0.00684848
0.0117021
0.0200117
0.0317326
0.0450247
0.0588645
0.0726772
0.0861413
0.0990788
0.111394
0.123037
0.133985
0.14423
0.153773
0.16262
0.170783
0.178276
0.185117
0.191326
0.196928
0.20195
0.206421
0.210374
0.213844
0.216868
0.219484
0.22173
0.223646
0.225268
0.226634
0.227777
0.228811
0.229654
2.82681e-09
9.17518e-09
1.63091e-08
2.43046e-08
3.32393e-08
4.31918e-08
5.42406e-08
6.64628e-08
7.99321e-08
9.47179e-08
1.10883e-07
1.28482e-07
1.47559e-07
1.68146e-07
1.90263e-07
2.13914e-07
2.39087e-07
2.65754e-07
2.9387e-07
3.23374e-07
3.54192e-07
3.86237e-07
4.1941e-07
4.53608e-07
4.88727e-07
5.24668e-07
5.61343e-07
5.98686e-07
6.36663e-07
6.75284e-07
7.14614e-07
7.54794e-07
7.96056e-07
8.38745e-07
8.83349e-07
9.30524e-07
9.81133e-07
1.0363e-06
1.09746e-06
1.16646e-06
1.24566e-06
1.33809e-06
1.4477e-06
1.57969e-06
1.74099e-06
1.94106e-06
2.193e-06
2.5154e-06
2.93527e-06
3.49277e-06
4.24931e-06
5.30134e-06
6.80432e-06
8.96167e-06
1.22287e-05
1.73286e-05
2.55321e-05
3.90858e-05
6.19561e-05
0.000101096
0.000168586
0.000285249
0.000486764
0.000833982
0.00143037
0.00245154
0.00419563
0.00717064
0.0122495
0.0209409
0.0328705
0.0462716
0.0601607
0.0739857
0.0874382
0.100348
0.112625
0.124221
0.135115
0.145301
0.154781
0.163561
0.171655
0.179077
0.185846
0.191984
0.197516
0.202468
0.206873
0.210763
0.214174
0.217143
0.219708
0.22191
0.223785
0.225373
0.226709
0.227826
0.228838
0.229662
2.80548e-09
9.10601e-09
1.61862e-08
2.41218e-08
3.29904e-08
4.28711e-08
5.38429e-08
6.59838e-08
7.9369e-08
9.40691e-08
1.10149e-07
1.27664e-07
1.46662e-07
1.67177e-07
1.8923e-07
2.12829e-07
2.37964e-07
2.6461e-07
2.92726e-07
3.22253e-07
3.5312e-07
3.85241e-07
4.18523e-07
4.52863e-07
4.88159e-07
5.24314e-07
5.61242e-07
5.98875e-07
6.37182e-07
6.76173e-07
7.15912e-07
7.56542e-07
7.98294e-07
8.41518e-07
8.86702e-07
9.34509e-07
9.85813e-07
1.04175e-06
1.10378e-06
1.17378e-06
1.25414e-06
1.34797e-06
1.45929e-06
1.59342e-06
1.75748e-06
1.96117e-06
2.21798e-06
2.54707e-06
2.97636e-06
3.54745e-06
4.32415e-06
5.40693e-06
6.95826e-06
9.19243e-06
1.25872e-05
1.79047e-05
2.64858e-05
4.0703e-05
6.47439e-05
0.000105944
0.000177038
0.000299959
0.000512254
0.000877924
0.00150571
0.00258007
0.00441401
0.00754085
0.0128773
0.0220028
0.0341682
0.0476911
0.0616337
0.0754699
0.0889063
0.101782
0.114011
0.12555
0.13638
0.146496
0.155901
0.164603
0.172617
0.179957
0.186644
0.1927
0.198151
0.203026
0.207356
0.211176
0.214522
0.217431
0.219943
0.222096
0.22393
0.225481
0.226786
0.227877
0.228865
0.22967
2.78597e-09
9.04281e-09
1.60741e-08
2.39553e-08
3.2764e-08
4.25794e-08
5.34811e-08
6.55477e-08
7.88555e-08
9.34764e-08
1.09477e-07
1.26914e-07
1.45838e-07
1.66284e-07
1.88278e-07
2.11828e-07
2.36929e-07
2.63558e-07
2.91676e-07
3.21229e-07
3.52148e-07
3.8435e-07
4.17745e-07
4.52232e-07
4.87712e-07
5.24089e-07
5.61278e-07
5.99215e-07
6.37868e-07
6.77247e-07
7.17418e-07
7.58523e-07
8.00796e-07
8.44589e-07
8.90395e-07
9.38884e-07
9.90941e-07
1.04772e-06
1.1107e-06
1.18178e-06
1.26343e-06
1.3588e-06
1.47201e-06
1.60851e-06
1.77562e-06
1.98331e-06
2.2455e-06
2.58199e-06
3.02169e-06
3.60782e-06
4.40681e-06
5.52361e-06
7.12727e-06
9.44618e-06
1.29819e-05
1.85392e-05
2.75365e-05
4.2484e-05
6.78103e-05
0.000111266
0.000186293
0.000316017
0.000539994
0.000925586
0.00158716
0.00271855
0.00464857
0.00793731
0.0135477
0.0231312
0.0355437
0.0491923
0.0631882
0.077033
0.0904495
0.103286
0.115462
0.126938
0.137698
0.147737
0.157061
0.165679
0.173606
0.180858
0.187458
0.193428
0.198795
0.203589
0.207843
0.211592
0.214871
0.21772
0.220177
0.222282
0.224074
0.225589
0.226863
0.227928
0.228892
0.229678
2.76898e-09
8.9878e-09
1.59765e-08
2.38105e-08
3.25671e-08
4.23256e-08
5.31659e-08
6.51673e-08
7.84067e-08
9.29573e-08
1.08887e-07
1.26255e-07
1.45111e-07
1.65497e-07
1.87437e-07
2.10944e-07
2.36015e-07
2.62631e-07
2.90755e-07
3.20337e-07
3.5131e-07
3.83595e-07
4.17104e-07
4.5174e-07
4.87406e-07
5.24007e-07
5.61459e-07
5.99703e-07
6.38705e-07
6.78477e-07
7.19086e-07
7.60676e-07
8.03483e-07
8.47861e-07
8.94309e-07
9.43504e-07
9.96344e-07
1.054e-06
1.11797e-06
1.19021e-06
1.27321e-06
1.3702e-06
1.48541e-06
1.62444e-06
1.79479e-06
2.00674e-06
2.27465e-06
2.61902e-06
3.06983e-06
3.67206e-06
4.49499e-06
5.64845e-06
7.30513e-06
9.71465e-06
1.34005e-05
1.92133e-05
2.86535e-05
4.43771e-05
7.10667e-05
0.000116909
0.000196081
0.000332952
0.000569156
0.000975524
0.0016722
0.00286267
0.00489189
0.00834742
0.0142397
0.0242799
0.0369369
0.0507082
0.064754
0.0786041
0.0919972
0.104791
0.116911
0.128322
0.139008
0.148968
0.158208
0.16674
0.174579
0.181743
0.188255
0.194138
0.199422
0.204136
0.208314
0.211992
0.215207
0.217997
0.220402
0.222461
0.224212
0.225693
0.226937
0.227977
0.228919
0.229686
2.7542e-09
8.93998e-09
1.58919e-08
2.36849e-08
3.23965e-08
4.2106e-08
5.28934e-08
6.48385e-08
7.8019e-08
9.25089e-08
1.08377e-07
1.25685e-07
1.44484e-07
1.64817e-07
1.86711e-07
2.10183e-07
2.3523e-07
2.61838e-07
2.89972e-07
3.19586e-07
3.50615e-07
3.82984e-07
4.16607e-07
4.51391e-07
4.87239e-07
5.2406e-07
5.61773e-07
6.00319e-07
6.39666e-07
6.79826e-07
7.2087e-07
7.62942e-07
8.06281e-07
8.51244e-07
8.98336e-07
9.48243e-07
1.00187e-06
1.06042e-06
1.1254e-06
1.19882e-06
1.2832e-06
1.38187e-06
1.49914e-06
1.64076e-06
1.81445e-06
2.0308e-06
2.30463e-06
2.65717e-06
3.11951e-06
3.73842e-06
4.58623e-06
5.7778e-06
7.48928e-06
9.99348e-06
1.38365e-05
1.99169e-05
2.98213e-05
4.63583e-05
7.44751e-05
0.00012281
0.000206304
0.000350603
0.000599475
0.00102729
0.00176005
0.00301093
0.00514098
0.00876483
0.0149391
0.0254174
0.0383061
0.0521909
0.0662806
0.0801318
0.0934987
0.106248
0.118311
0.129655
0.140268
0.15015
0.159308
0.167755
0.175508
0.182585
0.189011
0.194812
0.200015
0.204652
0.208759
0.21237
0.215523
0.218258
0.220613
0.222629
0.224342
0.22579
0.227006
0.228023
0.228944
0.229693
2.74162e-09
8.89928e-09
1.58198e-08
2.35781e-08
3.22515e-08
4.19193e-08
5.26619e-08
6.45593e-08
7.76897e-08
9.21282e-08
1.07944e-07
1.25201e-07
1.43952e-07
1.64241e-07
1.86098e-07
2.09541e-07
2.34572e-07
2.61176e-07
2.89325e-07
3.18973e-07
3.50059e-07
3.82512e-07
4.16246e-07
4.51173e-07
4.87198e-07
5.24233e-07
5.62199e-07
6.01036e-07
6.40717e-07
6.81255e-07
7.2272e-07
7.65261e-07
8.09118e-07
8.54653e-07
9.02377e-07
9.52983e-07
1.0074e-06
1.06682e-06
1.13281e-06
1.2074e-06
1.29317e-06
1.39351e-06
1.51286e-06
1.65709e-06
1.83415e-06
2.05494e-06
2.33477e-06
2.69559e-06
3.16964e-06
3.80559e-06
4.67882e-06
5.90949e-06
7.67722e-06
1.02792e-05
1.4285e-05
2.06437e-05
3.10322e-05
4.84188e-05
7.80286e-05
0.000128974
0.000216998
0.000369095
0.000631285
0.00108169
0.00185252
0.00316724
0.00540406
0.00920638
0.0156797
0.026542
0.0396312
0.0536118
0.0677351
0.0815819
0.0949202
0.107625
0.119631
0.130911
0.141452
0.151258
0.160337
0.168703
0.176374
0.18337
0.189715
0.195437
0.200564
0.20513
0.209169
0.212718
0.215815
0.218498
0.220808
0.222784
0.224462
0.22588
0.227071
0.228066
0.228966
0.2297
2.73094e-09
8.86474e-09
1.57587e-08
2.34876e-08
3.21287e-08
4.17614e-08
5.24662e-08
6.43235e-08
7.74121e-08
9.18075e-08
1.0758e-07
1.24795e-07
1.43506e-07
1.63759e-07
1.85587e-07
2.09008e-07
2.34027e-07
2.60634e-07
2.88801e-07
3.18485e-07
3.49629e-07
3.82163e-07
4.16006e-07
4.51071e-07
4.87266e-07
5.24504e-07
5.62709e-07
6.01825e-07
6.41822e-07
6.82719e-07
7.24586e-07
7.67574e-07
8.11926e-07
8.58009e-07
9.06339e-07
9.57619e-07
1.01279e-06
1.07306e-06
1.14004e-06
1.21576e-06
1.30289e-06
1.40487e-06
1.52625e-06
1.67305e-06
1.85344e-06
2.07863e-06
2.3644e-06
2.73345e-06
3.21919e-06
3.87217e-06
4.77095e-06
6.04104e-06
7.86559e-06
1.0567e-05
1.47391e-05
2.13831e-05
3.22698e-05
5.05342e-05
8.1691e-05
0.000135351
0.000228105
0.000388384
0.00066463
0.00113905
0.00195074
0.00333481
0.00568929
0.00969205
0.0165095
0.0276607
0.0409014
0.0549522
0.0690961
0.0829323
0.0962396
0.108899
0.120851
0.132069
0.142543
0.152278
0.161283
0.169573
0.177167
0.184087
0.190358
0.196007
0.201065
0.205565
0.209543
0.213035
0.21608
0.218717
0.220985
0.222924
0.224571
0.225961
0.227129
0.228105
0.228987
0.229706
2.72198e-09
8.83577e-09
1.57074e-08
2.34117e-08
3.20258e-08
4.16292e-08
5.23026e-08
6.41265e-08
7.71803e-08
9.15401e-08
1.07277e-07
1.24457e-07
1.43136e-07
1.63361e-07
1.85166e-07
2.08571e-07
2.33585e-07
2.60198e-07
2.88385e-07
3.18106e-07
3.49307e-07
3.8192e-07
4.15866e-07
4.51061e-07
4.87415e-07
5.24845e-07
5.63275e-07
6.0265e-07
6.42945e-07
6.84176e-07
7.2642e-07
7.69826e-07
8.14643e-07
8.6124e-07
9.10141e-07
9.62056e-07
1.01794e-06
1.07902e-06
1.14692e-06
1.22373e-06
1.31215e-06
1.41571e-06
1.53903e-06
1.68831e-06
1.87189e-06
2.10133e-06
2.39285e-06
2.76988e-06
3.26698e-06
3.93657e-06
4.86035e-06
6.16917e-06
8.04957e-06
1.08493e-05
1.51864e-05
2.21144e-05
3.34986e-05
5.26411e-05
8.53487e-05
0.000141734
0.000239245
0.000407767
0.000698208
0.00119694
0.00205009
0.0035047
0.00597921
0.0101869
0.0173569
0.0287327
0.0420894
0.0561912
0.070346
0.0841674
0.097443
0.110059
0.12196
0.133119
0.143531
0.1532
0.162137
0.170357
0.177882
0.184733
0.190936
0.196519
0.201515
0.205956
0.209878
0.213319
0.216317
0.218913
0.221144
0.22305
0.224669
0.226035
0.227182
0.22814
0.229006
0.229711
2.71451e-09
8.81162e-09
1.56647e-08
2.33485e-08
3.19402e-08
4.15193e-08
5.21666e-08
6.39631e-08
7.69883e-08
9.13189e-08
1.07027e-07
1.24179e-07
1.42833e-07
1.63035e-07
1.84823e-07
2.08218e-07
2.33231e-07
2.59852e-07
2.88061e-07
3.1782e-07
3.49076e-07
3.81763e-07
4.15807e-07
4.51122e-07
4.87625e-07
5.25231e-07
5.63867e-07
6.03481e-07
6.44049e-07
6.85588e-07
7.28177e-07
7.71968e-07
8.17212e-07
8.64283e-07
9.1371e-07
9.66212e-07
1.02275e-06
1.08458e-06
1.15335e-06
1.23116e-06
1.32079e-06
1.42581e-06
1.55095e-06
1.70254e-06
1.88913e-06
2.12254e-06
2.41948e-06
2.80403e-06
3.31185e-06
3.99716e-06
4.94464e-06
6.29029e-06
8.22373e-06
1.11173e-05
1.56123e-05
2.28125e-05
3.4674e-05
5.46595e-05
8.88555e-05
0.000147855
0.000249925
0.000426338
0.000730353
0.0012523
0.002145
0.0036668
0.00625543
0.0106577
0.0181617
0.0297219
0.0431719
0.0573126
0.0714726
0.0852776
0.0985224
0.111098
0.122951
0.134057
0.144412
0.154021
0.162897
0.171055
0.178517
0.185306
0.191448
0.196973
0.201913
0.206301
0.210174
0.21357
0.216527
0.219086
0.221284
0.223162
0.224755
0.226099
0.227228
0.22817
0.229023
0.229716
2.70835e-09
8.7917e-09
1.56295e-08
2.32965e-08
3.18697e-08
4.14289e-08
5.20548e-08
6.38288e-08
7.68307e-08
9.11378e-08
1.06823e-07
1.23953e-07
1.42586e-07
1.62772e-07
1.84547e-07
2.07937e-07
2.3295e-07
2.59583e-07
2.87815e-07
3.17609e-07
3.48917e-07
3.81673e-07
4.15806e-07
4.51233e-07
4.8787e-07
5.25635e-07
5.64459e-07
6.04289e-07
6.45102e-07
6.8692e-07
7.2982e-07
7.73958e-07
8.19587e-07
8.67085e-07
9.16986e-07
9.70017e-07
1.02715e-06
1.08966e-06
1.1592e-06
1.23794e-06
1.32865e-06
1.435e-06
1.5618e-06
1.71549e-06
1.90481e-06
2.14186e-06
2.44373e-06
2.83515e-06
3.3528e-06
4.05251e-06
5.02175e-06
6.40127e-06
8.38335e-06
1.13635e-05
1.6004e-05
2.34556e-05
3.57576e-05
5.65206e-05
9.20874e-05
0.00015349
0.000259742
0.000443378
0.000759785
0.00130287
0.00223147
0.00381406
0.00650562
0.0110828
0.0188859
0.0306053
0.0441347
0.0583071
0.0724694
0.0862582
0.0994744
0.112013
0.123822
0.134881
0.145186
0.154742
0.163563
0.171666
0.179073
0.185807
0.191896
0.19737
0.20226
0.206603
0.210433
0.213789
0.216711
0.219237
0.221407
0.223259
0.22483
0.226156
0.227268
0.228197
0.229037
0.22972
2.70331e-09
8.77544e-09
1.56008e-08
2.3254e-08
3.18122e-08
4.13551e-08
5.19638e-08
6.37196e-08
7.67028e-08
9.0991e-08
1.06658e-07
1.2377e-07
1.42388e-07
1.62561e-07
1.84328e-07
2.07714e-07
2.32732e-07
2.59377e-07
2.8763e-07
3.17459e-07
3.48814e-07
3.81634e-07
4.15846e-07
4.51372e-07
4.88129e-07
5.26037e-07
5.65026e-07
6.05047e-07
6.46078e-07
6.8814e-07
7.31315e-07
7.75759e-07
8.21727e-07
8.69602e-07
9.19921e-07
9.73419e-07
1.03108e-06
1.09418e-06
1.16442e-06
1.24396e-06
1.33564e-06
1.44316e-06
1.57143e-06
1.72698e-06
1.91872e-06
2.15898e-06
2.46522e-06
2.86274e-06
3.3891e-06
4.10161e-06
5.09023e-06
6.49992e-06
8.52523e-06
1.15825e-05
1.6353e-05
2.40289e-05
3.6724e-05
5.818e-05
9.49667e-05
0.000158504
0.000268462
0.000458485
0.000785824
0.00134752
0.00230764
0.0039435
0.00672506
0.011455
0.0195185
0.0313757
0.0449728
0.0591715
0.0733348
0.0871085
0.100299
0.112805
0.124576
0.135593
0.145853
0.155363
0.164137
0.172192
0.179551
0.186238
0.192281
0.197711
0.202559
0.206862
0.210655
0.213977
0.216868
0.219366
0.221512
0.223343
0.224895
0.226205
0.227303
0.22822
0.229049
0.229724
2.69926e-09
8.76235e-09
1.55777e-08
2.32198e-08
3.1766e-08
4.12959e-08
5.18908e-08
6.36321e-08
7.66005e-08
9.08738e-08
1.06526e-07
1.23625e-07
1.42231e-07
1.62395e-07
1.84157e-07
2.07542e-07
2.32564e-07
2.59221e-07
2.87496e-07
3.17355e-07
3.48753e-07
3.81628e-07
4.15911e-07
4.51523e-07
4.88384e-07
5.26415e-07
5.65548e-07
6.05733e-07
6.46951e-07
6.89225e-07
7.32636e-07
7.77343e-07
8.23603e-07
8.71801e-07
9.22479e-07
9.76378e-07
1.03449e-06
1.09811e-06
1.16893e-06
1.24916e-06
1.34167e-06
1.4502e-06
1.57972e-06
1.73687e-06
1.93068e-06
2.1737e-06
2.4837e-06
2.88645e-06
3.4203e-06
4.14384e-06
5.14916e-06
6.58495e-06
8.64764e-06
1.17716e-05
1.66546e-05
2.45245e-05
3.75596e-05
5.96145e-05
9.74541e-05
0.00016283
0.000275977
0.000471486
0.000808198
0.00138582
0.00237288
0.0040542
0.00691247
0.0117724
0.0200578
0.0320318
0.045686
0.0599064
0.0740699
0.08783
0.100998
0.113476
0.125214
0.136196
0.146418
0.155888
0.164622
0.172636
0.179955
0.186602
0.192606
0.197998
0.202811
0.20708
0.210842
0.214136
0.217001
0.219476
0.2216
0.223413
0.22495
0.226246
0.227333
0.22824
0.22906
0.229727
2.69607e-09
8.75204e-09
1.55595e-08
2.31929e-08
3.17296e-08
4.12494e-08
5.18334e-08
6.35634e-08
7.65202e-08
9.07821e-08
1.06423e-07
1.23512e-07
1.4211e-07
1.62267e-07
1.84025e-07
2.07411e-07
2.32438e-07
2.59107e-07
2.874e-07
3.17286e-07
3.4872e-07
3.81643e-07
4.15986e-07
4.51671e-07
4.8862e-07
5.26754e-07
5.66007e-07
6.0633e-07
6.47705e-07
6.90155e-07
7.33763e-07
7.78688e-07
8.25192e-07
8.73659e-07
9.24636e-07
9.78868e-07
1.03735e-06
1.1014e-06
1.17271e-06
1.25352e-06
1.34671e-06
1.45608e-06
1.58663e-06
1.7451e-06
1.94063e-06
2.18593e-06
2.49903e-06
2.90611e-06
3.44614e-06
4.17878e-06
5.19787e-06
6.65514e-06
8.75047e-06
1.19299e-05
1.69067e-05
2.4939e-05
3.82585e-05
6.08143e-05
9.95333e-05
0.000166445
0.000282248
0.000482324
0.000826833
0.00141769
0.00242713
0.00414616
0.00706806
0.0120358
0.0205047
0.0325751
0.046276
0.0605139
0.074677
0.0884256
0.101575
0.114029
0.12574
0.136692
0.146882
0.15632
0.16502
0.173001
0.180286
0.1869
0.192873
0.198234
0.203017
0.207259
0.210995
0.214266
0.217109
0.219565
0.221673
0.223471
0.224994
0.226279
0.227357
0.228256
0.229068
0.22973
2.69362e-09
8.74414e-09
1.55455e-08
2.31723e-08
3.17018e-08
4.12138e-08
5.17896e-08
6.35111e-08
7.64591e-08
9.07123e-08
1.06345e-07
1.23427e-07
1.42018e-07
1.62171e-07
1.83927e-07
2.07314e-07
2.32346e-07
2.59025e-07
2.87334e-07
3.17242e-07
3.48706e-07
3.81668e-07
4.16059e-07
4.51803e-07
4.88822e-07
5.2704e-07
5.66389e-07
6.06823e-07
6.48323e-07
6.90914e-07
7.34679e-07
7.7978e-07
8.26477e-07
8.75159e-07
9.26373e-07
9.8087e-07
1.03965e-06
1.10403e-06
1.17574e-06
1.257e-06
1.35074e-06
1.46077e-06
1.59215e-06
1.75166e-06
1.94855e-06
2.19566e-06
2.51122e-06
2.92173e-06
3.46667e-06
4.20653e-06
5.23656e-06
6.71094e-06
8.83299e-06
1.20567e-05
1.71087e-05
2.5271e-05
3.88186e-05
6.17756e-05
0.000101199
0.000169338
0.000287266
0.000490991
0.000841722
0.00144313
0.0024704
0.00421949
0.00719206
0.0122456
0.0208604
0.0330072
0.0467451
0.0609965
0.075159
0.0888982
0.102032
0.114467
0.126157
0.137085
0.14725
0.156662
0.165335
0.17329
0.180548
0.187136
0.193083
0.19842
0.20318
0.2074
0.211117
0.214368
0.217195
0.219636
0.22173
0.223516
0.22503
0.226306
0.227376
0.228268
0.229075
0.229731
2.69186e-09
8.73844e-09
1.55354e-08
2.31574e-08
3.16817e-08
4.1188e-08
5.17579e-08
6.34732e-08
7.64149e-08
9.0662e-08
1.06289e-07
1.23365e-07
1.41952e-07
1.62102e-07
1.83857e-07
2.07246e-07
2.32283e-07
2.58969e-07
2.8729e-07
3.17216e-07
3.48702e-07
3.81693e-07
4.16121e-07
4.5191e-07
4.88983e-07
5.27263e-07
5.66685e-07
6.07201e-07
6.48795e-07
6.91492e-07
7.35375e-07
7.80606e-07
8.27448e-07
8.7629e-07
9.27682e-07
9.82377e-07
1.04138e-06
1.10601e-06
1.17801e-06
1.25961e-06
1.35375e-06
1.46427e-06
1.59627e-06
1.75656e-06
1.95446e-06
2.20292e-06
2.52031e-06
2.93338e-06
3.48199e-06
4.22725e-06
5.26549e-06
6.75271e-06
8.89485e-06
1.21519e-05
1.72603e-05
2.55203e-05
3.92392e-05
6.24974e-05
0.000102449
0.00017151
0.000291031
0.000497488
0.00085288
0.00146219
0.0025028
0.00427436
0.00728482
0.0124026
0.0211263
0.03333
0.0470952
0.0613566
0.0755185
0.0892505
0.102373
0.114793
0.126467
0.137377
0.147524
0.156916
0.16557
0.173504
0.180743
0.187312
0.19324
0.198558
0.203302
0.207505
0.211207
0.214445
0.217259
0.219688
0.221773
0.22355
0.225056
0.226325
0.22739
0.228278
0.22908
0.229733
2.69068e-09
8.73464e-09
1.55287e-08
2.31475e-08
3.16684e-08
4.1171e-08
5.1737e-08
6.34483e-08
7.63861e-08
9.06292e-08
1.06253e-07
1.23326e-07
1.4191e-07
1.62058e-07
1.83813e-07
2.07202e-07
2.32242e-07
2.58934e-07
2.87263e-07
3.17201e-07
3.48703e-07
3.81714e-07
4.16166e-07
4.51985e-07
4.89093e-07
5.27415e-07
5.66885e-07
6.07457e-07
6.49114e-07
6.9188e-07
7.35842e-07
7.8116e-07
8.28098e-07
8.77046e-07
9.28556e-07
9.83382e-07
1.04253e-06
1.10733e-06
1.17952e-06
1.26134e-06
1.35575e-06
1.4666e-06
1.599e-06
1.75981e-06
1.95839e-06
2.20774e-06
2.52635e-06
2.94113e-06
3.49218e-06
4.24105e-06
5.28476e-06
6.78056e-06
8.93612e-06
1.22154e-05
1.73615e-05
2.56868e-05
3.95201e-05
6.29796e-05
0.000103284
0.00017296
0.000293543
0.000501824
0.000860322
0.0014749
0.0025244
0.00431093
0.00734661
0.0125071
0.0213033
0.0335448
0.0473282
0.0615962
0.0757576
0.0894847
0.1026
0.11501
0.126673
0.137571
0.147706
0.157085
0.165726
0.173647
0.180872
0.187428
0.193344
0.19865
0.203382
0.207575
0.211266
0.214495
0.217301
0.219723
0.221801
0.223572
0.225073
0.226338
0.227399
0.228284
0.229084
0.229734
2.69009e-09
8.73273e-09
1.55254e-08
2.31426e-08
3.16617e-08
4.11625e-08
5.17266e-08
6.3436e-08
7.63718e-08
9.0613e-08
1.06235e-07
1.23306e-07
1.41889e-07
1.62037e-07
1.83791e-07
2.07181e-07
2.32223e-07
2.58917e-07
2.87251e-07
3.17194e-07
3.48704e-07
3.81725e-07
4.1619e-07
4.52024e-07
4.89149e-07
5.27492e-07
5.66986e-07
6.07586e-07
6.49273e-07
6.92075e-07
7.36076e-07
7.81437e-07
8.28423e-07
8.77424e-07
9.28992e-07
9.83883e-07
1.04311e-06
1.10799e-06
1.18027e-06
1.26221e-06
1.35675e-06
1.46776e-06
1.60036e-06
1.76143e-06
1.96034e-06
2.21014e-06
2.52936e-06
2.94498e-06
3.49727e-06
4.24794e-06
5.2944e-06
6.79451e-06
8.95681e-06
1.22472e-05
1.74123e-05
2.57703e-05
3.9661e-05
6.32215e-05
0.000103703
0.000173687
0.000294803
0.000503997
0.000864052
0.00148127
0.00253522
0.00432924
0.00737756
0.0125594
0.0213919
0.0336523
0.0474448
0.061716
0.0758771
0.0896018
0.102713
0.115119
0.126776
0.137668
0.147796
0.157169
0.165803
0.173718
0.180937
0.187486
0.193395
0.198696
0.203422
0.20761
0.211296
0.21452
0.217322
0.219741
0.221815
0.223583
0.225082
0.226345
0.227403
0.228288
0.229086
0.229735
2.69009e-09
8.73273e-09
1.55254e-08
2.31426e-08
3.16617e-08
4.11625e-08
5.17266e-08
6.3436e-08
7.63718e-08
9.0613e-08
1.06235e-07
1.23306e-07
1.41889e-07
1.62037e-07
1.83791e-07
2.07181e-07
2.32223e-07
2.58917e-07
2.87251e-07
3.17194e-07
3.48704e-07
3.81725e-07
4.1619e-07
4.52024e-07
4.89149e-07
5.27492e-07
5.66986e-07
6.07586e-07
6.49273e-07
6.92075e-07
7.36075e-07
7.81437e-07
8.28423e-07
8.77423e-07
9.28992e-07
9.83883e-07
1.04311e-06
1.10799e-06
1.18027e-06
1.26221e-06
1.35675e-06
1.46776e-06
1.60036e-06
1.76143e-06
1.96034e-06
2.21014e-06
2.52936e-06
2.94498e-06
3.49726e-06
4.24793e-06
5.2944e-06
6.79451e-06
8.9568e-06
1.22472e-05
1.74122e-05
2.57703e-05
3.96609e-05
6.32214e-05
0.000103703
0.000173686
0.000294802
0.000503996
0.00086405
0.00148126
0.00253521
0.00432923
0.00737755
0.0125594
0.0213919
0.0336523
0.0474447
0.0617159
0.0758771
0.0896018
0.102713
0.115119
0.126776
0.137668
0.147796
0.157169
0.165803
0.173718
0.180937
0.187486
0.193395
0.198696
0.203422
0.20761
0.211296
0.21452
0.217322
0.219741
0.221815
0.223583
0.225082
0.226345
0.227403
0.228288
0.229086
0.229735
2.69068e-09
8.73464e-09
1.55287e-08
2.31475e-08
3.16683e-08
4.1171e-08
5.1737e-08
6.34483e-08
7.63861e-08
9.06292e-08
1.06253e-07
1.23326e-07
1.4191e-07
1.62058e-07
1.83813e-07
2.07202e-07
2.32242e-07
2.58934e-07
2.87263e-07
3.17201e-07
3.48703e-07
3.81714e-07
4.16166e-07
4.51985e-07
4.89093e-07
5.27415e-07
5.66885e-07
6.07457e-07
6.49113e-07
6.9188e-07
7.35842e-07
7.8116e-07
8.28098e-07
8.77046e-07
9.28556e-07
9.83381e-07
1.04253e-06
1.10733e-06
1.17952e-06
1.26134e-06
1.35575e-06
1.4666e-06
1.599e-06
1.75981e-06
1.95838e-06
2.20773e-06
2.52635e-06
2.94112e-06
3.49218e-06
4.24104e-06
5.28475e-06
6.78055e-06
8.9361e-06
1.22153e-05
1.73614e-05
2.56867e-05
3.95199e-05
6.29793e-05
0.000103284
0.000172959
0.000293542
0.000501821
0.000860318
0.00147489
0.00252439
0.00431091
0.00734659
0.012507
0.0213032
0.0335447
0.0473281
0.061596
0.0757575
0.0894846
0.1026
0.11501
0.126673
0.137571
0.147705
0.157085
0.165725
0.173647
0.180872
0.187428
0.193343
0.19865
0.203382
0.207575
0.211266
0.214495
0.217301
0.219723
0.221801
0.223572
0.225073
0.226338
0.227399
0.228284
0.229084
0.229734
2.69186e-09
8.73844e-09
1.55354e-08
2.31574e-08
3.16816e-08
4.1188e-08
5.17578e-08
6.34731e-08
7.64149e-08
9.06619e-08
1.06289e-07
1.23365e-07
1.41952e-07
1.62102e-07
1.83857e-07
2.07245e-07
2.32282e-07
2.58969e-07
2.8729e-07
3.17215e-07
3.48702e-07
3.81693e-07
4.16121e-07
4.5191e-07
4.88982e-07
5.27262e-07
5.66684e-07
6.07201e-07
6.48795e-07
6.91491e-07
7.35374e-07
7.80606e-07
8.27447e-07
8.76289e-07
9.27681e-07
9.82376e-07
1.04138e-06
1.10601e-06
1.17801e-06
1.25961e-06
1.35375e-06
1.46427e-06
1.59626e-06
1.75655e-06
1.95446e-06
2.20291e-06
2.52031e-06
2.93337e-06
3.48199e-06
4.22724e-06
5.26548e-06
6.75269e-06
8.89481e-06
1.21518e-05
1.72602e-05
2.55202e-05
3.92389e-05
6.2497e-05
0.000102449
0.000171508
0.000291029
0.000497485
0.000852874
0.00146218
0.00250279
0.00427433
0.00728478
0.0124025
0.0211262
0.0333299
0.0470951
0.0613565
0.0755184
0.0892503
0.102373
0.114793
0.126467
0.137377
0.147524
0.156916
0.16557
0.173504
0.180743
0.187312
0.19324
0.198558
0.203302
0.207505
0.211207
0.214445
0.217259
0.219688
0.221773
0.22355
0.225056
0.226325
0.227389
0.228278
0.22908
0.229733
2.69362e-09
8.74414e-09
1.55455e-08
2.31723e-08
3.17018e-08
4.12138e-08
5.17896e-08
6.3511e-08
7.64591e-08
9.07123e-08
1.06345e-07
1.23427e-07
1.42018e-07
1.62171e-07
1.83927e-07
2.07314e-07
2.32346e-07
2.59025e-07
2.87333e-07
3.17242e-07
3.48706e-07
3.81667e-07
4.16058e-07
4.51803e-07
4.88822e-07
5.2704e-07
5.66389e-07
6.06823e-07
6.48322e-07
6.90913e-07
7.34679e-07
7.79779e-07
8.26476e-07
8.75158e-07
9.26372e-07
9.80869e-07
1.03965e-06
1.10403e-06
1.17574e-06
1.257e-06
1.35073e-06
1.46076e-06
1.59214e-06
1.75166e-06
1.94854e-06
2.19565e-06
2.51121e-06
2.92172e-06
3.46666e-06
4.20651e-06
5.23654e-06
6.7109e-06
8.83294e-06
1.20567e-05
1.71086e-05
2.52708e-05
3.88182e-05
6.1775e-05
0.000101198
0.000169336
0.000287263
0.000490985
0.000841714
0.00144312
0.00247038
0.00421945
0.007192
0.0122455
0.0208603
0.033007
0.0467448
0.0609962
0.0751587
0.0888979
0.102032
0.114467
0.126156
0.137084
0.14725
0.156662
0.165335
0.17329
0.180548
0.187136
0.193083
0.19842
0.20318
0.2074
0.211116
0.214368
0.217195
0.219636
0.22173
0.223516
0.22503
0.226306
0.227376
0.228268
0.229075
0.229731
2.69607e-09
8.75203e-09
1.55594e-08
2.31929e-08
3.17296e-08
4.12493e-08
5.18334e-08
6.35634e-08
7.65202e-08
9.0782e-08
1.06423e-07
1.23512e-07
1.4211e-07
1.62267e-07
1.84025e-07
2.07411e-07
2.32438e-07
2.59107e-07
2.874e-07
3.17286e-07
3.4872e-07
3.81643e-07
4.15985e-07
4.51671e-07
4.88619e-07
5.26754e-07
5.66006e-07
6.0633e-07
6.47704e-07
6.90154e-07
7.33762e-07
7.78687e-07
8.25191e-07
8.73657e-07
9.24634e-07
9.78866e-07
1.03735e-06
1.10139e-06
1.17271e-06
1.25351e-06
1.34671e-06
1.45607e-06
1.58663e-06
1.74509e-06
1.94062e-06
2.18592e-06
2.49902e-06
2.9061e-06
3.44613e-06
4.17876e-06
5.19784e-06
6.6551e-06
8.75041e-06
1.19298e-05
1.69066e-05
2.49387e-05
3.82581e-05
6.08135e-05
9.9532e-05
0.000166442
0.000282244
0.000482318
0.000826822
0.00141767
0.00242709
0.00414611
0.00706798
0.0120357
0.0205045
0.0325748
0.0462757
0.0605136
0.0746766
0.0884253
0.101575
0.114028
0.12574
0.136691
0.146882
0.15632
0.16502
0.173001
0.180286
0.1869
0.192872
0.198234
0.203017
0.207259
0.210995
0.214266
0.217109
0.219565
0.221673
0.223471
0.224994
0.226279
0.227357
0.228256
0.229068
0.22973
2.69926e-09
8.76234e-09
1.55777e-08
2.32198e-08
3.1766e-08
4.12959e-08
5.18908e-08
6.36321e-08
7.66004e-08
9.08738e-08
1.06526e-07
1.23625e-07
1.42231e-07
1.62395e-07
1.84156e-07
2.07542e-07
2.32564e-07
2.59221e-07
2.87496e-07
3.17355e-07
3.48752e-07
3.81628e-07
4.1591e-07
4.51523e-07
4.88384e-07
5.26415e-07
5.65547e-07
6.05733e-07
6.4695e-07
6.89224e-07
7.32635e-07
7.77342e-07
8.23602e-07
8.718e-07
9.22478e-07
9.76377e-07
1.03449e-06
1.0981e-06
1.16893e-06
1.24916e-06
1.34167e-06
1.4502e-06
1.57972e-06
1.73686e-06
1.93067e-06
2.17369e-06
2.48369e-06
2.88644e-06
3.42028e-06
4.14381e-06
5.14912e-06
6.5849e-06
8.64757e-06
1.17715e-05
1.66544e-05
2.45242e-05
3.75591e-05
5.96137e-05
9.74525e-05
0.000162828
0.000275972
0.000471478
0.000808185
0.0013858
0.00237285
0.00405414
0.00691237
0.0117722
0.0200575
0.0320315
0.0456857
0.059906
0.0740695
0.0878296
0.100998
0.113475
0.125214
0.136195
0.146417
0.155888
0.164621
0.172636
0.179954
0.186602
0.192606
0.197998
0.202811
0.20708
0.210842
0.214136
0.217
0.219476
0.2216
0.223413
0.22495
0.226246
0.227333
0.22824
0.22906
0.229727
2.70331e-09
8.77543e-09
1.56008e-08
2.32539e-08
3.18122e-08
4.13551e-08
5.19638e-08
6.37196e-08
7.67027e-08
9.0991e-08
1.06658e-07
1.2377e-07
1.42388e-07
1.62561e-07
1.84328e-07
2.07714e-07
2.32731e-07
2.59376e-07
2.8763e-07
3.17459e-07
3.48814e-07
3.81633e-07
4.15846e-07
4.51372e-07
4.88128e-07
5.26036e-07
5.65026e-07
6.05046e-07
6.46077e-07
6.88139e-07
7.31314e-07
7.75757e-07
8.21726e-07
8.696e-07
9.19919e-07
9.73417e-07
1.03108e-06
1.09418e-06
1.16442e-06
1.24395e-06
1.33563e-06
1.44316e-06
1.57142e-06
1.72697e-06
1.91871e-06
2.15897e-06
2.46521e-06
2.86273e-06
3.38908e-06
4.10158e-06
5.09019e-06
6.49986e-06
8.52515e-06
1.15824e-05
1.63528e-05
2.40285e-05
3.67234e-05
5.8179e-05
9.4965e-05
0.000158501
0.000268457
0.000458477
0.00078581
0.00134749
0.0023076
0.00394343
0.00672495
0.0114548
0.0195182
0.0313753
0.0449724
0.0591711
0.0733344
0.087108
0.100299
0.112804
0.124576
0.135593
0.145853
0.155363
0.164136
0.172192
0.179551
0.186238
0.192281
0.197711
0.202559
0.206862
0.210655
0.213977
0.216868
0.219366
0.221512
0.223342
0.224895
0.226205
0.227303
0.22822
0.229049
0.229724
2.70834e-09
8.79169e-09
1.56295e-08
2.32964e-08
3.18697e-08
4.14288e-08
5.20548e-08
6.38287e-08
7.68306e-08
9.11377e-08
1.06823e-07
1.23953e-07
1.42586e-07
1.62772e-07
1.84547e-07
2.07936e-07
2.3295e-07
2.59583e-07
2.87814e-07
3.17609e-07
3.48916e-07
3.81673e-07
4.15805e-07
4.51232e-07
4.87869e-07
5.25635e-07
5.64458e-07
6.04288e-07
6.45101e-07
6.86918e-07
7.29818e-07
7.73956e-07
8.19585e-07
8.67083e-07
9.16983e-07
9.70015e-07
1.02715e-06
1.08966e-06
1.1592e-06
1.23793e-06
1.32865e-06
1.435e-06
1.5618e-06
1.71549e-06
1.90481e-06
2.14185e-06
2.44372e-06
2.83514e-06
3.35278e-06
4.05248e-06
5.02171e-06
6.40121e-06
8.38326e-06
1.13633e-05
1.60038e-05
2.34552e-05
3.5757e-05
5.65196e-05
9.20856e-05
0.000153487
0.000259736
0.000443369
0.000759769
0.00130284
0.00223143
0.00381399
0.0065055
0.0110826
0.0188856
0.0306049
0.0441343
0.0583066
0.0724689
0.0862577
0.0994739
0.112013
0.123822
0.134881
0.145185
0.154741
0.163562
0.171666
0.179072
0.185807
0.191896
0.19737
0.20226
0.206602
0.210433
0.213789
0.216711
0.219237
0.221407
0.223259
0.22483
0.226156
0.227268
0.228197
0.229037
0.22972
2.71451e-09
8.81161e-09
1.56647e-08
2.33485e-08
3.19402e-08
4.15193e-08
5.21666e-08
6.3963e-08
7.69882e-08
9.13188e-08
1.07027e-07
1.24179e-07
1.42833e-07
1.63035e-07
1.84823e-07
2.08218e-07
2.3323e-07
2.59852e-07
2.88061e-07
3.1782e-07
3.49075e-07
3.81763e-07
4.15806e-07
4.51122e-07
4.87624e-07
5.2523e-07
5.63867e-07
6.0348e-07
6.44047e-07
6.85587e-07
7.28176e-07
7.71967e-07
8.1721e-07
8.64281e-07
9.13707e-07
9.66209e-07
1.02275e-06
1.08458e-06
1.15334e-06
1.23116e-06
1.32078e-06
1.4258e-06
1.55095e-06
1.70253e-06
1.88912e-06
2.12253e-06
2.41946e-06
2.80401e-06
3.31183e-06
3.99713e-06
4.9446e-06
6.29023e-06
8.22364e-06
1.11172e-05
1.56121e-05
2.28122e-05
3.46734e-05
5.46584e-05
8.88536e-05
0.000147852
0.000249919
0.000426329
0.000730336
0.00125227
0.00214496
0.00366672
0.0062553
0.0106575
0.0181614
0.0297214
0.0431715
0.0573121
0.0714721
0.0852771
0.0985218
0.111098
0.12295
0.134056
0.144411
0.154021
0.162896
0.171055
0.178517
0.185306
0.191448
0.196973
0.201913
0.206301
0.210174
0.21357
0.216527
0.219086
0.221284
0.223162
0.224755
0.226099
0.227228
0.22817
0.229023
0.229716
2.72198e-09
8.83576e-09
1.57074e-08
2.34117e-08
3.20258e-08
4.16292e-08
5.23025e-08
6.41265e-08
7.71802e-08
9.154e-08
1.07277e-07
1.24457e-07
1.43136e-07
1.63361e-07
1.85165e-07
2.08571e-07
2.33585e-07
2.60197e-07
2.88384e-07
3.18106e-07
3.49306e-07
3.81919e-07
4.15865e-07
4.5106e-07
4.87415e-07
5.24844e-07
5.63274e-07
6.02649e-07
6.42943e-07
6.84175e-07
7.26418e-07
7.69824e-07
8.14641e-07
8.61238e-07
9.10138e-07
9.62054e-07
1.01793e-06
1.07902e-06
1.14692e-06
1.22373e-06
1.31215e-06
1.4157e-06
1.53903e-06
1.6883e-06
1.87188e-06
2.10132e-06
2.39284e-06
2.76987e-06
3.26696e-06
3.93654e-06
4.86031e-06
6.16911e-06
8.04949e-06
1.08492e-05
1.51862e-05
2.21141e-05
3.3498e-05
5.26401e-05
8.53469e-05
0.000141731
0.00023924
0.000407758
0.000698192
0.00119691
0.00205005
0.00350463
0.00597909
0.0101867
0.0173565
0.0287323
0.0420889
0.0561907
0.0703455
0.0841669
0.0974424
0.110059
0.121959
0.133118
0.14353
0.153199
0.162136
0.170357
0.177882
0.184732
0.190935
0.196519
0.201514
0.205955
0.209878
0.213319
0.216317
0.218912
0.221144
0.22305
0.224669
0.226035
0.227181
0.22814
0.229006
0.229711
2.73094e-09
8.86473e-09
1.57587e-08
2.34876e-08
3.21287e-08
4.17614e-08
5.24662e-08
6.43234e-08
7.7412e-08
9.18074e-08
1.0758e-07
1.24795e-07
1.43506e-07
1.63759e-07
1.85586e-07
2.09008e-07
2.34027e-07
2.60634e-07
2.888e-07
3.18484e-07
3.49628e-07
3.82162e-07
4.16006e-07
4.5107e-07
4.87265e-07
5.24503e-07
5.62708e-07
6.01823e-07
6.41821e-07
6.82717e-07
7.24585e-07
7.67572e-07
8.11924e-07
8.58007e-07
9.06337e-07
9.57617e-07
1.01278e-06
1.07306e-06
1.14003e-06
1.21576e-06
1.30288e-06
1.40487e-06
1.52624e-06
1.67305e-06
1.85343e-06
2.07862e-06
2.36439e-06
2.73344e-06
3.21917e-06
3.87214e-06
4.77091e-06
6.04099e-06
7.86552e-06
1.05669e-05
1.47389e-05
2.13828e-05
3.22693e-05
5.05332e-05
8.16894e-05
0.000135348
0.000228101
0.000388376
0.000664617
0.00113903
0.0019507
0.00333474
0.00568918
0.00969187
0.0165092
0.0276603
0.0409009
0.0549517
0.0690956
0.0829318
0.096239
0.108899
0.120851
0.132068
0.142542
0.152277
0.161282
0.169572
0.177167
0.184087
0.190357
0.196007
0.201065
0.205565
0.209543
0.213035
0.21608
0.218717
0.220985
0.222924
0.224571
0.225961
0.227129
0.228105
0.228987
0.229706
2.74162e-09
8.89927e-09
1.58198e-08
2.35781e-08
3.22515e-08
4.19193e-08
5.26618e-08
6.45592e-08
7.76897e-08
9.21281e-08
1.07944e-07
1.25201e-07
1.43952e-07
1.64241e-07
1.86098e-07
2.09541e-07
2.34571e-07
2.61176e-07
2.89325e-07
3.18972e-07
3.50059e-07
3.82511e-07
4.16246e-07
4.51172e-07
4.87198e-07
5.24232e-07
5.62198e-07
6.01035e-07
6.40716e-07
6.81253e-07
7.22719e-07
7.65259e-07
8.09116e-07
8.54651e-07
9.02375e-07
9.52981e-07
1.00739e-06
1.06682e-06
1.13281e-06
1.20739e-06
1.29317e-06
1.39351e-06
1.51285e-06
1.65708e-06
1.83414e-06
2.05494e-06
2.33476e-06
2.69558e-06
3.16963e-06
3.80557e-06
4.67879e-06
5.90945e-06
7.67716e-06
1.02791e-05
1.42849e-05
2.06434e-05
3.10317e-05
4.84181e-05
7.80273e-05
0.000128972
0.000216994
0.000369089
0.000631274
0.00108167
0.00185248
0.00316719
0.00540397
0.00920624
0.0156795
0.0265416
0.0396308
0.0536113
0.0677347
0.0815815
0.0949197
0.107624
0.119631
0.13091
0.141452
0.151258
0.160337
0.168703
0.176373
0.183369
0.189715
0.195436
0.200564
0.20513
0.209169
0.212718
0.215814
0.218498
0.220808
0.222784
0.224462
0.22588
0.227071
0.228066
0.228966
0.2297
2.7542e-09
8.93998e-09
1.58919e-08
2.36849e-08
3.23965e-08
4.21059e-08
5.28934e-08
6.48384e-08
7.80189e-08
9.25088e-08
1.08377e-07
1.25684e-07
1.44484e-07
1.64817e-07
1.86711e-07
2.10183e-07
2.3523e-07
2.61838e-07
2.89972e-07
3.19585e-07
3.50615e-07
3.82984e-07
4.16607e-07
4.5139e-07
4.87238e-07
5.24059e-07
5.61773e-07
6.00318e-07
6.39665e-07
6.79825e-07
7.20869e-07
7.62941e-07
8.0628e-07
8.51243e-07
8.98334e-07
9.48241e-07
1.00187e-06
1.06041e-06
1.1254e-06
1.19881e-06
1.2832e-06
1.38187e-06
1.49914e-06
1.64076e-06
1.81445e-06
2.03079e-06
2.30463e-06
2.65716e-06
3.11949e-06
3.73841e-06
4.58621e-06
5.77777e-06
7.48924e-06
9.99341e-06
1.38364e-05
1.99167e-05
2.9821e-05
4.63578e-05
7.44742e-05
0.000122808
0.000206301
0.000350599
0.000599467
0.00102728
0.00176003
0.0030109
0.00514093
0.00876474
0.0149389
0.0254172
0.0383058
0.0521906
0.0662802
0.0801314
0.0934983
0.106248
0.118311
0.129655
0.140268
0.15015
0.159308
0.167755
0.175507
0.182585
0.189011
0.194811
0.200015
0.204652
0.208758
0.212369
0.215523
0.218258
0.220613
0.222629
0.224342
0.22579
0.227006
0.228023
0.228944
0.229693
2.76898e-09
8.98779e-09
1.59765e-08
2.38105e-08
3.25671e-08
4.23256e-08
5.31659e-08
6.51673e-08
7.84067e-08
9.29573e-08
1.08887e-07
1.26254e-07
1.45111e-07
1.65497e-07
1.87437e-07
2.10944e-07
2.36015e-07
2.62631e-07
2.90755e-07
3.20337e-07
3.5131e-07
3.83595e-07
4.17104e-07
4.5174e-07
4.87405e-07
5.24006e-07
5.61459e-07
5.99702e-07
6.38704e-07
6.78476e-07
7.19085e-07
7.60675e-07
8.03482e-07
8.4786e-07
8.94307e-07
9.43502e-07
9.96342e-07
1.05399e-06
1.11797e-06
1.19021e-06
1.27321e-06
1.3702e-06
1.48541e-06
1.62444e-06
1.79478e-06
2.00673e-06
2.27464e-06
2.61902e-06
3.06983e-06
3.67205e-06
4.49498e-06
5.64844e-06
7.30511e-06
9.71462e-06
1.34005e-05
1.92132e-05
2.86533e-05
4.43768e-05
7.10662e-05
0.000116908
0.00019608
0.00033295
0.000569151
0.000975517
0.00167219
0.00286265
0.00489186
0.00834738
0.0142397
0.0242798
0.0369368
0.050708
0.0647538
0.0786039
0.091997
0.104791
0.116911
0.128321
0.139007
0.148968
0.158208
0.16674
0.174579
0.181743
0.188254
0.194138
0.199422
0.204136
0.208314
0.211992
0.215207
0.217997
0.220402
0.222461
0.224212
0.225693
0.226937
0.227977
0.228919
0.229686
2.78597e-09
9.04282e-09
1.60741e-08
2.39553e-08
3.2764e-08
4.25794e-08
5.34811e-08
6.55477e-08
7.88555e-08
9.34764e-08
1.09477e-07
1.26914e-07
1.45838e-07
1.66284e-07
1.88278e-07
2.11828e-07
2.36929e-07
2.63558e-07
2.91676e-07
3.21229e-07
3.52148e-07
3.8435e-07
4.17744e-07
4.52232e-07
4.87712e-07
5.24089e-07
5.61277e-07
5.99215e-07
6.37868e-07
6.77246e-07
7.17417e-07
7.58522e-07
8.00795e-07
8.44588e-07
8.90394e-07
9.38883e-07
9.90939e-07
1.04772e-06
1.1107e-06
1.18178e-06
1.26343e-06
1.35879e-06
1.47201e-06
1.60851e-06
1.77562e-06
1.98332e-06
2.2455e-06
2.58199e-06
3.02169e-06
3.60782e-06
4.40682e-06
5.52361e-06
7.12728e-06
9.44618e-06
1.29819e-05
1.85392e-05
2.75365e-05
4.2484e-05
6.78103e-05
0.000111266
0.000186293
0.000316017
0.000539994
0.000925586
0.00158716
0.00271856
0.00464857
0.00793732
0.0135478
0.0231313
0.0355438
0.0491924
0.0631882
0.077033
0.0904495
0.103286
0.115462
0.126938
0.137698
0.147737
0.157061
0.165679
0.173605
0.180858
0.187458
0.193428
0.198795
0.203589
0.207843
0.211592
0.214871
0.21772
0.220177
0.222283
0.224074
0.225589
0.226863
0.227928
0.228892
0.229678
2.80549e-09
9.10603e-09
1.61862e-08
2.41218e-08
3.29905e-08
4.28711e-08
5.3843e-08
6.59839e-08
7.93691e-08
9.40693e-08
1.10149e-07
1.27664e-07
1.46662e-07
1.67177e-07
1.8923e-07
2.12829e-07
2.37964e-07
2.64611e-07
2.92726e-07
3.22253e-07
3.5312e-07
3.85242e-07
4.18523e-07
4.52863e-07
4.88159e-07
5.24314e-07
5.61242e-07
5.98875e-07
6.37182e-07
6.76172e-07
7.15912e-07
7.56541e-07
7.98293e-07
8.41517e-07
8.86701e-07
9.34508e-07
9.85813e-07
1.04175e-06
1.10378e-06
1.17378e-06
1.25414e-06
1.34797e-06
1.45929e-06
1.59342e-06
1.75749e-06
1.96118e-06
2.21798e-06
2.54708e-06
2.97637e-06
3.54747e-06
4.32417e-06
5.40695e-06
6.9583e-06
9.19248e-06
1.25873e-05
1.79048e-05
2.6486e-05
4.07033e-05
6.47445e-05
0.000105945
0.00017704
0.000299962
0.00051226
0.000877934
0.00150573
0.0025801
0.00441406
0.00754094
0.0128775
0.022003
0.0341685
0.0476915
0.061634
0.0754702
0.0889066
0.101782
0.114011
0.125551
0.136381
0.146496
0.155901
0.164604
0.172617
0.179957
0.186644
0.1927
0.198151
0.203026
0.207356
0.211176
0.214522
0.217431
0.219943
0.222096
0.22393
0.225481
0.226786
0.227877
0.228865
0.22967
2.82682e-09
9.17521e-09
1.63091e-08
2.43047e-08
3.32394e-08
4.3192e-08
5.42408e-08
6.6463e-08
7.99324e-08
9.47182e-08
1.10883e-07
1.28482e-07
1.47559e-07
1.68147e-07
1.90264e-07
2.13915e-07
2.39087e-07
2.65754e-07
2.9387e-07
3.23375e-07
3.54193e-07
3.86237e-07
4.1941e-07
4.53608e-07
4.88727e-07
5.24668e-07
5.61343e-07
5.98686e-07
6.36663e-07
6.75284e-07
7.14614e-07
7.54794e-07
7.96055e-07
8.38745e-07
8.83349e-07
9.30523e-07
9.81133e-07
1.0363e-06
1.09746e-06
1.16646e-06
1.24566e-06
1.33809e-06
1.4477e-06
1.57969e-06
1.74099e-06
1.94106e-06
2.19301e-06
2.51542e-06
2.93529e-06
3.4928e-06
4.24935e-06
5.30139e-06
6.80439e-06
8.96178e-06
1.22289e-05
1.73289e-05
2.55325e-05
3.90865e-05
6.19573e-05
0.000101098
0.000168589
0.000285255
0.000486775
0.000834001
0.0014304
0.0024516
0.00419573
0.00717082
0.0122498
0.0209414
0.0328711
0.0462723
0.0601614
0.0739864
0.0874389
0.100349
0.112625
0.124221
0.135116
0.145302
0.154781
0.163562
0.171656
0.179078
0.185847
0.191985
0.197516
0.202469
0.206873
0.210763
0.214174
0.217143
0.219708
0.22191
0.223785
0.225373
0.226709
0.227826
0.228838
0.229662
2.85001e-09
9.25049e-09
1.64429e-08
2.45035e-08
3.35094e-08
4.35383e-08
5.46677e-08
6.69735e-08
8.05283e-08
9.54e-08
1.1165e-07
1.29331e-07
1.48486e-07
1.69145e-07
1.91325e-07
2.15027e-07
2.40237e-07
2.66925e-07
2.95042e-07
3.24526e-07
3.553e-07
3.87273e-07
4.20346e-07
4.54414e-07
4.8937e-07
5.25114e-07
5.61558e-07
5.98636e-07
6.36313e-07
6.74599e-07
7.1356e-07
7.53336e-07
7.9416e-07
8.36376e-07
8.80468e-07
9.27088e-07
9.77092e-07
1.03159e-06
1.092e-06
1.16015e-06
1.23835e-06
1.32958e-06
1.43774e-06
1.56789e-06
1.72685e-06
1.92384e-06
2.17164e-06
2.48836e-06
2.90021e-06
3.44616e-06
4.18556e-06
5.21143e-06
6.67331e-06
8.76542e-06
1.1924e-05
1.68393e-05
2.47223e-05
3.77123e-05
5.95861e-05
9.69672e-05
0.000161372
0.000272662
0.000464888
0.00079616
0.00136534
0.0023403
0.00400615
0.00684874
0.0117026
0.0200125
0.0317335
0.0450258
0.0588656
0.0726783
0.0861423
0.0990799
0.111395
0.123038
0.133986
0.144231
0.153774
0.162621
0.170784
0.178277
0.185118
0.191327
0.196929
0.20195
0.206421
0.210374
0.213844
0.216868
0.219484
0.22173
0.223646
0.225269
0.226634
0.227777
0.228811
0.229654
2.87145e-09
9.32026e-09
1.65673e-08
2.46886e-08
3.37607e-08
4.38605e-08
5.50645e-08
6.74473e-08
8.10805e-08
9.6031e-08
1.12359e-07
1.30115e-07
1.4934e-07
1.70064e-07
1.923e-07
2.16049e-07
2.41293e-07
2.68001e-07
2.96121e-07
3.2559e-07
3.56327e-07
3.8824e-07
4.21229e-07
4.55187e-07
4.90006e-07
5.25585e-07
5.61837e-07
5.98695e-07
6.36124e-07
6.74135e-07
7.12794e-07
7.52243e-07
7.92714e-07
8.34551e-07
8.78235e-07
9.24417e-07
9.73946e-07
1.02792e-06
1.08776e-06
1.15524e-06
1.23268e-06
1.323e-06
1.43005e-06
1.55881e-06
1.71599e-06
1.91064e-06
2.15531e-06
2.46772e-06
2.87353e-06
3.41076e-06
4.13726e-06
5.14351e-06
6.57463e-06
8.61777e-06
1.1695e-05
1.64719e-05
2.41146e-05
3.66817e-05
5.78066e-05
9.3863e-05
0.000155936
0.000263154
0.000448315
0.000767416
0.00131575
0.00225521
0.00386082
0.00660128
0.0112815
0.0192959
0.0308545
0.044061
0.0578609
0.0716622
0.0851328
0.0980891
0.110432
0.122108
0.133095
0.143383
0.152972
0.161869
0.170083
0.17763
0.184525
0.19079
0.196447
0.201523
0.206046
0.21005
0.213569
0.216637
0.219295
0.221579
0.223528
0.22518
0.226571
0.227736
0.228789
0.229648
2.88978e-09
9.37942e-09
1.66711e-08
2.484e-08
3.39623e-08
4.41148e-08
5.53736e-08
6.78131e-08
8.15043e-08
9.65129e-08
1.12898e-07
1.30709e-07
1.49987e-07
1.70758e-07
1.93036e-07
2.16818e-07
2.42088e-07
2.68809e-07
2.96931e-07
3.26388e-07
3.57099e-07
3.88971e-07
4.219e-07
4.55782e-07
4.90507e-07
5.25974e-07
5.62096e-07
5.98806e-07
6.36071e-07
6.73901e-07
7.12364e-07
7.51602e-07
7.91848e-07
8.33445e-07
8.76876e-07
9.22786e-07
9.72024e-07
1.02568e-06
1.08517e-06
1.15226e-06
1.22924e-06
1.31903e-06
1.42541e-06
1.55336e-06
1.70949e-06
1.90278e-06
2.14562e-06
2.45554e-06
2.85786e-06
3.3901e-06
4.10926e-06
5.10444e-06
6.51835e-06
8.53406e-06
1.15657e-05
1.62652e-05
2.37737e-05
3.6105e-05
5.68131e-05
9.21325e-05
0.000152909
0.000257859
0.000439081
0.000751382
0.00128804
0.00220754
0.00377913
0.00646174
0.0110435
0.0188897
0.0303556
0.0435126
0.0572887
0.0710816
0.0845539
0.0975183
0.109874
0.121567
0.132573
0.142883
0.152496
0.161419
0.169661
0.177236
0.184162
0.190457
0.196145
0.201252
0.205807
0.209841
0.213389
0.216485
0.219168
0.221476
0.223447
0.225119
0.226527
0.227707
0.228773
0.229643
)
;

boundaryField
{
    fuel
    {
        type            fixedValue;
        value           uniform 0;
    }
    air
    {
        type            fixedValue;
        value           uniform 0.23;
    }
    outlet
    {
        type            inletOutlet;
        inletValue      uniform 0;
        value           nonuniform List<scalar> 
200
(
2.88975e-09
9.37933e-09
1.66709e-08
2.48398e-08
3.3962e-08
4.41144e-08
5.53731e-08
6.78125e-08
8.15036e-08
9.65121e-08
1.12897e-07
1.30709e-07
1.49986e-07
1.70757e-07
1.93035e-07
2.16817e-07
2.42086e-07
2.68808e-07
2.9693e-07
3.26387e-07
3.57098e-07
3.88969e-07
4.21899e-07
4.55781e-07
4.90506e-07
5.25973e-07
5.62095e-07
5.98805e-07
6.3607e-07
6.739e-07
7.12364e-07
7.51602e-07
7.91847e-07
8.33444e-07
8.76874e-07
9.22784e-07
9.72022e-07
1.02568e-06
1.08517e-06
1.15226e-06
1.22923e-06
1.31902e-06
1.4254e-06
1.55335e-06
1.70948e-06
1.90276e-06
2.1456e-06
2.45551e-06
2.85782e-06
3.39004e-06
4.10918e-06
5.10432e-06
6.51818e-06
8.53381e-06
1.15653e-05
1.62646e-05
2.37727e-05
3.61034e-05
5.68102e-05
9.21275e-05
0.0001529
0.000257844
0.000439055
0.000751336
0.00128796
0.0022074
0.00377889
0.00646134
0.0110428
0.0188886
0.0303541
0.043511
0.057287
0.0710799
0.0845521
0.0975166
0.109872
0.121565
0.132572
0.142881
0.152495
0.161417
0.169659
0.177235
0.18416
0.190456
0.196144
0.201252
0.205806
0.209841
0.213388
0.216485
0.219168
0.221476
0.223447
0.225119
0.226527
0.227707
0.228773
0.229643
2.88978e-09
9.37942e-09
1.66711e-08
2.484e-08
3.39623e-08
4.41148e-08
5.53736e-08
6.78131e-08
8.15043e-08
9.65129e-08
1.12898e-07
1.30709e-07
1.49987e-07
1.70758e-07
1.93036e-07
2.16818e-07
2.42088e-07
2.68809e-07
2.96931e-07
3.26388e-07
3.57099e-07
3.88971e-07
4.219e-07
4.55782e-07
4.90507e-07
5.25974e-07
5.62096e-07
5.98806e-07
6.36071e-07
6.73901e-07
7.12364e-07
7.51602e-07
7.91848e-07
8.33445e-07
8.76876e-07
9.22786e-07
9.72024e-07
1.02568e-06
1.08517e-06
1.15226e-06
1.22924e-06
1.31903e-06
1.42541e-06
1.55336e-06
1.70949e-06
1.90278e-06
2.14562e-06
2.45554e-06
2.85786e-06
3.3901e-06
4.10926e-06
5.10444e-06
6.51835e-06
8.53406e-06
1.15657e-05
1.62652e-05
2.37737e-05
3.6105e-05
5.68131e-05
9.21325e-05
0.000152909
0.000257859
0.000439081
0.000751382
0.00128804
0.00220754
0.00377913
0.00646174
0.0110435
0.0188897
0.0303556
0.0435126
0.0572887
0.0710816
0.0845539
0.0975183
0.109874
0.121567
0.132573
0.142883
0.152496
0.161419
0.169661
0.177236
0.184162
0.190457
0.196145
0.201252
0.205807
0.209841
0.213389
0.216485
0.219168
0.221476
0.223447
0.225119
0.226527
0.227707
0.228773
0.229643
)
;
    }
    frontAndBack
    {
        type            empty;
    }
}


// ************************************************************************* //
