/*--------------------------------*- C++ -*----------------------------------*\
| =========                 |                                                 |
| \\      /  F ield         | OpenFOAM: The Open Source CFD Toolbox           |
|  \\    /   O peration     | Version:  2312                                  |
|   \\  /    A nd           | Website:  www.openfoam.com                      |
|    \\/     M anipulation  |                                                 |
\*---------------------------------------------------------------------------*/
FoamFile
{
    version     2.0;
    format      ascii;
    arch        "LSB;label=64;scalar=64";
    class       volScalarField;
    location    "0.35";
    object      T;
}
// * * * * * * * * * * * * * * * * * * * * * * * * * * * * * * * * * * * * * //

dimensions      [0 0 0 1 0 0 0];

internalField   nonuniform List<scalar> 
4000
(
801.855
805.893
810.297
815.095
820.317
825.993
832.153
838.827
846.045
853.836
862.229
871.252
880.932
891.293
902.36
914.152
926.69
939.99
954.067
968.932
984.594
1001.06
1018.35
1036.49
1055.47
1075.31
1096
1117.55
1139.96
1163.21
1187.31
1212.24
1238
1264.57
1291.93
1320.08
1348.98
1378.62
1408.96
1439.98
1471.65
1503.92
1536.77
1570.15
1604.02
1638.32
1673.02
1708.05
1743.36
1778.9
1814.61
1850.43
1886.29
1921.68
1956.97
1992.12
2027.04
2061.68
2095.97
2129.8
2163.07
2195.62
2227.22
2257.47
2285.76
2311.11
2331.72
2344.63
2344.67
2322.86
2276.11
2215.53
2147.43
2075.46
2001.8
1927.72
1854.04
1781.27
1709.79
1639.89
1571.81
1505.77
1441.97
1380.62
1321.89
1265.95
1212.95
1163.02
1116.26
1072.75
1032.53
995.598
961.916
931.394
903.916
879.339
857.498
838.206
821.276
806.472
801.845
805.864
810.247
815.024
820.224
825.876
832.012
838.66
845.852
853.617
861.983
870.979
880.631
890.964
902.002
913.767
926.278
939.551
953.602
968.441
984.079
1000.53
1017.79
1035.91
1054.87
1074.69
1095.37
1116.91
1139.3
1162.55
1186.64
1211.57
1237.33
1263.91
1291.28
1319.43
1348.35
1378
1408.37
1439.42
1471.11
1503.42
1536.31
1569.73
1603.64
1637.99
1672.74
1707.82
1743.19
1778.79
1814.57
1850.45
1886.38
1921.83
1957.2
1992.41
2027.4
2062.11
2096.47
2130.37
2163.71
2196.32
2227.96
2258.25
2286.55
2311.86
2332.34
2344.96
2344.44
2321.6
2274.23
2213.26
2144.9
2072.76
1998.98
1924.81
1851.07
1778.26
1706.75
1636.85
1568.78
1502.77
1439.02
1377.74
1319.1
1263.27
1210.41
1160.63
1114.05
1070.73
1030.71
993.983
960.515
930.205
902.937
878.564
856.918
837.81
821.052
806.403
801.834
805.828
810.184
814.93
820.098
825.717
831.817
838.429
845.582
853.308
861.633
870.588
880.198
890.489
901.485
913.207
925.675
938.906
952.916
967.715
983.314
999.718
1016.95
1035.03
1053.96
1073.75
1094.4
1115.92
1138.29
1161.52
1185.6
1210.52
1236.28
1262.85
1290.23
1318.4
1347.33
1377.01
1407.41
1438.49
1470.24
1502.6
1535.54
1569.03
1603.01
1637.44
1672.27
1707.45
1742.92
1778.62
1814.5
1850.5
1886.55
1922.12
1957.61
1992.94
2028.07
2062.9
2097.38
2131.41
2164.87
2197.59
2229.33
2259.69
2287.99
2313.22
2333.47
2345.57
2344.05
2319.39
2270.93
2209.27
2140.48
2068.05
1994.07
1919.78
1845.95
1773.1
1701.59
1631.7
1563.69
1497.77
1434.15
1373.03
1314.58
1258.98
1206.37
1156.88
1110.6
1067.6
1027.92
991.549
958.428
928.461
901.523
877.464
856.111
837.27
820.749
806.311
801.821
805.787
810.111
814.824
819.956
825.536
831.595
838.164
845.274
852.953
861.231
870.138
879.698
889.939
900.884
912.555
924.972
938.152
952.111
966.862
982.413
998.771
1015.96
1033.99
1052.88
1072.64
1093.25
1114.73
1137.08
1160.29
1184.35
1209.26
1235.01
1261.58
1288.97
1317.15
1346.11
1375.81
1406.25
1437.38
1469.18
1501.6
1534.62
1568.19
1602.26
1636.8
1671.74
1707.03
1742.63
1778.46
1814.48
1850.63
1886.83
1922.56
1958.2
1993.7
2028.99
2064
2098.64
2132.83
2166.45
2199.32
2231.18
2261.61
2289.92
2315.04
2334.96
2346.38
2343.54
2316.52
2266.64
2204.1
2134.74
2061.96
1987.74
1913.29
1839.38
1766.49
1694.99
1625.17
1557.26
1491.48
1428.05
1367.16
1308.98
1253.69
1201.42
1152.3
1106.42
1063.84
1024.59
988.64
955.944
926.391
899.85
876.165
855.157
836.631
820.391
806.201
801.808
805.746
810.04
814.72
819.815
825.357
831.374
837.899
844.962
852.593
860.821
869.675
879.183
889.369
900.259
911.875
924.236
937.361
951.266
965.962
981.461
997.768
1014.91
1032.89
1051.74
1071.45
1092.02
1113.47
1135.78
1158.97
1183.01
1207.9
1233.64
1260.22
1287.61
1315.81
1344.79
1374.53
1405
1436.19
1468.04
1500.54
1533.64
1567.31
1601.48
1636.13
1671.2
1706.63
1742.36
1778.35
1814.54
1850.85
1887.22
1923.13
1958.97
1994.65
2030.13
2065.33
2100.17
2134.54
2168.34
2201.37
2233.36
2263.87
2292.19
2317.16
2336.69
2347.31
2342.96
2313.22
2261.71
2198.17
2128.18
2054.99
1980.51
1905.91
1831.91
1759.01
1687.54
1617.81
1550.04
1484.46
1421.26
1360.65
1302.81
1247.88
1196.02
1147.33
1101.91
1059.8
1021.03
985.559
953.33
924.225
898.107
874.817
854.171
835.97
820.02
806.087
801.796
805.707
809.972
814.62
819.68
825.184
831.161
837.643
844.661
852.244
860.422
869.225
878.679
888.812
899.646
911.206
923.511
936.58
950.428
965.07
980.515
996.77
1013.86
1031.79
1050.59
1070.26
1090.79
1112.2
1134.49
1157.64
1181.66
1206.54
1232.28
1258.85
1286.25
1314.46
1343.47
1373.24
1403.76
1435
1466.93
1499.5
1532.69
1566.45
1600.74
1635.51
1670.71
1706.29
1742.18
1778.34
1814.69
1851.18
1887.73
1923.84
1959.86
1995.75
2031.44
2066.84
2101.87
2136.45
2170.43
2203.62
2235.75
2266.34
2294.65
2319.45
2338.56
2348.3
2342.31
2309.69
2256.45
2191.85
2121.2
2047.58
1972.84
1898.09
1824.02
1751.11
1679.71
1610.09
1542.49
1477.13
1414.21
1353.92
1296.43
1241.91
1190.48
1142.26
1097.32
1055.71
1017.43
982.454
950.701
922.05
896.36
873.465
853.18
835.306
819.648
805.973
801.785
805.671
809.908
814.527
819.555
825.024
830.964
837.406
844.38
851.919
860.05
868.803
878.207
888.287
899.068
910.573
922.823
935.837
949.632
964.219
979.612
995.817
1012.85
1030.74
1049.49
1069.12
1089.61
1110.99
1133.24
1156.37
1180.37
1205.24
1230.96
1257.54
1284.95
1313.18
1342.21
1372.02
1402.59
1433.89
1465.88
1498.53
1531.81
1565.68
1600.08
1634.98
1670.32
1706.04
1742.09
1778.42
1814.95
1851.64
1888.33
1924.63
1960.87
1996.96
2032.85
2068.45
2103.7
2138.47
2172.63
2205.99
2238.24
2268.9
2297.18
2321.8
2340.45
2349.27
2341.58
2306.04
2251.07
2185.42
2114.1
2040.08
1965.08
1890.19
1816.06
1743.17
1671.84
1602.35
1534.94
1469.82
1407.19
1347.23
1290.13
1236.02
1185.04
1137.29
1092.84
1051.72
1013.94
979.445
948.158
919.95
894.674
872.162
852.226
834.667
819.289
805.863
801.774
805.637
809.85
814.441
819.44
824.877
830.783
837.188
844.124
851.621
859.708
868.416
877.773
887.804
898.535
909.989
922.188
935.151
948.894
963.43
978.773
994.93
1011.92
1029.76
1048.47
1068.05
1088.51
1109.85
1132.08
1155.18
1179.17
1204.02
1229.75
1256.32
1283.74
1311.99
1341.05
1370.9
1401.52
1432.87
1464.93
1497.67
1531.04
1565
1599.52
1634.54
1670.02
1705.89
1742.1
1778.6
1815.31
1852.18
1889.01
1925.51
1961.94
1998.23
2034.32
2070.13
2105.56
2140.52
2174.86
2208.37
2240.73
2271.45
2299.69
2324.09
2342.25
2350.14
2340.72
2302.36
2245.73
2179.06
2107.12
2032.71
1957.49
1882.47
1808.3
1735.43
1664.19
1594.85
1527.63
1462.75
1400.42
1340.8
1284.08
1230.38
1179.84
1132.55
1088.57
1047.93
1010.62
976.593
945.75
917.962
893.078
870.929
851.323
834.061
818.95
805.759
801.765
805.607
809.798
814.364
819.337
824.746
830.62
836.993
843.893
851.353
859.401
868.068
877.381
887.368
898.053
909.461
921.613
934.528
948.224
962.714
978.011
994.123
1011.07
1028.87
1047.54
1067.08
1087.51
1108.82
1131.02
1154.11
1178.07
1202.92
1228.64
1255.22
1282.65
1310.92
1340.01
1369.9
1400.56
1431.97
1464.1
1496.91
1530.37
1564.44
1599.07
1634.21
1669.82
1705.84
1742.2
1778.86
1815.74
1852.79
1889.74
1926.43
1963.04
1999.53
2035.81
2071.8
2107.42
2142.55
2177.05
2210.69
2243.15
2273.9
2302.07
2326.23
2343.85
2350.71
2339.43
2298.58
2240.46
2172.89
2100.4
2025.65
1950.22
1875.1
1800.91
1728.08
1656.94
1587.74
1520.72
1456.09
1394.05
1334.76
1278.4
1225.1
1174.98
1128.13
1084.59
1044.4
1007.54
973.944
943.514
916.117
891.598
869.785
850.486
833.5
818.634
805.662
801.756
805.58
809.751
814.296
819.245
824.628
830.476
836.819
843.688
851.114
859.127
867.757
877.032
886.979
897.624
908.99
921.099
933.972
947.625
962.073
977.328
993.401
1010.31
1028.07
1046.7
1066.21
1086.61
1107.9
1130.08
1153.14
1177.1
1201.94
1227.66
1254.24
1281.69
1309.98
1339.1
1369.02
1399.73
1431.19
1463.39
1496.28
1529.82
1563.99
1598.72
1633.98
1669.71
1705.86
1742.37
1779.18
1816.23
1853.44
1890.51
1927.36
1964.16
2000.82
2037.27
2073.44
2109.22
2144.51
2179.15
2212.91
2245.45
2276.2
2304.26
2328.12
2345.12
2350.8
2337.37
2294.58
2235.28
2166.98
2094.04
2019.01
1943.42
1868.22
1794.02
1721.24
1650.2
1581.15
1514.32
1449.93
1388.16
1329.19
1273.17
1220.24
1170.51
1124.07
1080.95
1041.17
1004.72
971.52
941.469
914.43
890.245
868.738
849.719
832.986
818.346
805.574
801.749
805.557
809.71
814.236
819.164
824.525
830.348
836.665
843.507
850.904
858.886
867.484
876.725
886.637
897.246
908.575
920.647
933.481
947.097
961.507
976.727
992.764
1009.64
1027.36
1045.97
1065.45
1085.82
1107.09
1129.24
1152.3
1176.24
1201.08
1226.8
1253.39
1280.85
1309.16
1338.31
1368.27
1399.02
1430.54
1462.79
1495.75
1529.38
1563.63
1598.47
1633.83
1669.68
1705.96
1742.6
1779.55
1816.74
1854.11
1891.28
1928.29
1965.24
2002.06
2038.68
2075
2110.93
2146.36
2181.12
2214.98
2247.57
2278.31
2306.25
2329.79
2346.13
2350.58
2334.93
2290.6
2230.35
2161.46
2088.14
2012.88
1937.17
1861.91
1787.71
1714.99
1644.04
1575.13
1508.49
1444.32
1382.81
1324.13
1268.43
1215.84
1166.47
1120.4
1077.65
1038.26
1002.17
969.333
939.625
912.909
889.025
867.796
849.029
832.523
818.086
805.494
801.742
805.536
809.674
814.183
819.093
824.434
830.237
836.532
843.349
850.721
858.677
867.246
876.458
886.339
896.916
908.213
920.252
933.054
946.637
961.015
976.202
992.209
1009.05
1026.75
1045.33
1064.78
1085.13
1106.38
1128.52
1151.56
1175.5
1200.33
1226.06
1252.66
1280.13
1308.46
1337.63
1367.63
1398.42
1429.99
1462.31
1495.33
1529.03
1563.37
1598.29
1633.76
1669.71
1706.1
1742.86
1779.94
1817.27
1854.77
1892.04
1929.19
1966.28
2003.24
2040
2076.46
2112.52
2148.07
2182.94
2216.88
2249.52
2280.23
2308.04
2331.25
2346.96
2350.23
2332.47
2286.84
2225.8
2156.41
2082.78
2007.33
1931.51
1856.22
1782.03
1709.36
1638.51
1569.74
1503.27
1439.3
1378.03
1319.61
1264.2
1211.92
1162.87
1117.13
1074.72
1035.66
999.908
967.389
937.986
911.557
887.94
866.957
848.415
832.112
817.855
805.423
801.737
805.518
809.643
814.138
819.032
824.357
830.141
836.417
843.214
850.563
858.496
867.041
876.228
886.083
896.633
907.902
919.913
932.687
946.241
960.592
975.752
991.732
1008.55
1026.22
1044.78
1064.21
1084.55
1105.78
1127.9
1150.94
1174.87
1199.7
1225.43
1252.04
1279.53
1307.88
1337.07
1367.1
1397.93
1429.55
1461.91
1495
1528.76
1563.17
1598.18
1633.73
1669.78
1706.27
1743.15
1780.34
1817.78
1855.41
1892.75
1930.03
1967.25
2004.33
2041.21
2077.79
2113.97
2149.63
2184.59
2218.6
2251.26
2281.94
2309.63
2332.55
2347.68
2349.87
2330.22
2283.45
2221.72
2151.9
2078.01
2002.4
1926.5
1851.17
1777
1704.38
1633.62
1564.97
1498.66
1434.88
1373.81
1315.63
1260.47
1208.47
1159.71
1114.26
1072.15
1033.39
997.923
965.685
936.549
910.372
886.99
866.223
847.877
831.751
817.653
805.361
801.732
805.503
809.616
814.099
818.981
824.291
830.06
836.319
843.099
850.43
858.343
866.867
876.032
885.865
896.393
907.639
919.626
932.376
945.906
960.233
975.371
991.329
1008.12
1025.78
1044.31
1063.73
1084.05
1105.27
1127.39
1150.41
1174.34
1199.17
1224.9
1251.52
1279.02
1307.39
1336.61
1366.67
1397.53
1429.19
1461.6
1494.74
1528.57
1563.04
1598.12
1633.75
1669.88
1706.46
1743.43
1780.72
1818.27
1856
1893.41
1930.8
1968.12
2005.32
2042.3
2078.98
2115.26
2151.01
2186.05
2220.11
2252.8
2283.45
2311.02
2333.67
2348.29
2349.55
2328.23
2280.48
2218.15
2147.96
2073.84
1998.1
1922.13
1846.78
1772.63
1700.06
1629.38
1560.85
1494.67
1431.05
1370.17
1312.19
1257.26
1205.49
1156.98
1111.78
1069.93
1031.42
996.212
964.216
935.311
909.351
886.171
865.59
847.413
831.44
817.478
805.308
801.728
805.491
809.594
814.067
818.937
824.236
829.992
836.237
843.003
850.318
858.215
866.723
875.87
885.684
896.193
907.419
919.387
932.117
945.628
959.936
975.054
990.994
1007.77
1025.41
1043.93
1063.33
1083.64
1104.85
1126.96
1149.98
1173.91
1198.74
1224.47
1251.1
1278.61
1307
1336.24
1366.32
1397.22
1428.91
1461.36
1494.54
1528.42
1562.95
1598.09
1633.79
1669.99
1706.65
1743.7
1781.07
1818.71
1856.54
1894
1931.48
1968.9
2006.19
2043.26
2080.03
2116.39
2152.21
2187.31
2221.42
2254.12
2284.74
2312.22
2334.64
2348.82
2349.28
2326.53
2277.95
2215.1
2144.6
2070.3
1994.44
1918.41
1843.05
1768.92
1696.39
1625.79
1557.35
1491.29
1427.81
1367.09
1309.28
1254.54
1202.97
1154.67
1109.69
1068.06
1029.77
994.767
962.976
934.266
908.489
885.479
865.055
847.022
831.178
817.331
805.263
801.725
805.48
809.576
814.041
818.902
824.191
829.937
836.171
842.925
850.228
858.111
866.605
875.738
885.537
896.03
907.241
919.193
931.907
945.402
959.694
974.797
990.723
1007.49
1025.11
1043.62
1063.01
1083.31
1104.51
1126.61
1149.63
1173.56
1198.39
1224.13
1250.76
1278.29
1306.68
1335.94
1366.05
1396.97
1428.69
1461.18
1494.4
1528.32
1562.9
1598.09
1633.84
1670.11
1706.83
1743.94
1781.38
1819.09
1856.99
1894.52
1932.07
1969.56
2006.92
2044.07
2080.91
2117.34
2153.22
2188.37
2222.51
2255.23
2285.82
2313.22
2335.44
2349.25
2349.04
2325.12
2275.84
2212.57
2141.82
2067.36
1991.42
1915.34
1839.97
1765.85
1693.37
1622.82
1554.46
1488.5
1425.13
1364.55
1306.89
1252.3
1200.9
1152.77
1107.97
1066.52
1028.41
993.58
961.957
933.407
907.781
884.911
864.616
846.7
830.962
817.21
805.226
801.722
805.472
809.562
814.02
818.875
824.156
829.894
836.119
842.863
850.157
858.03
866.513
875.634
885.422
895.903
907.102
919.041
931.743
945.226
959.506
974.597
990.511
1007.26
1024.88
1043.37
1062.76
1083.05
1104.24
1126.34
1149.36
1173.28
1198.12
1223.86
1250.5
1278.03
1306.45
1335.72
1365.84
1396.78
1428.53
1461.04
1494.3
1528.25
1562.87
1598.1
1633.89
1670.21
1706.98
1744.14
1781.64
1819.41
1857.36
1894.95
1932.56
1970.11
2007.53
2044.73
2081.62
2118.1
2154.03
2189.22
2223.39
2256.12
2286.69
2314.01
2336.09
2349.6
2348.86
2324
2274.16
2210.56
2139.61
2065.02
1989.01
1912.9
1837.52
1763.42
1690.97
1620.47
1552.17
1486.29
1423.02
1362.54
1304.99
1250.53
1199.26
1151.27
1106.61
1065.3
1027.33
992.642
961.152
932.729
907.221
884.463
864.269
846.446
830.792
817.115
805.196
801.72
805.466
809.552
814.005
818.854
824.13
829.862
836.081
842.818
850.104
857.97
866.445
875.558
885.337
895.809
906.999
918.93
931.622
945.096
959.367
974.45
990.355
1007.1
1024.71
1043.2
1062.58
1082.86
1104.05
1126.15
1149.16
1173.09
1197.92
1223.67
1250.31
1277.85
1306.27
1335.56
1365.69
1396.65
1428.41
1460.95
1494.23
1528.21
1562.85
1598.11
1633.94
1670.29
1707.1
1744.3
1781.84
1819.65
1857.65
1895.28
1932.93
1970.52
2007.98
2045.23
2082.16
2118.68
2154.64
2189.86
2224.06
2256.79
2287.34
2314.61
2336.57
2349.87
2348.72
2323.16
2272.91
2209.06
2137.96
2063.28
1987.22
1911.09
1835.7
1761.6
1689.18
1618.72
1550.47
1484.65
1421.45
1361.04
1303.59
1249.22
1198.05
1150.16
1105.6
1064.4
1026.53
991.946
960.555
932.225
906.806
884.129
864.012
846.258
830.665
817.044
805.175
801.719
805.462
809.545
813.995
818.841
824.112
829.84
836.055
842.788
850.07
857.93
866.4
875.508
885.281
895.748
906.932
918.856
931.543
945.01
959.276
974.353
990.253
1006.99
1024.59
1043.08
1062.46
1082.74
1103.92
1126.02
1149.03
1172.96
1197.8
1223.54
1250.19
1277.74
1306.16
1335.45
1365.6
1396.57
1428.34
1460.89
1494.18
1528.18
1562.84
1598.12
1633.98
1670.35
1707.18
1744.41
1781.98
1819.81
1857.84
1895.5
1933.18
1970.8
2008.29
2045.56
2082.52
2119.07
2155.05
2190.29
2224.5
2257.24
2287.77
2315.01
2336.89
2350.04
2348.63
2322.6
2272.08
2208.07
2136.86
2062.13
1986.03
1909.88
1834.49
1760.4
1688
1617.56
1549.35
1483.56
1420.41
1360.05
1302.66
1248.35
1197.24
1149.42
1104.94
1063.8
1026
991.485
960.159
931.891
906.531
883.909
863.841
846.133
830.582
816.997
805.16
801.718
805.46
809.541
813.99
818.834
824.104
829.83
836.043
842.773
850.052
857.911
866.378
875.483
885.254
895.717
906.898
918.82
931.503
944.968
959.23
974.305
990.203
1006.94
1024.54
1043.02
1062.4
1082.68
1103.86
1125.96
1148.97
1172.89
1197.73
1223.48
1250.13
1277.68
1306.11
1335.4
1365.55
1396.53
1428.31
1460.86
1494.16
1528.17
1562.84
1598.13
1634
1670.38
1707.22
1744.47
1782.05
1819.9
1857.94
1895.61
1933.31
1970.94
2008.45
2045.73
2082.71
2119.26
2155.26
2190.51
2224.72
2257.46
2287.99
2315.21
2337.06
2350.13
2348.59
2322.33
2271.66
2207.57
2136.32
2061.55
1985.44
1909.28
1833.89
1759.81
1687.41
1616.99
1548.79
1483.02
1419.89
1359.56
1302.19
1247.92
1196.84
1149.06
1104.6
1063.5
1025.74
991.256
959.962
931.725
906.394
883.799
863.756
846.07
830.54
816.973
805.153
801.718
805.46
809.541
813.99
818.834
824.104
829.83
836.043
842.773
850.052
857.911
866.378
875.483
885.254
895.717
906.898
918.82
931.503
944.968
959.23
974.305
990.203
1006.94
1024.54
1043.02
1062.4
1082.68
1103.86
1125.96
1148.97
1172.89
1197.73
1223.48
1250.13
1277.68
1306.11
1335.4
1365.55
1396.53
1428.31
1460.86
1494.16
1528.17
1562.84
1598.13
1634
1670.38
1707.22
1744.47
1782.05
1819.9
1857.94
1895.61
1933.31
1970.94
2008.45
2045.73
2082.71
2119.26
2155.26
2190.51
2224.72
2257.46
2287.99
2315.21
2337.06
2350.13
2348.59
2322.33
2271.66
2207.57
2136.32
2061.55
1985.44
1909.28
1833.89
1759.81
1687.41
1616.99
1548.79
1483.02
1419.89
1359.56
1302.19
1247.92
1196.84
1149.06
1104.6
1063.5
1025.74
991.256
959.962
931.725
906.394
883.799
863.756
846.07
830.54
816.973
805.153
801.719
805.462
809.545
813.995
818.841
824.112
829.84
836.055
842.788
850.07
857.93
866.4
875.508
885.281
895.748
906.932
918.856
931.543
945.01
959.276
974.353
990.253
1006.99
1024.59
1043.08
1062.46
1082.74
1103.92
1126.02
1149.03
1172.96
1197.8
1223.54
1250.19
1277.74
1306.16
1335.45
1365.6
1396.57
1428.34
1460.89
1494.18
1528.18
1562.84
1598.12
1633.98
1670.35
1707.18
1744.41
1781.98
1819.81
1857.84
1895.5
1933.18
1970.8
2008.29
2045.56
2082.52
2119.07
2155.05
2190.29
2224.5
2257.24
2287.77
2315.01
2336.89
2350.04
2348.63
2322.6
2272.08
2208.07
2136.86
2062.13
1986.03
1909.88
1834.49
1760.4
1688
1617.56
1549.35
1483.56
1420.41
1360.05
1302.65
1248.35
1197.24
1149.42
1104.93
1063.8
1026
991.485
960.159
931.891
906.53
883.908
863.841
846.133
830.581
816.997
805.16
801.72
805.466
809.552
814.005
818.854
824.13
829.862
836.081
842.818
850.104
857.97
866.445
875.558
885.337
895.809
906.999
918.93
931.622
945.096
959.367
974.45
990.356
1007.1
1024.71
1043.2
1062.58
1082.86
1104.05
1126.15
1149.16
1173.09
1197.92
1223.67
1250.31
1277.85
1306.27
1335.56
1365.69
1396.65
1428.41
1460.95
1494.23
1528.21
1562.85
1598.11
1633.94
1670.29
1707.1
1744.3
1781.84
1819.65
1857.65
1895.28
1932.93
1970.52
2007.98
2045.23
2082.16
2118.68
2154.64
2189.86
2224.06
2256.79
2287.34
2314.61
2336.57
2349.86
2348.72
2323.16
2272.91
2209.06
2137.96
2063.28
1987.22
1911.09
1835.7
1761.6
1689.18
1618.72
1550.47
1484.65
1421.45
1361.04
1303.59
1249.22
1198.05
1150.16
1105.6
1064.4
1026.53
991.946
960.554
932.224
906.806
884.129
864.012
846.258
830.665
817.044
805.175
801.722
805.472
809.562
814.02
818.875
824.156
829.894
836.119
842.863
850.157
858.03
866.513
875.634
885.422
895.903
907.102
919.042
931.743
945.226
959.506
974.597
990.511
1007.26
1024.88
1043.37
1062.76
1083.05
1104.24
1126.34
1149.36
1173.28
1198.12
1223.86
1250.5
1278.03
1306.45
1335.72
1365.84
1396.78
1428.53
1461.04
1494.3
1528.25
1562.87
1598.1
1633.89
1670.21
1706.98
1744.14
1781.64
1819.41
1857.36
1894.95
1932.56
1970.11
2007.53
2044.73
2081.62
2118.1
2154.03
2189.22
2223.39
2256.12
2286.69
2314.01
2336.09
2349.6
2348.86
2324
2274.16
2210.56
2139.61
2065.02
1989.01
1912.9
1837.52
1763.42
1690.97
1620.47
1552.17
1486.29
1423.02
1362.53
1304.99
1250.53
1199.26
1151.27
1106.61
1065.3
1027.33
992.642
961.152
932.728
907.221
884.462
864.269
846.446
830.792
817.114
805.196
801.725
805.48
809.576
814.041
818.902
824.191
829.937
836.171
842.925
850.228
858.111
866.605
875.738
885.538
896.03
907.241
919.193
931.907
945.402
959.694
974.798
990.723
1007.49
1025.11
1043.62
1063.01
1083.31
1104.51
1126.61
1149.63
1173.56
1198.39
1224.13
1250.76
1278.29
1306.68
1335.94
1366.05
1396.97
1428.69
1461.18
1494.4
1528.32
1562.9
1598.09
1633.84
1670.11
1706.83
1743.94
1781.38
1819.09
1856.99
1894.52
1932.07
1969.56
2006.92
2044.07
2080.91
2117.33
2153.22
2188.37
2222.51
2255.23
2285.82
2313.21
2335.44
2349.25
2349.04
2325.12
2275.84
2212.57
2141.82
2067.36
1991.42
1915.34
1839.97
1765.85
1693.37
1622.82
1554.46
1488.5
1425.13
1364.54
1306.89
1252.3
1200.9
1152.77
1107.97
1066.52
1028.4
993.58
961.957
933.407
907.78
884.911
864.616
846.7
830.962
817.21
805.226
801.728
805.491
809.594
814.067
818.937
824.236
829.992
836.238
843.003
850.318
858.215
866.723
875.87
885.685
896.193
907.419
919.387
932.117
945.628
959.936
975.054
990.994
1007.77
1025.41
1043.93
1063.33
1083.64
1104.85
1126.96
1149.98
1173.91
1198.74
1224.47
1251.1
1278.61
1307
1336.24
1366.32
1397.22
1428.91
1461.36
1494.54
1528.42
1562.95
1598.09
1633.79
1669.99
1706.65
1743.7
1781.07
1818.71
1856.53
1894
1931.48
1968.9
2006.18
2043.26
2080.03
2116.39
2152.21
2187.31
2221.42
2254.12
2284.74
2312.22
2334.64
2348.82
2349.27
2326.53
2277.94
2215.1
2144.6
2070.29
1994.44
1918.41
1843.05
1768.91
1696.39
1625.79
1557.34
1491.29
1427.81
1367.08
1309.28
1254.54
1202.97
1154.67
1109.69
1068.06
1029.77
994.767
962.975
934.265
908.488
885.479
865.055
847.022
831.177
817.331
805.263
801.732
805.503
809.616
814.099
818.981
824.291
830.06
836.319
843.099
850.43
858.343
866.868
876.033
885.866
896.393
907.639
919.626
932.376
945.907
960.234
975.371
991.329
1008.12
1025.78
1044.31
1063.73
1084.05
1105.27
1127.39
1150.41
1174.34
1199.17
1224.9
1251.52
1279.02
1307.39
1336.61
1366.67
1397.53
1429.19
1461.6
1494.74
1528.57
1563.04
1598.12
1633.75
1669.88
1706.46
1743.43
1780.72
1818.27
1856
1893.41
1930.8
1968.12
2005.32
2042.3
2078.98
2115.26
2151.01
2186.04
2220.11
2252.8
2283.44
2311.02
2333.67
2348.29
2349.55
2328.23
2280.48
2218.15
2147.96
2073.84
1998.1
1922.13
1846.78
1772.63
1700.06
1629.38
1560.85
1494.67
1431.05
1370.17
1312.19
1257.26
1205.49
1156.98
1111.78
1069.93
1031.42
996.211
964.215
935.31
909.35
886.17
865.589
847.413
831.44
817.478
805.308
801.737
805.518
809.643
814.138
819.032
824.357
830.141
836.417
843.214
850.564
858.496
867.041
876.228
886.083
896.633
907.902
919.914
932.687
946.241
960.592
975.752
991.733
1008.55
1026.22
1044.78
1064.21
1084.55
1105.78
1127.91
1150.94
1174.87
1199.7
1225.43
1252.04
1279.53
1307.88
1337.07
1367.1
1397.93
1429.55
1461.91
1495
1528.76
1563.17
1598.18
1633.73
1669.78
1706.27
1743.15
1780.34
1817.78
1855.41
1892.75
1930.03
1967.25
2004.33
2041.21
2077.79
2113.97
2149.63
2184.59
2218.59
2251.26
2281.94
2309.63
2332.54
2347.67
2349.87
2330.22
2283.45
2221.72
2151.9
2078.01
2002.4
1926.49
1851.17
1777
1704.38
1633.62
1564.97
1498.66
1434.88
1373.81
1315.63
1260.47
1208.47
1159.71
1114.26
1072.15
1033.38
997.922
965.684
936.548
910.371
886.989
866.222
847.877
831.751
817.653
805.361
801.742
805.536
809.674
814.183
819.093
824.435
830.237
836.532
843.35
850.721
858.677
867.246
876.458
886.339
896.916
908.213
920.253
933.055
946.637
961.015
976.203
992.209
1009.05
1026.75
1045.33
1064.79
1085.14
1106.38
1128.52
1151.56
1175.5
1200.33
1226.06
1252.66
1280.13
1308.46
1337.63
1367.63
1398.42
1429.99
1462.31
1495.33
1529.03
1563.37
1598.29
1633.76
1669.71
1706.1
1742.86
1779.94
1817.27
1854.77
1892.03
1929.19
1966.28
2003.24
2040
2076.45
2112.52
2148.07
2182.94
2216.88
2249.51
2280.22
2308.04
2331.25
2346.96
2350.23
2332.47
2286.84
2225.79
2156.41
2082.78
2007.33
1931.51
1856.22
1782.03
1709.36
1638.51
1569.74
1503.27
1439.3
1378.02
1319.61
1264.19
1211.91
1162.87
1117.12
1074.72
1035.66
999.906
967.388
937.985
911.556
887.939
866.957
848.415
832.111
817.855
805.423
801.749
805.557
809.71
814.236
819.164
824.525
830.348
836.665
843.507
850.904
858.887
867.484
876.725
886.637
897.246
908.575
920.647
933.482
947.097
961.508
976.727
992.764
1009.64
1027.36
1045.97
1065.45
1085.82
1107.09
1129.24
1152.3
1176.24
1201.08
1226.8
1253.39
1280.85
1309.16
1338.31
1368.27
1399.02
1430.54
1462.79
1495.75
1529.38
1563.63
1598.47
1633.83
1669.68
1705.96
1742.6
1779.55
1816.74
1854.11
1891.28
1928.29
1965.24
2002.06
2038.67
2075
2110.93
2146.36
2181.12
2214.98
2247.57
2278.31
2306.25
2329.78
2346.13
2350.57
2334.93
2290.59
2230.35
2161.46
2088.14
2012.88
1937.16
1861.91
1787.71
1714.98
1644.04
1575.13
1508.49
1444.32
1382.81
1324.13
1268.43
1215.84
1166.47
1120.39
1077.65
1038.26
1002.17
969.332
939.624
912.908
889.024
867.795
849.029
832.523
818.086
805.494
801.756
805.58
809.751
814.296
819.245
824.628
830.476
836.819
843.688
851.114
859.128
867.758
877.033
886.98
897.624
908.99
921.1
933.972
947.625
962.073
977.329
993.402
1010.31
1028.07
1046.7
1066.22
1086.61
1107.9
1130.08
1153.14
1177.1
1201.94
1227.66
1254.24
1281.69
1309.98
1339.1
1369.02
1399.73
1431.19
1463.39
1496.28
1529.82
1563.99
1598.72
1633.98
1669.71
1705.86
1742.37
1779.18
1816.23
1853.44
1890.51
1927.36
1964.16
2000.82
2037.27
2073.44
2109.22
2144.51
2179.15
2212.91
2245.44
2276.19
2304.26
2328.12
2345.12
2350.79
2337.37
2294.58
2235.28
2166.98
2094.04
2019.01
1943.42
1868.22
1794.02
1721.24
1650.19
1581.14
1514.32
1449.93
1388.16
1329.19
1273.17
1220.24
1170.51
1124.06
1080.95
1041.17
1004.72
971.518
941.468
914.429
890.244
868.738
849.719
832.986
818.346
805.574
801.765
805.607
809.798
814.364
819.337
824.746
830.621
836.993
843.893
851.353
859.401
868.068
877.382
887.368
898.054
909.462
921.614
934.529
948.224
962.714
978.011
994.124
1011.07
1028.87
1047.54
1067.08
1087.51
1108.82
1131.02
1154.11
1178.08
1202.92
1228.64
1255.22
1282.65
1310.92
1340.01
1369.9
1400.56
1431.97
1464.1
1496.91
1530.37
1564.44
1599.07
1634.21
1669.82
1705.84
1742.2
1778.86
1815.74
1852.79
1889.74
1926.43
1963.04
1999.53
2035.81
2071.8
2107.42
2142.55
2177.04
2210.69
2243.15
2273.9
2302.07
2326.22
2343.85
2350.7
2339.43
2298.57
2240.45
2172.89
2100.4
2025.65
1950.22
1875.1
1800.91
1728.08
1656.94
1587.74
1520.72
1456.09
1394.04
1334.76
1278.4
1225.1
1174.98
1128.12
1084.59
1044.4
1007.54
973.943
943.513
916.116
891.598
869.784
850.485
833.5
818.634
805.662
801.774
805.637
809.85
814.441
819.44
824.877
830.783
837.188
844.124
851.621
859.709
868.417
877.773
887.804
898.535
909.99
922.189
935.151
948.894
963.431
978.774
994.931
1011.92
1029.76
1048.47
1068.05
1088.51
1109.86
1132.08
1155.19
1179.17
1204.02
1229.75
1256.32
1283.74
1311.99
1341.05
1370.9
1401.52
1432.87
1464.93
1497.67
1531.04
1565.01
1599.52
1634.54
1670.02
1705.89
1742.1
1778.6
1815.31
1852.18
1889.01
1925.51
1961.94
1998.23
2034.32
2070.13
2105.56
2140.52
2174.85
2208.36
2240.73
2271.45
2299.68
2324.09
2342.25
2350.13
2340.71
2302.36
2245.73
2179.06
2107.12
2032.71
1957.48
1882.46
1808.3
1735.43
1664.19
1594.84
1527.63
1462.75
1400.42
1340.8
1284.07
1230.38
1179.84
1132.55
1088.57
1047.93
1010.62
976.592
945.749
917.961
893.078
870.928
851.323
834.061
818.949
805.759
801.785
805.671
809.908
814.527
819.555
825.024
830.964
837.406
844.381
851.919
860.05
868.804
878.207
888.287
899.068
910.574
922.824
935.838
949.632
964.22
979.612
995.817
1012.85
1030.74
1049.49
1069.12
1089.61
1110.99
1133.24
1156.37
1180.37
1205.24
1230.97
1257.54
1284.95
1313.18
1342.21
1372.02
1402.59
1433.89
1465.88
1498.53
1531.81
1565.68
1600.08
1634.98
1670.32
1706.04
1742.09
1778.42
1814.96
1851.64
1888.33
1924.63
1960.87
1996.96
2032.85
2068.45
2103.69
2138.46
2172.63
2205.98
2238.24
2268.9
2297.18
2321.79
2340.44
2349.27
2341.57
2306.04
2251.07
2185.42
2114.1
2040.08
1965.08
1890.19
1816.06
1743.17
1671.84
1602.35
1534.94
1469.81
1407.18
1347.23
1290.12
1236.02
1185.04
1137.29
1092.83
1051.72
1013.93
979.444
948.157
919.949
894.673
872.161
852.226
834.667
819.289
805.863
801.796
805.707
809.972
814.62
819.68
825.184
831.161
837.643
844.661
852.244
860.423
869.225
878.68
888.812
899.647
911.206
923.511
936.58
950.429
965.071
980.515
996.771
1013.86
1031.79
1050.59
1070.26
1090.79
1112.21
1134.49
1157.64
1181.66
1206.54
1232.28
1258.85
1286.25
1314.46
1343.47
1373.24
1403.77
1435
1466.93
1499.5
1532.69
1566.46
1600.74
1635.51
1670.71
1706.29
1742.18
1778.34
1814.69
1851.18
1887.73
1923.84
1959.86
1995.75
2031.44
2066.84
2101.87
2136.45
2170.43
2203.62
2235.75
2266.34
2294.65
2319.45
2338.56
2348.3
2342.31
2309.69
2256.45
2191.85
2121.2
2047.58
1972.84
1898.09
1824.02
1751.11
1679.71
1610.09
1542.49
1477.12
1414.2
1353.91
1296.43
1241.91
1190.48
1142.26
1097.32
1055.71
1017.43
982.453
950.699
922.049
896.359
873.464
853.18
835.306
819.648
805.973
801.808
805.746
810.04
814.72
819.816
825.357
831.375
837.9
844.962
852.593
860.822
869.676
879.183
889.37
900.26
911.876
924.237
937.362
951.267
965.963
981.462
997.769
1014.91
1032.89
1051.74
1071.45
1092.02
1113.47
1135.79
1158.97
1183.01
1207.9
1233.64
1260.22
1287.61
1315.81
1344.79
1374.53
1405
1436.19
1468.05
1500.54
1533.65
1567.31
1601.49
1636.13
1671.2
1706.63
1742.37
1778.36
1814.54
1850.85
1887.22
1923.13
1958.97
1994.65
2030.13
2065.33
2100.17
2134.54
2168.34
2201.37
2233.36
2263.87
2292.19
2317.16
2336.69
2347.31
2342.96
2313.22
2261.71
2198.17
2128.18
2054.98
1980.51
1905.9
1831.91
1759
1687.54
1617.81
1550.04
1484.45
1421.26
1360.65
1302.8
1247.88
1196.01
1147.33
1101.91
1059.8
1021.02
985.558
953.329
924.224
898.107
874.816
854.17
835.969
820.02
806.087
801.821
805.787
810.111
814.825
819.956
825.536
831.596
838.165
845.274
852.953
861.232
870.138
879.699
889.94
900.885
912.556
924.973
938.153
952.112
966.863
982.414
998.772
1015.96
1033.99
1052.89
1072.64
1093.25
1114.74
1137.08
1160.29
1184.35
1209.26
1235.01
1261.58
1288.97
1317.15
1346.11
1375.82
1406.25
1437.38
1469.18
1501.6
1534.62
1568.19
1602.26
1636.8
1671.74
1707.03
1742.63
1778.46
1814.48
1850.63
1886.83
1922.56
1958.21
1993.71
2028.99
2064
2098.64
2132.83
2166.45
2199.32
2231.18
2261.61
2289.92
2315.04
2334.96
2346.38
2343.54
2316.52
2266.63
2204.1
2134.74
2061.95
1987.73
1913.29
1839.38
1766.49
1694.99
1625.17
1557.26
1491.48
1428.05
1367.16
1308.98
1253.69
1201.42
1152.3
1106.42
1063.84
1024.58
988.639
955.943
926.39
899.849
876.164
855.157
836.63
820.391
806.201
801.834
805.828
810.184
814.931
820.098
825.717
831.817
838.429
845.583
853.308
861.634
870.589
880.199
890.49
901.486
913.208
925.676
938.907
952.917
967.716
983.315
999.72
1016.95
1035.03
1053.96
1073.75
1094.41
1115.92
1138.29
1161.52
1185.6
1210.52
1236.28
1262.85
1290.23
1318.4
1347.34
1377.01
1407.41
1438.5
1470.24
1502.6
1535.54
1569.03
1603.01
1637.44
1672.27
1707.45
1742.92
1778.62
1814.5
1850.5
1886.55
1922.12
1957.61
1992.95
2028.07
2062.9
2097.38
2131.41
2164.87
2197.6
2229.33
2259.69
2287.99
2313.22
2333.47
2345.57
2344.05
2319.39
2270.93
2209.27
2140.47
2068.05
1994.07
1919.78
1845.95
1773.1
1701.58
1631.7
1563.69
1497.77
1434.15
1373.03
1314.58
1258.98
1206.37
1156.87
1110.6
1067.6
1027.92
991.548
958.427
928.46
901.522
877.464
856.111
837.27
820.749
806.31
801.845
805.864
810.247
815.024
820.224
825.877
832.012
838.661
845.853
853.617
861.984
870.979
880.632
890.965
902.003
913.768
926.279
939.552
953.603
968.443
984.081
1000.53
1017.79
1035.91
1054.87
1074.69
1095.37
1116.91
1139.3
1162.55
1186.64
1211.57
1237.33
1263.91
1291.28
1319.44
1348.35
1378.01
1408.37
1439.42
1471.11
1503.42
1536.31
1569.73
1603.64
1637.99
1672.74
1707.82
1743.19
1778.8
1814.57
1850.45
1886.38
1921.84
1957.2
1992.41
2027.41
2062.12
2096.47
2130.37
2163.71
2196.32
2227.97
2258.26
2286.55
2311.86
2332.34
2344.96
2344.44
2321.6
2274.23
2213.26
2144.9
2072.76
1998.97
1924.81
1851.06
1778.25
1706.75
1636.84
1568.77
1502.77
1439.02
1377.74
1319.1
1263.27
1210.41
1160.63
1114.05
1070.73
1030.71
993.983
960.514
930.205
902.936
878.563
856.918
837.81
821.052
806.403
801.855
805.893
810.297
815.095
820.318
825.994
832.154
838.827
846.045
853.836
862.23
871.253
880.933
891.294
902.361
914.153
926.691
939.991
954.068
968.933
984.595
1001.06
1018.35
1036.49
1055.47
1075.31
1096
1117.55
1139.96
1163.21
1187.31
1212.24
1238
1264.57
1291.94
1320.08
1348.98
1378.62
1408.96
1439.98
1471.65
1503.92
1536.77
1570.15
1604.02
1638.32
1673.02
1708.05
1743.36
1778.9
1814.61
1850.43
1886.29
1921.68
1956.98
1992.12
2027.04
2061.69
2095.97
2129.8
2163.08
2195.63
2227.22
2257.47
2285.76
2311.11
2331.73
2344.63
2344.67
2322.86
2276.11
2215.53
2147.42
2075.46
2001.79
1927.72
1854.03
1781.27
1709.79
1639.89
1571.81
1505.77
1441.97
1380.62
1321.89
1265.94
1212.94
1163.01
1116.26
1072.75
1032.53
995.597
961.915
931.393
903.915
879.339
857.498
838.206
821.276
806.472
)
;

boundaryField
{
    fuel
    {
        type            fixedValue;
        value           uniform 800;
    }
    air
    {
        type            fixedValue;
        value           uniform 800;
    }
    outlet
    {
        type            inletOutlet;
        inletValue      uniform 293;
        value           nonuniform List<scalar> 
200
(
801.854
805.892
810.295
815.092
820.313
825.988
832.147
838.819
846.036
853.826
862.218
871.24
880.918
891.278
902.343
914.134
926.67
939.969
954.044
968.908
984.569
1001.04
1018.32
1036.46
1055.44
1075.28
1095.97
1117.52
1139.92
1163.18
1187.27
1212.21
1237.96
1264.53
1291.9
1320.04
1348.94
1378.58
1408.92
1439.94
1471.61
1503.89
1536.74
1570.12
1603.98
1638.29
1672.98
1708.01
1743.33
1778.87
1814.58
1850.4
1886.26
1921.65
1956.95
1992.09
2027.02
2061.66
2095.95
2129.78
2163.06
2195.61
2227.2
2257.45
2285.74
2311.09
2331.71
2344.62
2344.65
2322.84
2276.09
2215.5
2147.4
2075.43
2001.76
1927.69
1854
1781.23
1709.76
1639.85
1571.77
1505.74
1441.94
1380.59
1321.86
1265.92
1212.92
1162.99
1116.24
1072.73
1032.51
995.582
961.902
931.382
903.906
879.331
857.493
838.202
821.274
806.471
801.854
805.892
810.295
815.092
820.314
825.989
832.147
838.82
846.037
853.826
862.218
871.24
880.919
891.279
902.344
914.135
926.672
939.97
954.046
968.909
984.57
1001.04
1018.33
1036.46
1055.44
1075.28
1095.97
1117.52
1139.92
1163.18
1187.27
1212.21
1237.96
1264.53
1291.9
1320.04
1348.94
1378.58
1408.92
1439.94
1471.61
1503.89
1536.74
1570.12
1603.98
1638.29
1672.98
1708.02
1743.33
1778.87
1814.58
1850.4
1886.27
1921.65
1956.95
1992.09
2027.02
2061.66
2095.95
2129.78
2163.06
2195.61
2227.2
2257.46
2285.74
2311.1
2331.71
2344.62
2344.65
2322.83
2276.08
2215.5
2147.39
2075.43
2001.76
1927.68
1854
1781.23
1709.75
1639.85
1571.77
1505.73
1441.94
1380.59
1321.86
1265.92
1212.92
1162.99
1116.23
1072.73
1032.51
995.58
961.901
931.381
903.905
879.331
857.492
838.202
821.274
806.471
)
;
    }
    frontAndBack
    {
        type            empty;
    }
}


// ************************************************************************* //
