/*--------------------------------*- C++ -*----------------------------------*\
| =========                 |                                                 |
| \\      /  F ield         | OpenFOAM: The Open Source CFD Toolbox           |
|  \\    /   O peration     | Version:  2312                                  |
|   \\  /    A nd           | Website:  www.openfoam.com                      |
|    \\/     M anipulation  |                                                 |
\*---------------------------------------------------------------------------*/
FoamFile
{
    version     2.0;
    format      ascii;
    arch        "LSB;label=64;scalar=64";
    class       surfaceScalarField;
    location    "0.15";
    object      phi;
}
// * * * * * * * * * * * * * * * * * * * * * * * * * * * * * * * * * * * * * //

dimensions      [1 0 -1 0 0 0 0];

oriented        oriented;

internalField   nonuniform List<scalar> 
99
(
0.00840762
0.00840762
0.00840762
0.00840762
0.00840762
0.00840762
0.00840762
0.00840762
0.00840762
0.00840762
0.00840761
0.00840761
0.00840761
0.00840761
0.00840761
0.00840761
0.00840761
0.00840761
0.00840761
0.00840761
0.00840761
0.00840761
0.00840761
0.00840761
0.00840761
0.00840761
0.00840761
0.00840761
0.00840761
0.00840761
0.00840761
0.00840761
0.00840761
0.00840761
0.00840761
0.00840762
0.00840762
0.00840762
0.00840762
0.00840762
0.00840762
0.00840761
0.00840761
0.00840761
0.00840761
0.00840762
0.00840762
0.00840758
0.00840766
0.00840767
0.00840874
0.00840723
0.00840873
0.00840763
0.00840706
0.00840685
0.00840858
0.00840792
0.00840731
0.00840659
0.00840805
0.0084082
0.00840797
0.00840674
0.0084073
0.00840777
0.00840836
0.0084075
0.00840716
0.00840706
0.00840792
0.00840802
0.00840785
0.00840725
0.00840728
0.00840896
0.00844705
0.00832597
0.00833043
0.00833978
0.00834166
0.00837434
0.00842879
0.00847085
0.00848602
0.00848756
0.00847482
0.00844089
0.00840181
0.00836981
0.00834556
0.00833628
0.00835022
0.00837711
0.00840728
0.00843156
0.00844392
0.00844985
0.00845695
)
;

boundaryField
{
    inlet
    {
        type            calculated;
        value           uniform -0.00840762;
    }
    outlet
    {
        type            calculated;
        value           uniform 0.0084527;
    }
    upperWall
    {
        type            calculated;
        value           nonuniform List<scalar> 
100
(
0
0
0
0
0
0
0
0
0
0
0
0
0
0
0
0
0
0
0
0
0
0
0
0
0
0
0
0
0
0
0
0
0
0
0
0
0
0
0
0
0
0
0
0
0
0
0
0
0
0
0
0
0
0
0
5.42101e-20
0
0
0
0
0
5.42101e-20
0
0
2.71051e-20
0
0
0
0
0
0
0
0
0
0
0
0
0
0
0
0
0
0
0
0
0
0
0
0
0
0
0
0
0
0
0
0
0
0
0
)
;
    }
    lowerWall
    {
        type            calculated;
        value           nonuniform List<scalar> 
100
(
0
0
0
0
0
0
0
0
0
0
0
0
0
0
0
0
0
0
0
0
0
0
0
0
0
0
0
0
0
0
0
0
0
0
0
0
0
0
0
0
0
0
0
0
0
0
0
0
0
0
0
0
0
0
0
0
0
1.0842e-19
1.0842e-19
0
1.0842e-19
5.42101e-20
0
0
0
0
0
0
0
-5.42101e-20
5.42101e-20
0
0
5.42101e-20
0
-2.71051e-20
0
0
0
0
0
0
0
0
0
0
0
0
0
0
0
0
0
0
0
0
0
0
0
0
)
;
    }
    frontAndBack
    {
        type            empty;
        value           nonuniform List<scalar> 0();
    }
}


// ************************************************************************* //
