/*--------------------------------*- C++ -*----------------------------------*\
| =========                 |                                                 |
| \\      /  F ield         | OpenFOAM: The Open Source CFD Toolbox           |
|  \\    /   O peration     | Version:  2312                                  |
|   \\  /    A nd           | Website:  www.openfoam.com                      |
|    \\/     M anipulation  |                                                 |
\*---------------------------------------------------------------------------*/
FoamFile
{
    version     2.0;
    format      ascii;
    arch        "LSB;label=64;scalar=64";
    class       volVectorField;
    location    "1.65";
    object      U;
}
// * * * * * * * * * * * * * * * * * * * * * * * * * * * * * * * * * * * * * //

dimensions      [0 1 -1 0 0 0 0];

internalField   nonuniform List<vector> 
150
(
(5.55951e-06 0 0)
(1.53379e-05 0 0)
(2.36845e-05 0 0)
(3.19525e-05 0 0)
(4.12267e-05 0 0)
(4.97621e-05 0 0)
(5.90736e-05 0 0)
(6.74769e-05 0 0)
(7.68708e-05 0 0)
(8.51391e-05 0 0)
(9.45652e-05 0 0)
(0.000102664 0 0)
(0.000112114 0 0)
(0.00012002 0 0)
(0.000129477 0 0)
(0.000137169 0 0)
(0.00014662 0 0)
(0.00015408 0 0)
(0.00016351 0 0)
(0.000170722 0 0)
(0.000180116 0 0)
(0.000187064 0 0)
(0.000196408 0 0)
(0.000203079 0 0)
(0.000212354 0 0)
(0.000218739 0 0)
(0.000227927 0 0)
(0.000234017 0 0)
(0.000243098 0 0)
(0.000248887 0 0)
(0.000257839 0 0)
(0.000263322 0 0)
(0.000272123 0 0)
(0.000277299 0 0)
(0.000285926 0 0)
(0.000290793 0 0)
(0.00029922 0 0)
(0.000303781 0 0)
(0.000311982 0 0)
(0.000316243 0 0)
(0.000324189 0 0)
(0.000328154 0 0)
(0.000335821 0 0)
(0.000339495 0 0)
(0.000346856 0 0)
(0.000350245 0 0)
(0.000357275 0 0)
(0.000360387 0 0)
(0.00036706 0 0)
(0.000369901 0 0)
(0.000376195 0 0)
(0.00037877 0 0)
(0.000384663 0 0)
(0.000386979 0 0)
(0.000392449 0 0)
(0.000394513 0 0)
(0.000399542 0 0)
(0.000401358 0 0)
(0.000405928 0 0)
(0.000407502 0 0)
(0.000411597 0 0)
(0.000412934 0 0)
(0.000416539 0 0)
(0.000417644 0 0)
(0.000420745 0 0)
(0.000421625 0 0)
(0.000424209 0 0)
(0.00042487 0 0)
(0.000426929 0 0)
(0.000427358 0 0)
(0.000428876 0 0)
(0.000429151 0 0)
(0.0004302 0 0)
(0.000430058 0 0)
(0.000430751 0 0)
(0.000430202 0 0)
(0.000430539 0 0)
(0.000429516 0 0)
(0.000429643 0 0)
(0.00042807 0 0)
(0.000427996 0 0)
(0.00042588 0 0)
(0.000425597 0 0)
(0.000422968 0 0)
(0.00042243 0 0)
(0.000419326 0 0)
(0.000418511 0 0)
(0.000414966 0 0)
(0.000413844 0 0)
(0.000409894 0 0)
(0.000408439 0 0)
(0.000404118 0 0)
(0.00040231 0 0)
(0.000397643 0 0)
(0.000395465 0 0)
(0.000390483 0 0)
(0.000387917 0 0)
(0.000382651 0 0)
(0.000379682 0 0)
(0.000374157 0 0)
(0.000370776 0 0)
(0.000365014 0 0)
(0.000361219 0 0)
(0.000355234 0 0)
(0.000351029 0 0)
(0.000344833 0 0)
(0.000340227 0 0)
(0.000333828 0 0)
(0.000328831 0 0)
(0.000322237 0 0)
(0.000316862 0 0)
(0.000310082 0 0)
(0.000304342 0 0)
(0.000297381 0 0)
(0.000291294 0 0)
(0.000284157 0 0)
(0.000277742 0 0)
(0.000270432 0 0)
(0.000263708 0 0)
(0.00025623 0 0)
(0.00024922 0 0)
(0.000241578 0 0)
(0.000234299 0 0)
(0.0002265 0 0)
(0.000218976 0 0)
(0.000211023 0 0)
(0.000203275 0 0)
(0.000195176 0 0)
(0.000187223 0 0)
(0.000178986 0 0)
(0.000170848 0 0)
(0.000162484 0 0)
(0.00015418 0 0)
(0.000145698 0 0)
(0.000137248 0 0)
(0.000128659 0 0)
(0.000120084 0 0)
(0.000111402 0 0)
(0.000102718 0 0)
(9.39556e-05 0 0)
(8.519e-05 0 0)
(7.63595e-05 0 0)
(6.7534e-05 0 0)
(5.86633e-05 0 0)
(4.98152e-05 0 0)
(4.09303e-05 0 0)
(3.19975e-05 0 0)
(2.34976e-05 0 0)
(1.53819e-05 0 0)
(5.49752e-06 0 0)
)
;

boundaryField
{
    leftAndRight
    {
        type            fixedValue;
        value           uniform (0 0 0);
    }
    frontAndBack
    {
        type            empty;
    }
    topAndBottom
    {
        type            empty;
    }
}


// ************************************************************************* //
