/*--------------------------------*- C++ -*----------------------------------*\
| =========                 |                                                 |
| \\      /  F ield         | OpenFOAM: The Open Source CFD Toolbox           |
|  \\    /   O peration     | Version:  2312                                  |
|   \\  /    A nd           | Website:  www.openfoam.com                      |
|    \\/     M anipulation  |                                                 |
\*---------------------------------------------------------------------------*/
FoamFile
{
    version     2.0;
    format      ascii;
    arch        "LSB;label=64;scalar=64";
    class       volScalarField;
    location    "500";
    object      p;
}
// * * * * * * * * * * * * * * * * * * * * * * * * * * * * * * * * * * * * * //

dimensions      [1 -1 -2 0 0 0 0];

internalField   nonuniform List<scalar> 
5100
(
0.988515
0.988512
0.988511
0.988513
0.988517
0.988525
0.988536
0.988551
0.988569
0.988592
0.988619
0.988649
0.988685
0.988724
0.988767
0.988812
0.988864
0.988913
0.988973
0.989025
0.989096
0.98915
0.989223
0.989288
0.989363
0.989434
0.989513
0.989593
0.989677
0.989765
0.989858
0.989956
0.99006
0.990166
0.990273
0.990383
0.990494
0.990606
0.990718
0.99083
0.990938
0.991049
0.991144
0.99125
0.991312
0.991412
0.99148
0.991573
0.991641
0.991717
0.991779
0.991842
0.991898
0.99195
0.991998
0.992043
0.992086
0.992126
0.992165
0.992203
0.992241
0.992277
0.992314
0.99235
0.992387
0.992421
0.992459
0.992492
0.992531
0.992561
0.992601
0.992628
0.992666
0.992695
0.992729
0.992759
0.992789
0.992819
0.992849
0.992878
0.992907
0.992935
0.992964
0.992993
0.993023
0.993052
0.993082
0.993112
0.993143
0.993174
0.993205
0.993237
0.993267
0.993301
0.993329
0.993364
0.99339
0.993425
0.993452
0.993483
0.993511
0.993539
0.993566
0.993593
0.993619
0.993644
0.993669
0.993694
0.993719
0.993743
0.993768
0.993793
0.993818
0.993843
0.993869
0.993895
0.993921
0.993949
0.993975
0.994005
0.99403
0.994062
0.994086
0.994119
0.994146
0.994177
0.994205
0.994235
0.994264
0.994293
0.994322
0.994352
0.994382
0.994412
0.994442
0.994472
0.994503
0.994535
0.994567
0.994599
0.994633
0.994667
0.994702
0.994738
0.994774
0.994813
0.994849
0.994893
0.994928
0.994974
0.995013
0.995058
0.9951
0.995145
0.995189
0.995234
0.995279
0.995325
0.995371
0.995418
0.995465
0.995513
0.995561
0.995609
0.995658
0.995708
0.995758
0.995808
0.99586
0.99591
0.995965
0.996014
0.996074
0.996119
0.996182
0.996234
0.996293
0.996348
0.996405
0.996462
0.996519
0.996576
0.996632
0.996689
0.996746
0.996803
0.996859
0.996916
0.996972
0.997028
0.997085
0.997141
0.997197
0.997253
0.99731
0.997364
0.997423
0.997475
0.997538
0.997585
0.997648
0.997701
0.997759
0.997813
0.997869
0.997924
0.997978
0.998032
0.998085
0.998138
0.998191
0.998243
0.998294
0.998345
0.998396
0.998446
0.998496
0.998546
0.998594
0.998644
0.998691
0.998742
0.998787
0.99884
0.998881
0.998934
0.998979
0.999028
0.999073
0.99912
0.999165
0.999211
0.999256
0.9993
0.999344
0.999388
0.999432
0.999475
0.999518
0.99956
0.999603
0.999645
0.999687
0.999729
0.99977
0.999812
0.999852
0.999897
0.999934
0.999983
0.988519
0.988517
0.988517
0.98852
0.988526
0.988534
0.988547
0.988562
0.988582
0.988603
0.988628
0.988655
0.988685
0.988718
0.988757
0.988799
0.988849
0.9889
0.988962
0.989016
0.98909
0.989148
0.989225
0.989293
0.989371
0.989448
0.98953
0.989615
0.9897
0.989789
0.989875
0.989967
0.99004
0.990128
0.990219
0.990318
0.990419
0.990524
0.990629
0.990738
0.990845
0.990955
0.991064
0.991174
0.991295
0.991407
0.991489
0.991581
0.991651
0.991726
0.991787
0.991847
0.9919
0.99195
0.991996
0.992041
0.992083
0.992123
0.992162
0.992199
0.992237
0.992273
0.99231
0.992346
0.992384
0.992419
0.992457
0.99249
0.99253
0.99256
0.992601
0.992628
0.992666
0.992696
0.992729
0.99276
0.99279
0.99282
0.99285
0.992879
0.992908
0.992936
0.992965
0.992994
0.993023
0.993053
0.993082
0.993113
0.993143
0.993174
0.993205
0.993237
0.993267
0.993301
0.993329
0.993365
0.99339
0.993426
0.993453
0.993484
0.993511
0.99354
0.993567
0.993594
0.99362
0.993645
0.99367
0.993695
0.993719
0.993744
0.993768
0.993793
0.993818
0.993843
0.993869
0.993895
0.993921
0.993949
0.993975
0.994005
0.99403
0.994063
0.994086
0.99412
0.994146
0.994177
0.994205
0.994235
0.994264
0.994293
0.994323
0.994353
0.994382
0.994412
0.994442
0.994473
0.994504
0.994535
0.994567
0.9946
0.994633
0.994667
0.994702
0.994738
0.994773
0.994813
0.994849
0.994894
0.994927
0.994974
0.995013
0.995058
0.9951
0.995145
0.995189
0.995234
0.99528
0.995326
0.995372
0.995419
0.995466
0.995513
0.995561
0.995609
0.995659
0.995708
0.995758
0.995808
0.99586
0.99591
0.995965
0.996014
0.996075
0.996118
0.996182
0.996234
0.996293
0.996348
0.996406
0.996462
0.996519
0.996576
0.996633
0.996689
0.996746
0.996803
0.996859
0.996916
0.996972
0.997029
0.997085
0.997141
0.997197
0.997253
0.99731
0.997364
0.997423
0.997475
0.997538
0.997584
0.997649
0.9977
0.997759
0.997814
0.997869
0.997924
0.997978
0.998032
0.998085
0.998138
0.998191
0.998243
0.998294
0.998345
0.998396
0.998446
0.998496
0.998546
0.998595
0.998644
0.998691
0.998742
0.998787
0.998841
0.998881
0.998935
0.998979
0.999028
0.999073
0.99912
0.999165
0.999211
0.999256
0.9993
0.999344
0.999388
0.999432
0.999475
0.999518
0.99956
0.999603
0.999645
0.999687
0.999729
0.99977
0.999812
0.999852
0.999897
0.999934
0.999984
0.988521
0.988516
0.988517
0.988519
0.988524
0.988531
0.988539
0.98855
0.988565
0.988586
0.988614
0.988647
0.988687
0.988731
0.98878
0.988827
0.988879
0.988927
0.988985
0.989034
0.989103
0.989155
0.989224
0.989286
0.989359
0.989426
0.989502
0.989576
0.989658
0.989741
0.989833
0.989926
0.990045
0.990153
0.990265
0.990374
0.990486
0.990598
0.990709
0.990821
0.990929
0.991038
0.991135
0.991237
0.991315
0.99141
0.99148
0.991571
0.991639
0.991714
0.991776
0.991838
0.991892
0.991944
0.991992
0.992036
0.992078
0.992119
0.992158
0.992195
0.992233
0.992269
0.992306
0.992342
0.99238
0.992415
0.992454
0.992487
0.992527
0.992557
0.992599
0.992626
0.992665
0.992695
0.992729
0.992759
0.99279
0.99282
0.99285
0.992879
0.992908
0.992936
0.992965
0.992994
0.993023
0.993052
0.993082
0.993112
0.993142
0.993174
0.993204
0.993237
0.993267
0.993301
0.993328
0.993366
0.99339
0.993426
0.993452
0.993484
0.993512
0.99354
0.993567
0.993594
0.99362
0.993645
0.99367
0.993695
0.993719
0.993744
0.993768
0.993793
0.993818
0.993843
0.993869
0.993895
0.993921
0.993949
0.993975
0.994005
0.99403
0.994063
0.994086
0.99412
0.994145
0.994177
0.994205
0.994235
0.994264
0.994294
0.994323
0.994353
0.994382
0.994412
0.994442
0.994473
0.994504
0.994535
0.994567
0.9946
0.994633
0.994667
0.994701
0.994738
0.994773
0.994813
0.994848
0.994895
0.994927
0.994974
0.995013
0.995058
0.9951
0.995145
0.995189
0.995234
0.99528
0.995326
0.995372
0.995419
0.995466
0.995513
0.995561
0.99561
0.995659
0.995708
0.995758
0.995808
0.99586
0.99591
0.995965
0.996013
0.996075
0.996117
0.996183
0.996234
0.996293
0.996348
0.996406
0.996462
0.996519
0.996576
0.996633
0.99669
0.996746
0.996803
0.996859
0.996916
0.996972
0.997029
0.997085
0.997141
0.997198
0.997253
0.99731
0.997364
0.997423
0.997474
0.997539
0.997583
0.997649
0.9977
0.997759
0.997814
0.997869
0.997924
0.997978
0.998032
0.998085
0.998138
0.998191
0.998243
0.998294
0.998346
0.998396
0.998447
0.998496
0.998546
0.998595
0.998644
0.998691
0.998742
0.998787
0.998842
0.99888
0.998935
0.998979
0.999028
0.999074
0.99912
0.999166
0.999211
0.999256
0.9993
0.999344
0.999388
0.999432
0.999475
0.999518
0.999561
0.999603
0.999645
0.999687
0.999729
0.99977
0.999812
0.999852
0.999897
0.999933
0.999985
0.988518
0.98851
0.988512
0.988515
0.988522
0.988531
0.988547
0.988566
0.988589
0.988613
0.988637
0.988662
0.988688
0.988716
0.988751
0.988791
0.98884
0.988892
0.988953
0.989011
0.989082
0.989141
0.989219
0.989286
0.989366
0.98944
0.989522
0.989603
0.989688
0.989773
0.989859
0.989947
0.990032
0.990124
0.990221
0.990323
0.990427
0.990535
0.990644
0.990755
0.990865
0.990977
0.991083
0.991194
0.99129
0.991398
0.991473
0.991569
0.991637
0.991712
0.991774
0.991834
0.991888
0.991938
0.991985
0.992029
0.992071
0.992111
0.99215
0.992188
0.992225
0.992263
0.9923
0.992337
0.992375
0.992411
0.99245
0.992484
0.992524
0.992555
0.992598
0.992625
0.992665
0.992694
0.992729
0.992759
0.992791
0.992821
0.992851
0.99288
0.992909
0.992938
0.992966
0.992995
0.993024
0.993053
0.993083
0.993113
0.993143
0.993175
0.993205
0.993238
0.993268
0.993302
0.993329
0.993368
0.993391
0.993428
0.993453
0.993486
0.993513
0.993542
0.993569
0.993596
0.993621
0.993647
0.993672
0.993696
0.993721
0.993745
0.993769
0.993794
0.993818
0.993844
0.993869
0.993896
0.993921
0.993949
0.993975
0.994006
0.99403
0.994064
0.994086
0.994121
0.994146
0.994178
0.994206
0.994236
0.994265
0.994294
0.994324
0.994353
0.994383
0.994413
0.994443
0.994473
0.994504
0.994536
0.994567
0.9946
0.994633
0.994667
0.994701
0.994738
0.994773
0.994814
0.994848
0.994895
0.994926
0.994975
0.995013
0.995058
0.995101
0.995145
0.995189
0.995235
0.99528
0.995326
0.995372
0.995419
0.995466
0.995514
0.995562
0.99561
0.995659
0.995708
0.995758
0.995808
0.99586
0.99591
0.995965
0.996013
0.996075
0.996116
0.996184
0.996234
0.996293
0.996349
0.996406
0.996462
0.996519
0.996576
0.996633
0.99669
0.996747
0.996803
0.99686
0.996916
0.996972
0.997029
0.997085
0.997141
0.997198
0.997253
0.99731
0.997364
0.997423
0.997474
0.997539
0.997582
0.99765
0.9977
0.99776
0.997814
0.99787
0.997924
0.997978
0.998032
0.998086
0.998139
0.998191
0.998243
0.998294
0.998346
0.998396
0.998447
0.998496
0.998546
0.998594
0.998644
0.998692
0.998742
0.998787
0.998843
0.99888
0.998936
0.998979
0.999028
0.999074
0.99912
0.999166
0.999211
0.999256
0.9993
0.999344
0.999388
0.999432
0.999475
0.999518
0.999561
0.999603
0.999645
0.999687
0.999729
0.99977
0.999812
0.999852
0.999897
0.999933
0.999986
0.988509
0.9885
0.9885
0.988503
0.988509
0.988516
0.988524
0.988535
0.988549
0.988569
0.988594
0.988627
0.988664
0.988708
0.988754
0.988802
0.988854
0.988907
0.988965
0.98902
0.989088
0.989145
0.989218
0.989281
0.989355
0.989425
0.989502
0.989578
0.98966
0.989743
0.989832
0.989924
0.990023
0.990123
0.990226
0.990332
0.99044
0.99055
0.99066
0.990772
0.99088
0.99099
0.991092
0.991198
0.991287
0.991391
0.991462
0.991557
0.991625
0.991699
0.991762
0.991822
0.991877
0.991928
0.991975
0.992019
0.99206
0.9921
0.992138
0.992176
0.992213
0.99225
0.992288
0.992325
0.992363
0.9924
0.992439
0.992474
0.992515
0.992546
0.99259
0.992617
0.992658
0.992687
0.992723
0.992754
0.992786
0.992816
0.992847
0.992877
0.992906
0.992935
0.992964
0.992993
0.993023
0.993052
0.993082
0.993112
0.993142
0.993174
0.993204
0.993237
0.993266
0.993302
0.993329
0.993367
0.99339
0.993428
0.993453
0.993486
0.993513
0.993542
0.993569
0.993595
0.993621
0.993647
0.993671
0.993696
0.99372
0.993745
0.993769
0.993794
0.993818
0.993844
0.993869
0.993896
0.993921
0.99395
0.993975
0.994006
0.994029
0.994064
0.994085
0.994121
0.994146
0.994178
0.994206
0.994236
0.994265
0.994294
0.994324
0.994353
0.994383
0.994413
0.994443
0.994473
0.994504
0.994536
0.994567
0.9946
0.994633
0.994667
0.994701
0.994738
0.994773
0.994813
0.994848
0.994895
0.994926
0.994975
0.995013
0.995058
0.995101
0.995145
0.995189
0.995235
0.99528
0.995326
0.995372
0.995419
0.995466
0.995514
0.995562
0.99561
0.995659
0.995708
0.995758
0.995808
0.99586
0.99591
0.995965
0.996012
0.996075
0.996115
0.996184
0.996233
0.996294
0.996349
0.996406
0.996463
0.996519
0.996576
0.996633
0.99669
0.996746
0.996803
0.996859
0.996916
0.996972
0.997029
0.997085
0.997141
0.997198
0.997253
0.99731
0.997364
0.997423
0.997474
0.99754
0.997581
0.997651
0.997701
0.997761
0.997815
0.99787
0.997925
0.997979
0.998033
0.998086
0.998139
0.998191
0.998243
0.998294
0.998346
0.998396
0.998447
0.998496
0.998546
0.998594
0.998643
0.998691
0.998742
0.998786
0.998844
0.998879
0.998936
0.998979
0.999028
0.999074
0.999121
0.999166
0.999211
0.999256
0.9993
0.999345
0.999388
0.999432
0.999475
0.999518
0.999561
0.999603
0.999645
0.999687
0.999728
0.999769
0.999812
0.999852
0.999897
0.999933
0.999987
0.988485
0.988473
0.988482
0.988487
0.988495
0.988503
0.988516
0.988532
0.988552
0.988575
0.9886
0.988629
0.988661
0.988696
0.988736
0.988782
0.988833
0.988887
0.988948
0.989008
0.989077
0.989138
0.989213
0.98928
0.989356
0.989428
0.989506
0.989584
0.989665
0.989748
0.989834
0.989923
0.990014
0.990109
0.990208
0.99031
0.990416
0.990524
0.990634
0.990745
0.990855
0.990966
0.99107
0.991179
0.99127
0.991375
0.991446
0.991542
0.991609
0.991681
0.991743
0.991801
0.991855
0.991905
0.991952
0.991996
0.992039
0.99208
0.992121
0.992161
0.9922
0.992239
0.992279
0.992317
0.992356
0.992394
0.992433
0.99247
0.99251
0.992543
0.992586
0.992615
0.992656
0.992685
0.992722
0.992753
0.992786
0.992817
0.992848
0.992878
0.992908
0.992938
0.992967
0.992997
0.993027
0.993056
0.993086
0.993117
0.993147
0.993179
0.993209
0.993241
0.993271
0.993306
0.993332
0.99337
0.993392
0.99343
0.993455
0.993488
0.993515
0.993544
0.99357
0.993597
0.993623
0.993649
0.993673
0.993698
0.993723
0.993747
0.993772
0.993796
0.993821
0.993846
0.993871
0.993898
0.993923
0.993952
0.993977
0.994008
0.994031
0.994066
0.994088
0.994123
0.994147
0.994179
0.994207
0.994237
0.994265
0.994295
0.994324
0.994354
0.994384
0.994413
0.994444
0.994474
0.994505
0.994536
0.994568
0.994601
0.994634
0.994668
0.994702
0.994739
0.994774
0.994815
0.994849
0.994895
0.994926
0.994975
0.995013
0.995059
0.995101
0.995145
0.99519
0.995235
0.99528
0.995326
0.995372
0.995419
0.995466
0.995514
0.995562
0.99561
0.995659
0.995708
0.995759
0.995808
0.99586
0.99591
0.995965
0.996012
0.996076
0.996116
0.996185
0.996234
0.996295
0.996349
0.996407
0.996463
0.99652
0.996576
0.996633
0.99669
0.996746
0.996803
0.996859
0.996916
0.996972
0.997029
0.997085
0.997141
0.997197
0.997253
0.99731
0.997364
0.997423
0.997474
0.99754
0.997581
0.997652
0.997701
0.997761
0.997815
0.997871
0.997925
0.997979
0.998033
0.998086
0.998139
0.998191
0.998243
0.998294
0.998346
0.998396
0.998447
0.998496
0.998545
0.998594
0.998643
0.998691
0.998743
0.998787
0.998845
0.99888
0.998937
0.998979
0.999029
0.999075
0.999121
0.999166
0.999211
0.999256
0.9993
0.999344
0.999388
0.999432
0.999475
0.999518
0.999561
0.999603
0.999645
0.999687
0.999728
0.999769
0.999812
0.999852
0.999897
0.999933
0.999988
0.988451
0.988462
0.988457
0.988466
0.988474
0.988484
0.988496
0.988511
0.988529
0.988551
0.988578
0.98861
0.988646
0.988688
0.988732
0.988781
0.988833
0.988889
0.988949
0.98901
0.989078
0.989139
0.989213
0.98928
0.989354
0.989426
0.989502
0.989579
0.989659
0.989742
0.989828
0.989917
0.99001
0.990107
0.990207
0.990311
0.990416
0.990524
0.990633
0.990742
0.990849
0.990958
0.991059
0.991163
0.991251
0.991352
0.991422
0.991518
0.991585
0.991659
0.991722
0.991782
0.991836
0.991887
0.991934
0.991978
0.992019
0.992059
0.992097
0.992135
0.992173
0.992212
0.992251
0.99229
0.992329
0.992368
0.992408
0.992446
0.992486
0.992521
0.992564
0.992593
0.992637
0.992666
0.992704
0.992737
0.992771
0.992803
0.992835
0.992867
0.992898
0.992929
0.99296
0.99299
0.993021
0.993052
0.993083
0.993114
0.993145
0.993176
0.993207
0.993239
0.993269
0.993303
0.993329
0.993369
0.993389
0.993427
0.993453
0.993484
0.993512
0.99354
0.993567
0.993594
0.99362
0.993646
0.993671
0.993696
0.993721
0.993745
0.99377
0.993795
0.99382
0.993846
0.993871
0.993898
0.993923
0.993951
0.993976
0.994007
0.99403
0.994065
0.994086
0.994122
0.994146
0.994179
0.994205
0.994235
0.994264
0.994293
0.994322
0.994352
0.994382
0.994412
0.994442
0.994473
0.994504
0.994535
0.994567
0.9946
0.994634
0.994668
0.994702
0.994739
0.994774
0.994814
0.994848
0.994894
0.994926
0.994974
0.995013
0.995058
0.995101
0.995145
0.995189
0.995234
0.995279
0.995325
0.995372
0.995418
0.995465
0.995513
0.995561
0.99561
0.995659
0.995708
0.995758
0.995808
0.99586
0.99591
0.995965
0.996012
0.996077
0.996115
0.996186
0.996233
0.996295
0.996349
0.996406
0.996463
0.996519
0.996576
0.996633
0.996689
0.996746
0.996802
0.996859
0.996915
0.996972
0.997028
0.997085
0.997141
0.997197
0.997253
0.99731
0.997364
0.997423
0.997475
0.997541
0.997582
0.997652
0.997701
0.997762
0.997816
0.997871
0.997926
0.99798
0.998033
0.998086
0.998139
0.998191
0.998243
0.998295
0.998346
0.998396
0.998447
0.998496
0.998545
0.998594
0.998643
0.998691
0.998742
0.998786
0.998845
0.99888
0.998937
0.998979
0.999029
0.999075
0.999121
0.999166
0.999211
0.999256
0.9993
0.999344
0.999388
0.999432
0.999475
0.999518
0.99956
0.999603
0.999645
0.999686
0.999728
0.999769
0.999811
0.999851
0.999896
0.999933
0.999988
0.988376
0.988396
0.98843
0.988444
0.98846
0.988474
0.988489
0.988506
0.988526
0.98855
0.988576
0.988607
0.988642
0.988681
0.988726
0.988775
0.988827
0.988886
0.988944
0.989013
0.989073
0.989147
0.989215
0.989287
0.989361
0.989435
0.989511
0.989588
0.989667
0.989749
0.989833
0.98992
0.99001
0.990105
0.990203
0.990304
0.990408
0.990514
0.990621
0.99073
0.990836
0.990943
0.991043
0.991145
0.99123
0.991327
0.991391
0.99148
0.991541
0.99161
0.99167
0.991728
0.991781
0.991833
0.991882
0.99193
0.991978
0.992025
0.992072
0.992118
0.992162
0.992204
0.992245
0.992285
0.992325
0.992365
0.992405
0.992444
0.992483
0.992519
0.992563
0.992591
0.992637
0.992666
0.992705
0.992739
0.992774
0.992808
0.992841
0.992874
0.992907
0.992939
0.992971
0.993002
0.993033
0.993065
0.993096
0.993127
0.993158
0.993189
0.99322
0.993251
0.993281
0.993313
0.99334
0.993376
0.993399
0.993433
0.993459
0.99349
0.993517
0.993545
0.993572
0.993598
0.993624
0.99365
0.993676
0.993701
0.993726
0.993751
0.993776
0.993801
0.993827
0.993852
0.993878
0.993904
0.99393
0.993957
0.993983
0.994012
0.994036
0.994072
0.994091
0.994126
0.994149
0.994182
0.994207
0.994237
0.994265
0.994294
0.994324
0.994353
0.994383
0.994413
0.994444
0.994474
0.994506
0.994537
0.99457
0.994603
0.994636
0.99467
0.994705
0.994742
0.994777
0.994816
0.994851
0.994897
0.994927
0.994976
0.995014
0.995059
0.995102
0.995145
0.99519
0.995234
0.99528
0.995325
0.995372
0.995418
0.995465
0.995513
0.995561
0.99561
0.995659
0.995709
0.995759
0.995809
0.995861
0.995911
0.995966
0.996013
0.996078
0.996116
0.996188
0.996235
0.996297
0.99635
0.996408
0.996464
0.99652
0.996577
0.996633
0.99669
0.996746
0.996803
0.996859
0.996915
0.996972
0.997028
0.997084
0.99714
0.997196
0.997252
0.997309
0.997364
0.997423
0.997476
0.997541
0.997583
0.997653
0.997702
0.997763
0.997816
0.997872
0.997926
0.99798
0.998033
0.998086
0.998139
0.998191
0.998243
0.998294
0.998346
0.998396
0.998446
0.998496
0.998545
0.998594
0.998643
0.998691
0.998743
0.998787
0.998845
0.99888
0.998937
0.99898
0.999029
0.999075
0.999122
0.999167
0.999211
0.999256
0.9993
0.999344
0.999388
0.999431
0.999475
0.999518
0.99956
0.999602
0.999644
0.999686
0.999727
0.999769
0.999811
0.999851
0.999896
0.999933
0.999988
0.988269
0.988389
0.988394
0.988439
0.988451
0.98847
0.988485
0.988503
0.988523
0.988546
0.988574
0.988606
0.988642
0.988684
0.98873
0.988781
0.988835
0.988895
0.988953
0.989022
0.98908
0.989155
0.989222
0.989293
0.989366
0.989439
0.989515
0.989593
0.989673
0.989757
0.989843
0.989931
0.990023
0.990117
0.990214
0.990314
0.990415
0.990516
0.990617
0.990718
0.990817
0.990916
0.991009
0.991104
0.991189
0.991283
0.991355
0.991452
0.991518
0.991591
0.991652
0.991712
0.991766
0.991818
0.991866
0.99191
0.991951
0.991989
0.992028
0.992067
0.992108
0.99215
0.992192
0.992233
0.992275
0.992316
0.992357
0.992396
0.992438
0.992474
0.992519
0.992548
0.992595
0.992626
0.992667
0.992702
0.992739
0.992775
0.992811
0.992846
0.992881
0.992915
0.992949
0.992983
0.993016
0.993049
0.993082
0.993115
0.993147
0.993179
0.99321
0.993242
0.993272
0.993304
0.99333
0.993366
0.993387
0.993424
0.993449
0.993479
0.993507
0.993535
0.993562
0.993589
0.993615
0.993641
0.993667
0.993693
0.993719
0.993744
0.99377
0.993796
0.993821
0.993848
0.993874
0.9939
0.993926
0.993954
0.99398
0.994009
0.994033
0.994068
0.994087
0.994122
0.994146
0.994178
0.994203
0.994233
0.994261
0.99429
0.994319
0.994349
0.994378
0.994409
0.994439
0.994471
0.994502
0.994534
0.994567
0.9946
0.994634
0.994669
0.994704
0.99474
0.994777
0.994815
0.994851
0.994894
0.994928
0.994975
0.995013
0.995058
0.9951
0.995144
0.995188
0.995232
0.995278
0.995323
0.99537
0.995416
0.995464
0.995511
0.99556
0.995608
0.995657
0.995707
0.995758
0.995808
0.99586
0.99591
0.995965
0.996013
0.996078
0.996116
0.996188
0.996234
0.996297
0.99635
0.996407
0.996463
0.996519
0.996576
0.996632
0.996689
0.996745
0.996802
0.996858
0.996915
0.996971
0.997028
0.997084
0.99714
0.997196
0.997252
0.997309
0.997365
0.997424
0.997477
0.997542
0.997584
0.997654
0.997703
0.997764
0.997817
0.997873
0.997927
0.997981
0.998034
0.998087
0.99814
0.998192
0.998244
0.998295
0.998346
0.998396
0.998446
0.998496
0.998545
0.998594
0.998643
0.998691
0.998742
0.998787
0.998846
0.998881
0.998937
0.99898
0.99903
0.999076
0.999122
0.999167
0.999212
0.999256
0.999301
0.999344
0.999388
0.999432
0.999475
0.999518
0.99956
0.999602
0.999643
0.999685
0.999727
0.999768
0.99981
0.999851
0.999896
0.999933
0.999988
0.988047
0.988357
0.988383
0.988441
0.988459
0.988477
0.988492
0.98851
0.98853
0.988554
0.988581
0.988613
0.98865
0.98869
0.988736
0.988787
0.988841
0.988903
0.988963
0.989037
0.989093
0.989176
0.989241
0.989316
0.989389
0.989465
0.989541
0.989619
0.989696
0.989774
0.989854
0.989938
0.990026
0.990117
0.990211
0.990309
0.990409
0.990511
0.990615
0.990717
0.990816
0.990912
0.991004
0.991092
0.99117
0.991245
0.991295
0.991374
0.991427
0.991494
0.991553
0.991612
0.99167
0.991727
0.991783
0.99184
0.991901
0.991959
0.992017
0.992066
0.992112
0.992157
0.992202
0.992245
0.992288
0.992329
0.992371
0.99241
0.992452
0.992488
0.992534
0.992563
0.992611
0.992643
0.992685
0.992722
0.99276
0.992797
0.992834
0.99287
0.992907
0.992942
0.992977
0.993012
0.993046
0.993079
0.993112
0.993144
0.993175
0.993206
0.993237
0.993267
0.993296
0.993326
0.993354
0.993382
0.993413
0.993435
0.993466
0.993492
0.993521
0.993547
0.993574
0.9936
0.993627
0.993653
0.993679
0.993705
0.993731
0.993757
0.993783
0.993809
0.993835
0.993862
0.993887
0.993914
0.99394
0.993967
0.993992
0.99402
0.994043
0.994078
0.994096
0.994131
0.994154
0.994184
0.994209
0.994238
0.994265
0.994294
0.994322
0.994352
0.994382
0.994412
0.994443
0.994475
0.994507
0.994539
0.994572
0.994605
0.994639
0.994674
0.994709
0.994745
0.994782
0.99482
0.994857
0.994899
0.994933
0.994978
0.995017
0.995061
0.995103
0.995146
0.995189
0.995234
0.995278
0.995324
0.99537
0.995417
0.995464
0.995512
0.995561
0.995609
0.995659
0.995709
0.995759
0.995809
0.995861
0.995912
0.995967
0.996016
0.99608
0.996119
0.99619
0.996237
0.996299
0.996352
0.99641
0.996466
0.996522
0.996578
0.996634
0.99669
0.996746
0.996802
0.996859
0.996915
0.996971
0.997027
0.997083
0.997139
0.997195
0.99725
0.997308
0.997364
0.997424
0.997477
0.997544
0.997586
0.997654
0.997704
0.997764
0.997818
0.997873
0.997927
0.997981
0.998034
0.998087
0.998139
0.998192
0.998243
0.998295
0.998346
0.998396
0.998446
0.998496
0.998545
0.998594
0.998643
0.998692
0.998743
0.998788
0.998845
0.998881
0.998937
0.99898
0.99903
0.999076
0.999122
0.999167
0.999211
0.999256
0.9993
0.999344
0.999387
0.99943
0.999473
0.999517
0.999559
0.999601
0.999643
0.999685
0.999726
0.999768
0.99981
0.999852
0.999897
0.999933
0.999989
0.989468
0.989327
0.989249
0.989128
0.989012
0.988884
0.988749
0.988597
0.988458
0.988273
0.9895
0.989342
0.989251
0.989135
0.989015
0.98889
0.988757
0.988612
0.988471
0.988324
0.989525
0.989368
0.989266
0.989159
0.989041
0.988922
0.9888
0.988673
0.988564
0.988471
0.989566
0.989409
0.989298
0.989193
0.989081
0.988968
0.988856
0.988746
0.988646
0.988566
0.989619
0.989465
0.989352
0.989254
0.989148
0.989046
0.98895
0.988861
0.988787
0.988731
0.989665
0.989509
0.989395
0.989304
0.989201
0.989105
0.989013
0.988928
0.988852
0.988788
0.989707
0.989547
0.989444
0.98936
0.989259
0.989169
0.989084
0.989006
0.988938
0.988882
0.989732
0.989569
0.98948
0.989394
0.989294
0.989207
0.989124
0.989047
0.988979
0.988919
0.989742
0.989582
0.989504
0.989411
0.989315
0.98923
0.989147
0.989071
0.989003
0.988944
0.98972
0.989582
0.98951
0.989411
0.989322
0.989235
0.989151
0.989075
0.989006
0.988945
0.98822
0.988388
0.988409
0.98845
0.98847
0.988488
0.988506
0.988525
0.988546
0.988571
0.988601
0.988634
0.988673
0.988716
0.988764
0.988817
0.988872
0.988931
0.988987
0.989054
0.989105
0.989186
0.989249
0.989322
0.989394
0.989469
0.989546
0.989627
0.989712
0.989802
0.98989
0.989979
0.99007
0.990161
0.990254
0.990343
0.99043
0.99051
0.990587
0.990668
0.990753
0.99084
0.990926
0.991015
0.991103
0.991207
0.991279
0.991373
0.991431
0.991498
0.991558
0.991617
0.991673
0.991727
0.991778
0.991825
0.991866
0.991907
0.991945
0.991993
0.99204
0.992088
0.992135
0.992181
0.992226
0.992269
0.992312
0.992353
0.992396
0.992433
0.99248
0.99251
0.992559
0.992593
0.992636
0.992675
0.992715
0.992754
0.992793
0.992832
0.992871
0.992909
0.992947
0.992984
0.993021
0.993056
0.993091
0.993125
0.993158
0.99319
0.993222
0.993252
0.993282
0.993311
0.993339
0.993367
0.993397
0.993421
0.993452
0.993477
0.993506
0.993532
0.99356
0.993586
0.993613
0.99364
0.993666
0.993693
0.99372
0.993747
0.993774
0.9938
0.993827
0.993854
0.99388
0.993907
0.993934
0.993961
0.993986
0.994014
0.994038
0.994072
0.99409
0.994126
0.994149
0.994178
0.994203
0.994231
0.994259
0.994287
0.994316
0.994346
0.994376
0.994406
0.994437
0.994469
0.994501
0.994534
0.994567
0.994601
0.994636
0.994671
0.994707
0.994742
0.99478
0.994815
0.994858
0.994891
0.994935
0.994974
0.995015
0.995058
0.9951
0.995143
0.995187
0.995231
0.995276
0.995322
0.995368
0.995415
0.995462
0.99551
0.995558
0.995607
0.995657
0.995706
0.995757
0.995808
0.99586
0.995912
0.995967
0.996016
0.996079
0.996118
0.996188
0.996236
0.996297
0.996351
0.996408
0.996464
0.99652
0.996576
0.996632
0.996688
0.996745
0.996801
0.996858
0.996914
0.996971
0.997027
0.997083
0.99714
0.997196
0.997252
0.99731
0.997365
0.997425
0.997478
0.997545
0.997586
0.997654
0.997705
0.997765
0.997819
0.997875
0.997928
0.997982
0.998036
0.998089
0.998141
0.998193
0.998245
0.998296
0.998346
0.998397
0.998446
0.998495
0.998545
0.998593
0.998642
0.998691
0.998742
0.998787
0.998844
0.998881
0.998936
0.998981
0.999031
0.999076
0.999122
0.999168
0.999212
0.999257
0.999301
0.999345
0.999388
0.999431
0.999474
0.999517
0.999559
0.999601
0.999642
0.999684
0.999726
0.999766
0.999809
0.999851
0.999896
0.999932
0.999988
0.988264
0.988385
0.988416
0.98845
0.988476
0.988494
0.988513
0.988532
0.988554
0.98858
0.988609
0.988643
0.988681
0.988724
0.988772
0.988826
0.988883
0.988952
0.989019
0.989095
0.989152
0.989237
0.989306
0.989381
0.989456
0.989533
0.989608
0.989681
0.989744
0.989806
0.989881
0.989959
0.990042
0.990128
0.990219
0.990317
0.99043
0.990543
0.990651
0.990738
0.990819
0.990899
0.990972
0.991041
0.991094
0.991147
0.991183
0.991252
0.991309
0.991375
0.991436
0.991498
0.991559
0.99162
0.991681
0.991743
0.991806
0.991868
0.991928
0.991984
0.992037
0.992087
0.992136
0.992182
0.992228
0.992272
0.992316
0.992357
0.992401
0.992438
0.992485
0.992516
0.992565
0.992601
0.992644
0.992684
0.992725
0.992766
0.992806
0.992847
0.992887
0.992927
0.992966
0.993004
0.993041
0.993077
0.993112
0.993146
0.993179
0.993211
0.993241
0.993271
0.9933
0.993328
0.993356
0.993381
0.993412
0.993431
0.993463
0.993487
0.993515
0.993541
0.993568
0.993594
0.993621
0.993648
0.993675
0.993702
0.993729
0.993756
0.993783
0.993811
0.993837
0.993864
0.993891
0.993918
0.993944
0.99397
0.993996
0.994023
0.994046
0.994079
0.994096
0.994132
0.994154
0.994182
0.994207
0.994235
0.994261
0.99429
0.994318
0.994348
0.994378
0.994408
0.99444
0.994472
0.994504
0.994537
0.994571
0.994605
0.99464
0.994675
0.994711
0.994746
0.994785
0.994819
0.994864
0.994895
0.994939
0.994976
0.995018
0.995061
0.995102
0.995145
0.995188
0.995232
0.995277
0.995322
0.995368
0.995415
0.995462
0.99551
0.995559
0.995608
0.995658
0.995708
0.995759
0.99581
0.995862
0.995914
0.995969
0.996019
0.996081
0.996121
0.996189
0.996238
0.996299
0.996353
0.996411
0.996466
0.996522
0.996578
0.996634
0.99669
0.996746
0.996802
0.996858
0.996914
0.996971
0.997027
0.997083
0.99714
0.997196
0.997251
0.997309
0.997365
0.997426
0.997477
0.997546
0.997587
0.997654
0.997705
0.997764
0.997819
0.997874
0.997928
0.997982
0.998035
0.998088
0.99814
0.998192
0.998244
0.998295
0.998346
0.998397
0.998447
0.998496
0.998546
0.998595
0.998644
0.998692
0.998742
0.998789
0.998842
0.998884
0.998934
0.998982
0.999029
0.999076
0.999122
0.999167
0.999212
0.999256
0.9993
0.999344
0.999387
0.99943
0.999473
0.999516
0.999559
0.999601
0.999642
0.999685
0.999726
0.999767
0.99981
0.999851
0.999897
0.999933
0.999988
0.988436
0.988465
0.988489
0.988513
0.988533
0.988551
0.98857
0.988592
0.988616
0.988644
0.988676
0.988713
0.988754
0.9888
0.988849
0.988901
0.988951
0.988995
0.989034
0.989094
0.98914
0.989223
0.989283
0.989355
0.989428
0.989507
0.989593
0.989688
0.989808
0.989912
0.989995
0.990078
0.990162
0.990245
0.990323
0.990394
0.990451
0.9905
0.990557
0.990632
0.990706
0.99078
0.990853
0.990927
0.991002
0.991088
0.991155
0.991239
0.991302
0.99137
0.991433
0.991495
0.991556
0.991617
0.991676
0.991734
0.991789
0.991844
0.991897
0.991948
0.992
0.99205
0.992099
0.992147
0.992194
0.992239
0.992285
0.992326
0.992371
0.992409
0.992457
0.992489
0.992538
0.992576
0.99262
0.992662
0.992704
0.992746
0.992789
0.992831
0.992873
0.992914
0.992955
0.992995
0.993033
0.993071
0.993107
0.993141
0.993175
0.993207
0.993238
0.993268
0.993297
0.993324
0.993352
0.993376
0.993407
0.993426
0.993458
0.993481
0.99351
0.993535
0.993562
0.993589
0.993616
0.993643
0.99367
0.993698
0.993725
0.993753
0.993781
0.993808
0.993836
0.993863
0.99389
0.993916
0.993943
0.993969
0.993994
0.994022
0.994044
0.994076
0.994094
0.994129
0.994151
0.99418
0.994204
0.994232
0.994258
0.994287
0.994315
0.994345
0.994375
0.994406
0.994437
0.994469
0.994502
0.994535
0.994569
0.994604
0.994639
0.994674
0.99471
0.994746
0.994786
0.994818
0.994864
0.994893
0.99494
0.994974
0.995018
0.99506
0.995102
0.995144
0.995187
0.995231
0.995276
0.995321
0.995367
0.995414
0.995461
0.995509
0.995558
0.995607
0.995657
0.995707
0.995758
0.995809
0.995862
0.995914
0.995969
0.996018
0.996082
0.996122
0.996189
0.996238
0.996298
0.996353
0.996409
0.996464
0.99652
0.996576
0.996633
0.996689
0.996745
0.996801
0.996858
0.996914
0.99697
0.997027
0.997084
0.99714
0.997196
0.997253
0.99731
0.997366
0.997426
0.997478
0.997545
0.997588
0.997654
0.997706
0.997764
0.997819
0.997874
0.997929
0.997983
0.998036
0.998089
0.998141
0.998193
0.998245
0.998296
0.998347
0.998397
0.998447
0.998497
0.998546
0.998594
0.998643
0.998692
0.99874
0.998789
0.998838
0.998889
0.998928
0.998983
0.999028
0.999077
0.999122
0.999167
0.999212
0.999257
0.999301
0.999344
0.999387
0.99943
0.999473
0.999516
0.999558
0.9996
0.999642
0.999684
0.999725
0.999767
0.99981
0.999851
0.999896
0.999932
0.999988
0.988519
0.988507
0.988512
0.988523
0.988537
0.988553
0.988571
0.98859
0.988612
0.988637
0.988666
0.988699
0.988736
0.98878
0.988829
0.988892
0.988962
0.989066
0.989146
0.989217
0.989268
0.989356
0.98942
0.989495
0.989568
0.989639
0.989704
0.98976
0.989799
0.989849
0.989924
0.990001
0.990078
0.990156
0.990235
0.990317
0.990401
0.990494
0.990584
0.990667
0.990743
0.990816
0.990883
0.99095
0.99101
0.991071
0.991125
0.99119
0.991247
0.991309
0.99137
0.991433
0.991496
0.99156
0.991623
0.991686
0.991749
0.991811
0.991872
0.991931
0.991987
0.992041
0.992093
0.992142
0.99219
0.992236
0.992282
0.992324
0.992369
0.992407
0.992455
0.992489
0.992537
0.992576
0.99262
0.992662
0.992705
0.992748
0.992791
0.992834
0.992877
0.992919
0.992961
0.993001
0.99304
0.993078
0.993115
0.99315
0.993183
0.993215
0.993246
0.993275
0.993304
0.993331
0.993359
0.993382
0.993413
0.993431
0.993463
0.993485
0.993513
0.993538
0.993565
0.993591
0.993618
0.993646
0.993673
0.993701
0.993729
0.993757
0.993785
0.993813
0.99384
0.993868
0.993894
0.993921
0.993947
0.993974
0.993998
0.994026
0.994048
0.994079
0.994098
0.994131
0.994152
0.994181
0.994205
0.994233
0.994259
0.994287
0.994316
0.994345
0.994375
0.994406
0.994438
0.99447
0.994503
0.994537
0.994571
0.994605
0.994641
0.994676
0.994713
0.994747
0.994788
0.994819
0.994866
0.994895
0.994941
0.994976
0.99502
0.99506
0.995103
0.995145
0.995188
0.995231
0.995276
0.995321
0.995367
0.995414
0.995461
0.995509
0.995558
0.995607
0.995657
0.995708
0.995759
0.99581
0.995863
0.995915
0.995971
0.996019
0.996083
0.996124
0.99619
0.996239
0.996299
0.996354
0.99641
0.996465
0.996521
0.996577
0.996633
0.996689
0.996745
0.996802
0.996858
0.996914
0.996971
0.997027
0.997084
0.99714
0.997197
0.997253
0.99731
0.997366
0.997426
0.997478
0.997545
0.997589
0.997654
0.997706
0.997764
0.997819
0.997874
0.997928
0.997982
0.998036
0.998088
0.998141
0.998193
0.998245
0.998296
0.998347
0.998397
0.998447
0.998497
0.998546
0.998595
0.998644
0.998692
0.998741
0.99879
0.998837
0.99889
0.998927
0.998984
0.999027
0.999076
0.999121
0.999167
0.999212
0.999256
0.9993
0.999344
0.999387
0.99943
0.999473
0.999516
0.999558
0.9996
0.999642
0.999684
0.999726
0.999768
0.99981
0.999851
0.999896
0.999932
0.999988
0.988696
0.988678
0.988673
0.988675
0.988681
0.988693
0.988708
0.988727
0.988751
0.988779
0.988812
0.988848
0.988889
0.988932
0.988975
0.989015
0.989045
0.989064
0.98909
0.989155
0.989201
0.989283
0.989342
0.989413
0.989483
0.989557
0.989632
0.989715
0.989805
0.989905
0.989995
0.990078
0.990158
0.990235
0.99031
0.990383
0.990452
0.990516
0.990579
0.990642
0.990705
0.99077
0.990834
0.990897
0.990966
0.991025
0.991098
0.991163
0.99123
0.991295
0.99136
0.991424
0.991488
0.991552
0.991615
0.991677
0.991739
0.991799
0.991857
0.991914
0.99197
0.992023
0.992075
0.992125
0.992174
0.99222
0.992268
0.99231
0.992357
0.992395
0.992444
0.992478
0.992529
0.992566
0.992612
0.992654
0.992698
0.992742
0.992786
0.99283
0.992873
0.992916
0.992958
0.992999
0.993039
0.993077
0.993114
0.993149
0.993183
0.993215
0.993246
0.993275
0.993305
0.99333
0.99336
0.993381
0.993412
0.99343
0.993463
0.993483
0.993513
0.993537
0.993564
0.99359
0.993618
0.993645
0.993673
0.993701
0.993729
0.993757
0.993785
0.993813
0.99384
0.993868
0.993894
0.993922
0.993947
0.993974
0.993998
0.994025
0.994047
0.994078
0.994096
0.994129
0.99415
0.994179
0.994204
0.994231
0.994258
0.994286
0.994315
0.994344
0.994374
0.994405
0.994437
0.99447
0.994503
0.994536
0.994571
0.994605
0.994641
0.994675
0.994713
0.994747
0.994789
0.994819
0.994866
0.994895
0.994941
0.994975
0.995019
0.99506
0.995103
0.995144
0.995188
0.995231
0.995275
0.995321
0.995366
0.995413
0.99546
0.995509
0.995557
0.995607
0.995657
0.995708
0.995759
0.99581
0.995864
0.995915
0.995972
0.996018
0.996083
0.996124
0.996189
0.996239
0.996298
0.996353
0.996409
0.996465
0.996521
0.996577
0.996633
0.996689
0.996745
0.996801
0.996858
0.996914
0.996971
0.997027
0.997084
0.997141
0.997197
0.997254
0.997311
0.997367
0.997426
0.99748
0.997544
0.997589
0.997653
0.997706
0.997764
0.997819
0.997875
0.997928
0.997982
0.998036
0.998089
0.998141
0.998194
0.998245
0.998297
0.998347
0.998398
0.998448
0.998497
0.998546
0.998595
0.998644
0.998692
0.99874
0.99879
0.998836
0.99889
0.998925
0.998984
0.999026
0.999076
0.999121
0.999167
0.999212
0.999256
0.9993
0.999344
0.999388
0.999431
0.999473
0.999516
0.999558
0.9996
0.999642
0.999684
0.999726
0.999767
0.99981
0.999851
0.999896
0.999932
0.999987
0.988739
0.988705
0.988683
0.988671
0.988666
0.988667
0.988674
0.988686
0.988703
0.988724
0.98875
0.98878
0.988814
0.988853
0.988896
0.988946
0.989003
0.989074
0.989149
0.989232
0.989285
0.989371
0.989433
0.989505
0.989576
0.989648
0.989719
0.98979
0.989858
0.989921
0.989992
0.990063
0.990134
0.990206
0.990277
0.990348
0.99042
0.990491
0.990563
0.990633
0.990701
0.990767
0.990834
0.990895
0.990964
0.991017
0.991088
0.991145
0.991211
0.991272
0.991336
0.9914
0.991464
0.991529
0.991593
0.991657
0.99172
0.991782
0.991843
0.991902
0.99196
0.992015
0.992068
0.992119
0.99217
0.992216
0.992264
0.992307
0.992354
0.992394
0.992443
0.992476
0.992529
0.992565
0.992613
0.992654
0.992699
0.992742
0.992787
0.992831
0.992874
0.992917
0.99296
0.993001
0.993041
0.993079
0.993116
0.993151
0.993185
0.993217
0.993249
0.993277
0.993307
0.993332
0.993363
0.993384
0.993413
0.993432
0.993464
0.993484
0.993515
0.993538
0.993566
0.993592
0.993619
0.993647
0.993674
0.993702
0.99373
0.993759
0.993787
0.993815
0.993842
0.99387
0.993896
0.993923
0.993948
0.993975
0.993999
0.994027
0.994048
0.994078
0.994096
0.994129
0.994151
0.994179
0.994205
0.994231
0.994258
0.994286
0.994315
0.994344
0.994375
0.994406
0.994438
0.99447
0.994503
0.994537
0.994571
0.994606
0.994641
0.994676
0.994714
0.994748
0.994789
0.994819
0.994866
0.994895
0.994941
0.994976
0.995019
0.99506
0.995103
0.995145
0.995188
0.995231
0.995276
0.995321
0.995367
0.995413
0.995461
0.995509
0.995558
0.995607
0.995657
0.995708
0.99576
0.995811
0.995864
0.995915
0.995972
0.996019
0.996083
0.996125
0.99619
0.996239
0.996298
0.996353
0.996409
0.996465
0.996521
0.996577
0.996633
0.996689
0.996745
0.996802
0.996858
0.996915
0.996971
0.997028
0.997084
0.997141
0.997197
0.997254
0.997311
0.997367
0.997425
0.997482
0.997542
0.99759
0.997652
0.997706
0.997764
0.997819
0.997874
0.997928
0.997982
0.998035
0.998088
0.998141
0.998193
0.998245
0.998297
0.998347
0.998398
0.998448
0.998498
0.998547
0.998596
0.998644
0.998693
0.99874
0.99879
0.998835
0.99889
0.998925
0.998983
0.999025
0.999075
0.99912
0.999166
0.999211
0.999256
0.9993
0.999344
0.999388
0.999431
0.999473
0.999516
0.999558
0.9996
0.999642
0.999684
0.999726
0.999767
0.99981
0.999851
0.999896
0.999932
0.999987
0.988838
0.988805
0.988784
0.988771
0.988763
0.988761
0.988766
0.988777
0.988793
0.988815
0.988841
0.988873
0.988908
0.988948
0.988991
0.989037
0.989082
0.989132
0.989172
0.989234
0.989278
0.989354
0.98941
0.98948
0.989548
0.989619
0.98969
0.989765
0.98984
0.989918
0.989994
0.99007
0.990144
0.990218
0.99029
0.99036
0.990429
0.990496
0.990562
0.990627
0.990691
0.990753
0.990819
0.990878
0.990949
0.991002
0.991075
0.991134
0.991201
0.991264
0.99133
0.991394
0.991459
0.991524
0.991588
0.991652
0.991715
0.991777
0.991837
0.991896
0.991953
0.992008
0.992062
0.992113
0.992163
0.992211
0.992259
0.992303
0.99235
0.99239
0.99244
0.992474
0.992527
0.992564
0.992612
0.992653
0.992699
0.992742
0.992787
0.992831
0.992875
0.992917
0.99296
0.993001
0.99304
0.993079
0.993116
0.993151
0.993185
0.993217
0.993248
0.993277
0.993307
0.993332
0.993365
0.993388
0.993409
0.993431
0.993464
0.993485
0.993515
0.993538
0.993566
0.993592
0.99362
0.993647
0.993675
0.993703
0.993731
0.993759
0.993787
0.993815
0.993842
0.99387
0.993896
0.993923
0.993948
0.993975
0.993999
0.994026
0.994048
0.994077
0.994096
0.994128
0.99415
0.994178
0.994204
0.994231
0.994258
0.994286
0.994315
0.994344
0.994375
0.994406
0.994438
0.99447
0.994503
0.994537
0.994571
0.994606
0.994641
0.994676
0.994714
0.994748
0.994789
0.99482
0.994866
0.994895
0.994941
0.994976
0.995019
0.99506
0.995102
0.995144
0.995187
0.995231
0.995276
0.995321
0.995367
0.995413
0.995461
0.995509
0.995558
0.995607
0.995657
0.995708
0.99576
0.995811
0.995864
0.995915
0.995972
0.996019
0.996083
0.996125
0.996189
0.996239
0.996298
0.996353
0.996409
0.996465
0.996521
0.996577
0.996633
0.996689
0.996745
0.996802
0.996858
0.996915
0.996971
0.997028
0.997084
0.997141
0.997198
0.997255
0.997311
0.997369
0.997424
0.997486
0.997534
0.997595
0.99765
0.997707
0.997763
0.997818
0.997873
0.997928
0.997982
0.998035
0.998088
0.998141
0.998193
0.998245
0.998297
0.998348
0.998398
0.998448
0.998498
0.998547
0.998596
0.998644
0.998693
0.99874
0.99879
0.998835
0.99889
0.998926
0.998983
0.999025
0.999075
0.99912
0.999166
0.999211
0.999256
0.9993
0.999344
0.999388
0.999431
0.999474
0.999516
0.999558
0.9996
0.999642
0.999684
0.999726
0.999767
0.99981
0.999851
0.999896
0.999932
0.999986
0.988868
0.988828
0.988797
0.988775
0.988762
0.988755
0.988756
0.988763
0.988776
0.988794
0.988818
0.988847
0.98888
0.988918
0.98896
0.989006
0.989055
0.989113
0.989167
0.989237
0.989287
0.989364
0.989424
0.989495
0.989563
0.989635
0.989706
0.989778
0.989849
0.989921
0.989992
0.990064
0.990135
0.990205
0.990276
0.990345
0.990414
0.990482
0.99055
0.990616
0.990684
0.990747
0.990815
0.990873
0.990946
0.990999
0.991071
0.991129
0.991196
0.991258
0.991324
0.991388
0.991453
0.991517
0.991582
0.991645
0.991708
0.99177
0.991831
0.99189
0.991948
0.992003
0.992057
0.992109
0.99216
0.992208
0.992257
0.992301
0.992349
0.99239
0.99244
0.992475
0.992528
0.992565
0.992614
0.992655
0.992701
0.992744
0.992789
0.992832
0.992876
0.992919
0.992961
0.993001
0.993041
0.993079
0.993116
0.993151
0.993185
0.993217
0.993248
0.993277
0.993307
0.993332
0.993364
0.993385
0.993413
0.993433
0.993465
0.993486
0.993516
0.99354
0.993568
0.993594
0.993621
0.993648
0.993676
0.993704
0.993732
0.99376
0.993788
0.993815
0.993842
0.99387
0.993896
0.993923
0.993948
0.993975
0.993998
0.994026
0.994048
0.994076
0.994097
0.994127
0.99415
0.994178
0.994203
0.994231
0.994258
0.994287
0.994315
0.994345
0.994375
0.994406
0.994438
0.994471
0.994504
0.994537
0.994572
0.994606
0.994642
0.994676
0.994714
0.994748
0.994788
0.994821
0.994865
0.994896
0.994941
0.994977
0.995019
0.99506
0.995102
0.995144
0.995187
0.995231
0.995276
0.995321
0.995367
0.995413
0.995461
0.995509
0.995558
0.995607
0.995658
0.995708
0.99576
0.995811
0.995864
0.995915
0.995972
0.99602
0.996083
0.996126
0.996189
0.99624
0.996297
0.996353
0.996409
0.996465
0.996521
0.996577
0.996633
0.996689
0.996745
0.996802
0.996858
0.996915
0.996971
0.997028
0.997085
0.997141
0.997198
0.997255
0.997311
0.997369
0.997423
0.997487
0.997534
0.997596
0.99765
0.997707
0.997763
0.997818
0.997873
0.997927
0.997981
0.998035
0.998088
0.998141
0.998193
0.998245
0.998296
0.998347
0.998398
0.998448
0.998498
0.998547
0.998596
0.998645
0.998694
0.99874
0.99879
0.998835
0.998889
0.998926
0.998982
0.999025
0.999074
0.999119
0.999166
0.999211
0.999256
0.9993
0.999344
0.999388
0.999431
0.999474
0.999516
0.999558
0.9996
0.999642
0.999684
0.999726
0.999767
0.99981
0.999851
0.999896
0.999933
0.999985
0.988893
0.988852
0.98882
0.988797
0.988783
0.988775
0.988774
0.988781
0.988794
0.988812
0.988836
0.988865
0.988898
0.988936
0.988978
0.989024
0.98907
0.989125
0.989173
0.989238
0.989285
0.989358
0.989416
0.989486
0.989552
0.989623
0.989694
0.989766
0.989838
0.989911
0.989985
0.990058
0.99013
0.990202
0.990273
0.990342
0.990411
0.990479
0.990547
0.990612
0.990679
0.990741
0.99081
0.990867
0.99094
0.990994
0.991066
0.991125
0.991193
0.991256
0.991321
0.991386
0.991451
0.991516
0.991581
0.991645
0.991708
0.991769
0.99183
0.991889
0.991946
0.992002
0.992056
0.992108
0.992159
0.992207
0.992256
0.9923
0.992349
0.992389
0.99244
0.992476
0.992528
0.992566
0.992615
0.992656
0.992702
0.992745
0.99279
0.992833
0.992877
0.992919
0.992961
0.993002
0.993041
0.993079
0.993116
0.993151
0.993185
0.993216
0.993248
0.993276
0.993307
0.993332
0.993363
0.993384
0.993414
0.993434
0.993466
0.993487
0.993516
0.99354
0.993568
0.993594
0.993622
0.993649
0.993677
0.993704
0.993732
0.99376
0.993788
0.993815
0.993842
0.99387
0.993896
0.993923
0.993948
0.993975
0.993998
0.994025
0.994048
0.994076
0.994097
0.994126
0.99415
0.994177
0.994203
0.994231
0.994258
0.994287
0.994315
0.994345
0.994375
0.994406
0.994438
0.994471
0.994504
0.994537
0.994572
0.994606
0.994642
0.994676
0.994713
0.994748
0.994787
0.994821
0.994864
0.994896
0.99494
0.994977
0.995019
0.995059
0.995102
0.995144
0.995187
0.995231
0.995276
0.995321
0.995367
0.995414
0.995461
0.995509
0.995558
0.995607
0.995658
0.995708
0.99576
0.995811
0.995864
0.995916
0.995971
0.996021
0.996082
0.996126
0.996188
0.99624
0.996297
0.996352
0.996409
0.996464
0.996521
0.996577
0.996633
0.996689
0.996745
0.996802
0.996858
0.996915
0.996971
0.997028
0.997084
0.997141
0.997198
0.997255
0.997311
0.997369
0.997423
0.997486
0.997533
0.997596
0.997649
0.997707
0.997762
0.997818
0.997873
0.997927
0.997981
0.998035
0.998088
0.998141
0.998193
0.998245
0.998296
0.998347
0.998398
0.998448
0.998498
0.998547
0.998596
0.998645
0.998694
0.99874
0.99879
0.998835
0.998888
0.998927
0.998982
0.999025
0.999074
0.999119
0.999166
0.999211
0.999256
0.9993
0.999344
0.999388
0.999431
0.999474
0.999516
0.999558
0.9996
0.999642
0.999684
0.999726
0.999767
0.99981
0.999851
0.999896
0.999933
0.999985
0.988892
0.988849
0.988814
0.988788
0.98877
0.98876
0.988758
0.988764
0.988775
0.988793
0.988817
0.988845
0.988879
0.988917
0.988958
0.989005
0.989052
0.989108
0.989158
0.989224
0.989275
0.989348
0.989408
0.98948
0.989547
0.989618
0.989689
0.989761
0.989833
0.989906
0.989978
0.99005
0.990122
0.990193
0.990264
0.990334
0.990404
0.990472
0.99054
0.990606
0.990674
0.990736
0.990806
0.990865
0.990938
0.990993
0.991064
0.991124
0.991192
0.991254
0.99132
0.991385
0.99145
0.991515
0.991579
0.991643
0.991705
0.991767
0.991828
0.991886
0.991944
0.991999
0.992054
0.992106
0.992157
0.992205
0.992255
0.992299
0.992349
0.99239
0.99244
0.992477
0.992528
0.992568
0.992616
0.992658
0.992704
0.992747
0.992792
0.992835
0.992879
0.992921
0.992962
0.993003
0.993042
0.99308
0.993117
0.993151
0.993185
0.993216
0.993248
0.993276
0.993307
0.993332
0.993362
0.993385
0.993414
0.993435
0.993465
0.993488
0.993517
0.993541
0.993569
0.993595
0.993623
0.99365
0.993678
0.993705
0.993733
0.993761
0.993788
0.993816
0.993843
0.99387
0.993896
0.993923
0.993948
0.993974
0.993998
0.994025
0.994048
0.994075
0.994097
0.994126
0.99415
0.994177
0.994203
0.994231
0.994258
0.994287
0.994316
0.994345
0.994376
0.994407
0.994439
0.994471
0.994504
0.994538
0.994572
0.994606
0.994642
0.994676
0.994713
0.994748
0.994787
0.994821
0.994864
0.994896
0.99494
0.994977
0.995019
0.995059
0.995102
0.995144
0.995187
0.995231
0.995276
0.995321
0.995367
0.995414
0.995461
0.995509
0.995558
0.995608
0.995658
0.995708
0.99576
0.995811
0.995864
0.995916
0.995971
0.996021
0.996082
0.996126
0.996188
0.99624
0.996297
0.996352
0.996408
0.996464
0.99652
0.996576
0.996633
0.996689
0.996745
0.996802
0.996858
0.996915
0.996971
0.997028
0.997084
0.997141
0.997198
0.997255
0.997311
0.997369
0.997423
0.997486
0.997533
0.997596
0.997649
0.997707
0.997762
0.997818
0.997873
0.997927
0.997981
0.998035
0.998088
0.998141
0.998193
0.998245
0.998296
0.998347
0.998398
0.998448
0.998498
0.998547
0.998596
0.998644
0.998693
0.99874
0.99879
0.998835
0.998888
0.998928
0.998981
0.999025
0.999074
0.999119
0.999166
0.999211
0.999256
0.9993
0.999344
0.999388
0.999431
0.999473
0.999516
0.999558
0.9996
0.999642
0.999684
0.999726
0.999767
0.99981
0.999851
0.999896
0.999934
0.999984
)
;

boundaryField
{
    inlet
    {
        type            zeroGradient;
    }
    outlet
    {
        type            totalPressure;
        rho             rho;
        psi             none;
        gamma           1;
        p0              uniform 1;
        value           uniform 1;
    }
    walls
    {
        type            zeroGradient;
    }
    symwall
    {
        type            empty;
    }
}


// ************************************************************************* //
