/*--------------------------------*- C++ -*----------------------------------*\
| =========                 |                                                 |
| \\      /  F ield         | OpenFOAM: The Open Source CFD Toolbox           |
|  \\    /   O peration     | Version:  2312                                  |
|   \\  /    A nd           | Website:  www.openfoam.com                      |
|    \\/     M anipulation  |                                                 |
\*---------------------------------------------------------------------------*/
FoamFile
{
    version     2.0;
    format      ascii;
    arch        "LSB;label=64;scalar=64";
    class       volScalarField;
    location    "500";
    object      rho;
}
// * * * * * * * * * * * * * * * * * * * * * * * * * * * * * * * * * * * * * //

dimensions      [1 -3 0 0 0 0 0];

internalField   nonuniform List<scalar> 
5100
(
1.00287
1.00261
1.00213
1.00148
1.00077
1.00005
0.999405
0.998851
0.998394
0.998025
0.997728
0.997484
0.99728
0.997102
0.996946
0.996811
0.996707
0.996637
0.996624
0.996636
0.996661
0.996383
0.996412
0.996349
0.996317
0.996283
0.996259
0.996239
0.996228
0.996222
0.996223
0.996231
0.996245
0.996262
0.996283
0.996308
0.996334
0.996364
0.996395
0.996427
0.996459
0.996495
0.996525
0.996574
0.99659
0.99667
0.996279
0.996421
0.996513
0.996588
0.996623
0.996642
0.996645
0.996641
0.99663
0.996617
0.996599
0.99658
0.996558
0.996534
0.996509
0.996482
0.996455
0.996427
0.996404
0.996385
0.996385
0.996407
0.996492
0.996638
0.996979
0.996615
0.996419
0.996314
0.996295
0.996303
0.99633
0.996363
0.996399
0.996434
0.996465
0.996494
0.99652
0.996544
0.996566
0.996588
0.99661
0.996631
0.996652
0.996675
0.996698
0.996725
0.99676
0.996814
0.996883
0.997002
0.996736
0.996601
0.996529
0.996514
0.996517
0.996533
0.996549
0.996558
0.996555
0.996538
0.99651
0.996474
0.996433
0.996391
0.996349
0.996308
0.996271
0.996239
0.996211
0.996189
0.996175
0.996175
0.996195
0.996255
0.996356
0.996536
0.996268
0.996119
0.996041
0.996032
0.996049
0.99609
0.996137
0.996186
0.99623
0.996264
0.99629
0.996307
0.996317
0.996321
0.996321
0.996317
0.996312
0.996306
0.996302
0.996301
0.9963
0.996303
0.996315
0.996365
0.996448
0.996571
0.996331
0.996184
0.996081
0.996036
0.996021
0.996035
0.99606
0.996092
0.996126
0.996158
0.996185
0.996208
0.996229
0.99625
0.996272
0.996296
0.996324
0.996357
0.996397
0.996445
0.996503
0.996566
0.996644
0.996722
0.996786
0.996539
0.996515
0.996528
0.996578
0.996633
0.996696
0.996758
0.996818
0.996871
0.996918
0.996954
0.996982
0.997004
0.997023
0.997041
0.997058
0.997076
0.997096
0.99712
0.99715
0.997187
0.997233
0.997281
0.997339
0.997385
0.997411
0.997112
0.99709
0.997116
0.997183
0.997255
0.997333
0.997409
0.997481
0.997543
0.997595
0.997634
0.997663
0.997684
0.997698
0.997708
0.997717
0.997725
0.997734
0.997745
0.997758
0.997776
0.997797
0.99785
0.99793
0.99803
0.997763
0.997621
0.997508
0.997446
0.997416
0.997419
0.997438
0.997459
0.997477
0.997486
0.997488
0.997483
0.997475
0.997463
0.997451
0.997439
0.997427
0.997419
0.997416
0.99742
0.997427
0.997441
0.997463
0.997532
0.997671
0.997959
1.0028
1.00253
1.00202
1.00134
1.00059
0.999873
0.999234
0.9987
0.998268
0.997922
0.997643
0.997413
0.997216
0.997044
0.996894
0.99677
0.996682
0.996631
0.996631
0.996638
0.996635
0.996381
0.996428
0.996377
0.996354
0.996329
0.996311
0.996299
0.99629
0.996286
0.996279
0.996277
0.996256
0.996255
0.996256
0.996266
0.996279
0.996298
0.996319
0.996346
0.996375
0.996414
0.996458
0.996526
0.996606
0.996761
0.996327
0.996466
0.996561
0.996651
0.996708
0.996749
0.996775
0.996793
0.996805
0.996813
0.996816
0.996815
0.996811
0.996804
0.996792
0.996776
0.996757
0.996734
0.99671
0.996685
0.996669
0.996665
0.99672
0.996831
0.997162
0.996898
0.996671
0.996496
0.996407
0.996357
0.996334
0.996326
0.996329
0.996339
0.996352
0.996367
0.996383
0.996402
0.996423
0.996445
0.99647
0.996497
0.996527
0.996561
0.996597
0.996639
0.996689
0.996757
0.996844
0.997045
0.996862
0.996746
0.996669
0.996643
0.996639
0.996654
0.996679
0.996705
0.996723
0.996728
0.996721
0.996702
0.996675
0.99664
0.996601
0.996558
0.996514
0.996471
0.996429
0.996389
0.996354
0.996327
0.996314
0.996335
0.996393
0.996604
0.996391
0.996231
0.99611
0.996054
0.996026
0.996033
0.99606
0.996097
0.99614
0.996185
0.996226
0.996265
0.9963
0.99633
0.996357
0.99638
0.9964
0.996418
0.996436
0.996457
0.996476
0.996495
0.996512
0.996556
0.996631
0.996805
0.996637
0.99651
0.996387
0.996303
0.996243
0.996216
0.996207
0.996209
0.99622
0.996235
0.996251
0.996266
0.996279
0.996292
0.996305
0.996321
0.99634
0.996364
0.996395
0.996435
0.996489
0.996548
0.99662
0.996691
0.996778
0.996555
0.996545
0.996557
0.996603
0.99665
0.996706
0.996764
0.996827
0.99689
0.996949
0.997003
0.997051
0.997091
0.997125
0.997153
0.997176
0.997196
0.997214
0.997232
0.997254
0.997281
0.997317
0.997357
0.997405
0.997441
0.997481
0.997187
0.997146
0.99714
0.997181
0.997228
0.997283
0.997342
0.997408
0.997474
0.997535
0.99759
0.997639
0.997682
0.997717
0.997746
0.997771
0.997795
0.997819
0.997845
0.997872
0.997903
0.99793
0.997979
0.998059
0.99821
0.998023
0.997913
0.997798
0.997709
0.997638
0.997602
0.997591
0.997597
0.99761
0.997622
0.997631
0.997635
0.997635
0.99763
0.997622
0.997612
0.997601
0.99759
0.997583
0.997583
0.997587
0.997598
0.99761
0.997659
0.997764
0.998045
1.00266
1.00237
1.00183
1.00112
1.00036
0.999636
0.999014
0.998507
0.998105
0.997789
0.997539
0.997336
0.997166
0.997019
0.996896
0.996792
0.99672
0.996675
0.996669
0.996651
0.996614
0.996377
0.996436
0.996387
0.996361
0.996326
0.9963
0.996272
0.996251
0.996232
0.996221
0.996211
0.996227
0.996229
0.996235
0.99624
0.996248
0.996259
0.996272
0.996291
0.996312
0.996342
0.996373
0.996431
0.996485
0.996662
0.996291
0.99638
0.996469
0.996582
0.996676
0.996763
0.996838
0.996906
0.996968
0.997026
0.99708
0.997131
0.997178
0.997218
0.997252
0.997279
0.997297
0.997305
0.997307
0.997299
0.99729
0.997275
0.997298
0.997368
0.99764
0.997451
0.997242
0.997013
0.996838
0.996699
0.996589
0.996497
0.996423
0.996361
0.996311
0.996273
0.996244
0.996225
0.996215
0.996213
0.996221
0.996237
0.996262
0.996297
0.996339
0.996394
0.996461
0.996547
0.99666
0.996934
0.996827
0.996779
0.996742
0.99674
0.996755
0.996792
0.996843
0.996903
0.99696
0.997007
0.99704
0.997061
0.997069
0.997064
0.997047
0.99702
0.996984
0.996941
0.99689
0.996836
0.996778
0.996723
0.996671
0.996634
0.996622
0.996793
0.996616
0.996454
0.996295
0.996184
0.996091
0.996032
0.996002
0.995997
0.996014
0.996045
0.996084
0.996132
0.996187
0.996245
0.996307
0.99637
0.996433
0.996496
0.996559
0.996624
0.996689
0.996752
0.996804
0.996868
0.996958
0.997182
0.997077
0.997007
0.996909
0.996818
0.996726
0.996659
0.996605
0.996561
0.996527
0.996503
0.996486
0.996473
0.996461
0.996451
0.996442
0.996436
0.996434
0.996437
0.996447
0.996467
0.996506
0.996555
0.996613
0.996665
0.996737
0.996518
0.996539
0.996568
0.996628
0.996681
0.996737
0.996794
0.996858
0.996925
0.996994
0.997067
0.997143
0.997216
0.997282
0.997337
0.997385
0.997423
0.997452
0.997475
0.997496
0.997517
0.997545
0.997575
0.99761
0.997625
0.997647
0.997338
0.997294
0.997261
0.997271
0.997285
0.997303
0.997331
0.997371
0.997417
0.997468
0.997522
0.997581
0.997642
0.997702
0.997757
0.997809
0.99786
0.997911
0.997964
0.99802
0.99808
0.998129
0.998188
0.998273
0.998468
0.998341
0.998307
0.998234
0.998157
0.998071
0.997996
0.997943
0.997916
0.997907
0.997907
0.997912
0.997919
0.997925
0.997928
0.997928
0.997924
0.997917
0.997908
0.9979
0.997895
0.997895
0.9979
0.9979
0.997922
0.997992
0.998246
1.00247
1.00217
1.00162
1.00089
1.00013
0.999438
0.998857
0.998396
0.998037
0.997753
0.997522
0.997326
0.997154
0.997002
0.996872
0.996767
0.996693
0.996645
0.996622
0.996584
0.99653
0.996295
0.996371
0.996342
0.99632
0.996283
0.996249
0.99621
0.996172
0.996131
0.996088
0.996043
0.995993
0.995949
0.995908
0.995871
0.995838
0.995811
0.995789
0.995776
0.995769
0.995779
0.995795
0.995848
0.995911
0.9961
0.99585
0.995895
0.995979
0.996105
0.996234
0.996372
0.996509
0.996646
0.996782
0.996916
0.997048
0.997177
0.997303
0.997427
0.997546
0.99766
0.997768
0.997866
0.997954
0.998024
0.998083
0.998122
0.998172
0.998241
0.998463
0.998332
0.998171
0.997949
0.997732
0.997523
0.997327
0.99714
0.996961
0.996792
0.996635
0.996492
0.996363
0.996249
0.996152
0.996073
0.99601
0.995966
0.995938
0.99593
0.995942
0.995978
0.996029
0.996107
0.996219
0.996481
0.996428
0.996464
0.996494
0.996551
0.996623
0.996717
0.996828
0.996952
0.997076
0.997193
0.997297
0.997385
0.997457
0.997513
0.997552
0.997575
0.997582
0.99757
0.997542
0.997501
0.997446
0.997383
0.997309
0.997226
0.997129
0.997226
0.997047
0.996864
0.996663
0.996495
0.996332
0.996193
0.996082
0.996
0.995946
0.995918
0.995915
0.995935
0.995971
0.996023
0.996092
0.996175
0.996271
0.996376
0.996487
0.996606
0.996729
0.996858
0.996979
0.997102
0.997242
0.997523
0.997479
0.997483
0.997453
0.997412
0.997349
0.99729
0.997229
0.997164
0.997099
0.997036
0.996977
0.996922
0.996869
0.996818
0.996768
0.996721
0.996679
0.996642
0.996614
0.996596
0.996598
0.996614
0.996647
0.996669
0.996708
0.996469
0.996487
0.996518
0.996585
0.996649
0.996718
0.996789
0.996862
0.996935
0.997012
0.997097
0.997194
0.997299
0.997405
0.997505
0.997594
0.997671
0.997732
0.997784
0.997828
0.997864
0.997903
0.997936
0.997964
0.997966
0.99797
0.997663
0.997601
0.997537
0.997509
0.997484
0.997462
0.997456
0.997461
0.997466
0.997477
0.9975
0.997539
0.997589
0.997646
0.997709
0.997776
0.997847
0.997921
0.998002
0.99809
0.998184
0.998264
0.998347
0.998452
0.998682
0.998608
0.998642
0.998628
0.998604
0.998552
0.998485
0.998426
0.998384
0.998353
0.998331
0.998321
0.998317
0.998319
0.998322
0.998324
0.998323
0.99832
0.998314
0.998307
0.998303
0.998301
0.998299
0.998286
0.998286
0.998325
0.998523
1.00223
1.00195
1.0014
1.0007
0.999964
0.999304
0.998755
0.998317
0.997972
0.9977
0.997481
0.997299
0.997143
0.997009
0.99689
0.996787
0.996704
0.996637
0.99659
0.996533
0.996475
0.996188
0.996242
0.996209
0.996169
0.996108
0.996046
0.995976
0.995906
0.995833
0.995759
0.995684
0.995611
0.995533
0.995455
0.995377
0.9953
0.995225
0.995152
0.995085
0.995022
0.994973
0.994928
0.994914
0.994906
0.995041
0.994866
0.994858
0.994909
0.995014
0.995142
0.9953
0.995476
0.99567
0.995876
0.996092
0.996316
0.996548
0.996785
0.997026
0.997268
0.997509
0.997745
0.997973
0.998192
0.998398
0.998594
0.998771
0.998944
0.999119
0.999403
0.999357
0.999296
0.999159
0.998989
0.998787
0.998565
0.998325
0.998071
0.997805
0.997536
0.997267
0.997005
0.996755
0.996521
0.996306
0.996112
0.995941
0.995796
0.995679
0.995588
0.995534
0.995513
0.99554
0.99559
0.995745
0.99569
0.995755
0.995819
0.995922
0.996052
0.996217
0.996408
0.996618
0.996835
0.997052
0.997259
0.997453
0.997631
0.997789
0.997925
0.998039
0.998127
0.99819
0.998227
0.998245
0.998236
0.998206
0.99815
0.998073
0.997958
0.997958
0.997733
0.997511
0.997265
0.997037
0.996804
0.996582
0.996377
0.996198
0.996047
0.995926
0.995834
0.995771
0.995739
0.995742
0.995775
0.995829
0.995912
0.996022
0.996155
0.996308
0.996477
0.996665
0.996856
0.997057
0.997276
0.99763
0.997669
0.997763
0.997825
0.997873
0.997896
0.997905
0.997894
0.997863
0.997815
0.997754
0.997683
0.997604
0.997519
0.997429
0.997334
0.997238
0.997143
0.997052
0.996967
0.996891
0.996833
0.99679
0.996772
0.996749
0.996741
0.996466
0.996437
0.996428
0.996475
0.996527
0.996591
0.996671
0.99676
0.99685
0.996941
0.99704
0.997153
0.997281
0.99742
0.997563
0.997702
0.997833
0.997951
0.998056
0.998146
0.998223
0.998296
0.998353
0.998402
0.998416
0.998421
0.998139
0.998071
0.997985
0.997923
0.997854
0.997791
0.997744
0.997708
0.997672
0.997638
0.997611
0.997598
0.997603
0.997625
0.997664
0.997715
0.997775
0.997848
0.997938
0.99804
0.998152
0.998258
0.998369
0.998501
0.998768
0.998741
0.998824
0.998865
0.998903
0.99891
0.998894
0.998874
0.99886
0.998843
0.998822
0.998805
0.998793
0.998786
0.998783
0.998781
0.998779
0.998775
0.998769
0.998762
0.998756
0.998752
0.998743
0.998722
0.998703
0.998696
0.998856
1.00192
1.00167
1.00118
1.00053
0.999855
0.999249
0.998745
0.998337
0.998011
0.997747
0.997529
0.997342
0.997177
0.99703
0.996898
0.996781
0.996679
0.996591
0.996521
0.996454
0.99641
0.996079
0.996095
0.996055
0.996008
0.995939
0.995865
0.995783
0.995697
0.995607
0.995514
0.995418
0.995319
0.995218
0.995115
0.995011
0.994906
0.994799
0.99469
0.99458
0.994465
0.994353
0.994233
0.994129
0.99402
0.994029
0.993807
0.993698
0.993623
0.993636
0.993689
0.993776
0.993908
0.994083
0.994292
0.994533
0.994805
0.995105
0.995429
0.995774
0.996138
0.996515
0.996902
0.997294
0.997688
0.998077
0.99846
0.998821
0.999172
0.999519
0.999937
1.00009
1.00021
1.00024
1.00023
1.00015
1.00001
0.999821
0.999579
0.999292
0.998968
0.998617
0.998247
0.997868
0.997488
0.997114
0.996754
0.996415
0.9961
0.995816
0.995564
0.995353
0.99518
0.995064
0.994987
0.995015
0.994875
0.994884
0.99492
0.995006
0.99514
0.995332
0.995571
0.995847
0.996149
0.996467
0.996789
0.997108
0.997415
0.997705
0.997975
0.998221
0.998438
0.998626
0.998778
0.998894
0.998968
0.999012
0.999024
0.999006
0.998933
0.998885
0.998622
0.998378
0.998101
0.997828
0.997534
0.997236
0.996941
0.99666
0.996399
0.996163
0.995956
0.99578
0.995638
0.995533
0.995473
0.995464
0.995498
0.99556
0.995662
0.995803
0.995979
0.996191
0.996425
0.996687
0.996972
0.997367
0.997535
0.997741
0.997912
0.998074
0.998205
0.99832
0.998404
0.998453
0.998482
0.99848
0.998447
0.998389
0.99831
0.998212
0.998096
0.997967
0.997829
0.997685
0.997541
0.997401
0.997272
0.997154
0.997063
0.996971
0.9969
0.996572
0.996479
0.996397
0.996377
0.996384
0.996423
0.996488
0.996571
0.996666
0.996769
0.996882
0.997008
0.997151
0.997312
0.997486
0.997668
0.997852
0.998031
0.998202
0.998359
0.998501
0.998635
0.998747
0.998837
0.99888
0.998913
0.998686
0.998637
0.998556
0.99848
0.998385
0.998291
0.998204
0.998124
0.998046
0.997968
0.997892
0.997823
0.997768
0.997729
0.99771
0.997711
0.997736
0.997786
0.997851
0.997938
0.99804
0.998148
0.998269
0.998415
0.998701
0.998718
0.998826
0.998914
0.999012
0.999079
0.999125
0.999167
0.999207
0.999243
0.999262
0.999267
0.999268
0.999266
0.999266
0.999266
0.999264
0.99926
0.999254
0.999245
0.999237
0.999228
0.999211
0.999176
0.999138
0.999092
0.999219
1.00154
1.00137
1.00093
1.00037
0.999787
0.999255
0.998796
0.998418
0.998107
0.99785
0.997634
0.997449
0.997288
0.997145
0.997015
0.996897
0.996791
0.996697
0.996617
0.996556
0.99648
0.996233
0.996171
0.996116
0.996066
0.996003
0.995935
0.99586
0.995781
0.9957
0.995616
0.99553
0.995442
0.99535
0.995255
0.995154
0.995045
0.994927
0.994799
0.994659
0.994504
0.994341
0.99416
0.993981
0.993784
0.993667
0.993358
0.993122
0.992888
0.992702
0.992556
0.992472
0.992464
0.992519
0.992617
0.992781
0.993002
0.993276
0.993601
0.993976
0.994397
0.994859
0.995355
0.995879
0.996424
0.996981
0.997546
0.998108
0.99867
0.999225
0.999821
1.00022
1.00059
1.00087
1.00106
1.00116
1.00119
1.00116
1.00104
1.00083
1.00055
1.00021
0.99981
0.999368
0.998893
0.998397
0.997892
0.997389
0.996897
0.996427
0.995985
0.995582
0.995219
0.994915
0.994662
0.994521
0.994215
0.994073
0.994027
0.99407
0.994152
0.994306
0.994527
0.994812
0.995148
0.995527
0.995936
0.996362
0.996795
0.997222
0.997636
0.998028
0.998394
0.99873
0.999029
0.999287
0.999494
0.999654
0.999753
0.999809
0.999816
0.999797
0.999549
0.999325
0.99905
0.998759
0.998428
0.998076
0.997708
0.997339
0.996976
0.996629
0.996303
0.996004
0.995737
0.995509
0.995327
0.995198
0.995131
0.995134
0.99518
0.995264
0.995399
0.995586
0.995818
0.996102
0.996426
0.996846
0.997095
0.997401
0.99768
0.997959
0.998212
0.998448
0.998658
0.998834
0.998964
0.999043
0.999084
0.999097
0.99907
0.999006
0.998908
0.998781
0.99863
0.99846
0.998276
0.998084
0.997894
0.997705
0.997537
0.997366
0.997218
0.996818
0.996653
0.996492
0.996381
0.996308
0.996288
0.99632
0.996382
0.996459
0.996556
0.996668
0.996798
0.996947
0.997117
0.997308
0.997519
0.997743
0.997976
0.998209
0.998438
0.998655
0.998863
0.999045
0.999203
0.999303
0.999368
0.999209
0.999204
0.999155
0.999094
0.999002
0.998898
0.998789
0.998678
0.998564
0.998447
0.998328
0.99821
0.998098
0.997995
0.997909
0.997845
0.997808
0.9978
0.997828
0.997883
0.99795
0.99803
0.998134
0.998266
0.998531
0.998579
0.998709
0.998827
0.998966
0.999088
0.999195
0.999294
0.999393
0.999489
0.999567
0.99962
0.999659
0.999688
0.999706
0.999719
0.999728
0.999733
0.999734
0.99973
0.999722
0.99971
0.999683
0.999635
0.999577
0.999495
0.999595
1.00105
1.00093
1.00064
1.00021
0.999759
0.999337
0.998964
0.998647
0.998381
0.998158
0.997971
0.997812
0.997677
0.997561
0.99746
0.997374
0.997297
0.997235
0.99718
0.997179
0.997053
0.996957
0.996894
0.996857
0.996826
0.996794
0.996761
0.996726
0.996688
0.996647
0.996604
0.996556
0.996504
0.996446
0.996378
0.996297
0.9962
0.996082
0.995938
0.995766
0.995561
0.995325
0.995048
0.994751
0.994416
0.994122
0.993661
0.993249
0.992843
0.992484
0.992154
0.991863
0.991616
0.991445
0.99138
0.991419
0.991509
0.991676
0.991925
0.992254
0.99266
0.993138
0.993679
0.994275
0.994916
0.995589
0.996287
0.996997
0.997719
0.998442
0.999201
0.999801
1.00039
1.0009
1.00134
1.00169
1.00193
1.00204
1.00206
1.00201
1.00186
1.00161
1.00127
1.00085
1.00035
0.999803
0.999212
0.998595
0.997965
0.997338
0.996726
0.996142
0.995595
0.995102
0.994666
0.994347
0.993899
0.993575
0.993357
0.993302
0.993336
0.993423
0.993583
0.993823
0.994139
0.994523
0.994966
0.995455
0.995973
0.996507
0.997041
0.997566
0.998071
0.998548
0.99899
0.999391
0.999741
1.00003
1.00026
1.00042
1.00049
1.00051
1.00032
1.00015
0.999912
0.999634
0.999297
0.99892
0.998508
0.998078
0.99764
0.997204
0.996779
0.996374
0.995995
0.995652
0.995354
0.995109
0.994928
0.994821
0.994798
0.994838
0.994915
0.995049
0.995244
0.995509
0.995835
0.996252
0.996543
0.996914
0.997273
0.997642
0.998
0.998347
0.998673
0.998969
0.999219
0.999415
0.99955
0.999621
0.999656
0.999656
0.99961
0.99952
0.999389
0.999224
0.99903
0.998814
0.998587
0.998349
0.99812
0.997882
0.997662
0.997195
0.996959
0.996723
0.996536
0.996382
0.996283
0.996245
0.996268
0.996324
0.996396
0.996491
0.99661
0.996752
0.996919
0.997114
0.997336
0.997584
0.997853
0.998134
0.998422
0.998707
0.998982
0.999231
0.999455
0.999632
0.999771
0.999661
0.999709
0.999705
0.999678
0.999609
0.999515
0.999403
0.99928
0.999145
0.999001
0.99885
0.998694
0.998536
0.998381
0.998236
0.998111
0.998015
0.997949
0.997913
0.997912
0.997939
0.997989
0.99806
0.99816
0.998385
0.998427
0.99856
0.99869
0.998849
0.999003
0.999152
0.999297
0.999443
0.999591
0.99973
0.99985
0.999936
0.999995
1.00004
1.00008
1.00012
1.00014
1.00016
1.00017
1.00017
1.00015
1.00012
1.00006
0.999989
0.99988
0.999957
1.0003
1.00035
1.00018
0.99997
0.99971
0.999462
0.999232
0.999034
0.998872
0.998743
0.998644
0.99857
0.998516
0.99848
0.998461
0.998457
0.998463
0.998483
0.998503
0.998581
0.998547
0.998545
0.998553
0.998583
0.998612
0.998639
0.998662
0.998684
0.998701
0.998715
0.99872
0.998714
0.998693
0.998653
0.998591
0.9985
0.998377
0.998215
0.998008
0.997753
0.997446
0.997091
0.996681
0.996234
0.995741
0.995266
0.994649
0.994063
0.993472
0.992904
0.992362
0.991864
0.991429
0.991067
0.990796
0.990647
0.990633
0.990693
0.99082
0.991045
0.991379
0.991818
0.992353
0.992969
0.993654
0.994389
0.995164
0.995961
0.996781
0.997608
0.998475
0.999196
0.999924
1.00058
1.00118
1.00169
1.00211
1.0024
1.00254
1.00257
1.00255
1.00242
1.00218
1.00182
1.00137
1.00082
1.00021
0.999539
0.998834
0.998109
0.997384
0.996673
0.995992
0.995358
0.994781
0.99432
0.993761
0.993316
0.992971
0.992795
0.992763
0.992811
0.992912
0.993097
0.993369
0.993728
0.994167
0.994674
0.995233
0.995826
0.996437
0.997051
0.997654
0.998236
0.998787
0.9993
0.999761
1.00017
1.00049
1.00075
1.0009
1.00095
1.00079
1.00068
1.00048
1.00023
0.999912
0.999537
0.999112
0.998653
0.998173
0.997684
0.997196
0.996721
0.996266
0.995843
0.995461
0.995132
0.994866
0.994672
0.994567
0.99456
0.994606
0.994695
0.994849
0.995081
0.995391
0.995782
0.996089
0.996495
0.996903
0.997327
0.997754
0.998181
0.998591
0.998973
0.999312
0.999598
0.999821
0.999973
1.00005
1.00009
1.0001
1.00006
0.999966
0.999827
0.999648
0.999432
0.999194
0.998934
0.998669
0.998387
0.998117
0.997608
0.997319
0.997028
0.996786
0.996572
0.996407
0.996304
0.996272
0.996296
0.996353
0.996426
0.996525
0.996653
0.99681
0.996998
0.997221
0.997478
0.997766
0.99808
0.998412
0.998748
0.999069
0.999364
0.999638
0.999877
1.0001
1.00003
1.00013
1.00017
1.00018
1.00014
1.00006
0.999952
0.99983
0.999689
0.999533
0.999362
0.999179
0.99899
0.998799
0.998612
0.998442
0.9983
0.998186
0.998095
0.998037
0.998016
0.998024
0.998076
0.998147
0.998327
0.998345
0.998466
0.998592
0.998757
0.998922
0.99909
0.999263
0.999442
0.999628
0.999809
0.999971
1.0001
1.0002
1.00027
1.00034
1.0004
1.00045
1.00049
1.00052
1.00052
1.00051
1.00047
1.00041
1.00033
1.00021
1.00025
0.998499
0.998968
0.999126
0.999236
0.999262
0.999265
0.999252
0.999241
0.999237
0.999245
0.999272
0.999315
0.999379
0.999465
0.999569
0.999688
0.99982
0.99997
1.00013
1.00034
1.00043
1.00057
1.0007
1.00086
1.001
1.00112
1.00123
1.00133
1.0014
1.00146
1.00149
1.0015
1.00147
1.0014
1.00129
1.00113
1.00091
1.00064
1.0003
0.999899
0.999434
0.99891
0.998327
0.997703
0.997027
0.996364
0.995569
0.994815
0.994059
0.993339
0.992653
0.992017
0.991447
0.990959
0.990576
0.990321
0.990227
0.990268
0.990366
0.990545
0.990839
0.991254
0.99178
0.992401
0.993101
0.993859
0.994662
0.995489
0.99634
0.997198
0.998096
0.998848
0.999611
1.00031
1.00096
1.00153
1.002
1.00236
1.00258
1.00266
1.00267
1.00261
1.00244
1.00214
1.00172
1.0012
1.00059
0.999909
0.999179
0.998417
0.997644
0.996878
0.996138
0.995441
0.994803
0.994253
0.993774
0.993239
0.992851
0.992605
0.992528
0.992557
0.992633
0.992786
0.993031
0.99337
0.993798
0.994304
0.994872
0.995485
0.996123
0.996771
0.997415
0.998044
0.998645
0.999209
0.999725
1.00018
1.00056
1.00087
1.00104
1.00111
1.00097
1.00087
1.00069
1.00046
1.00015
0.999785
0.999362
0.9989
0.998411
0.997907
0.9974
0.996902
0.996421
0.995968
0.995556
0.995194
0.994893
0.994661
0.994518
0.994478
0.994515
0.994586
0.994722
0.994941
0.99525
0.99562
0.995939
0.996352
0.996775
0.997221
0.997676
0.998134
0.998577
0.998995
0.999374
0.999702
0.999969
1.00016
1.00028
1.00034
1.00037
1.00036
1.0003
1.00019
1.00003
0.999829
0.999595
0.999332
0.999055
0.998758
0.99847
0.997955
0.997643
0.997329
0.997064
0.99682
0.996621
0.996482
0.996412
0.996407
0.99645
0.996512
0.996596
0.996711
0.996857
0.997037
0.997255
0.997512
0.997807
0.998135
0.998487
0.998842
0.999184
0.999505
0.999805
1.00008
1.00037
1.00036
1.00048
1.00054
1.00057
1.00054
1.00047
1.00037
1.00024
1.0001
0.999943
0.999762
0.999565
0.999358
0.999146
0.998936
0.998741
0.998567
0.99842
0.9983
0.998213
0.998157
0.998134
0.998162
0.99822
0.998371
0.998372
0.998475
0.99859
0.998747
0.998909
0.99908
0.999261
0.999451
0.999647
0.999842
1.00002
1.00018
1.00031
1.00041
1.0005
1.00058
1.00065
1.0007
1.00073
1.00074
1.00072
1.00068
1.00061
1.00053
1.00041
1.00043
0.988213
0.987373
0.987409
0.987837
0.988636
0.989596
0.990595
0.991549
0.992452
0.993213
0.988824
0.987858
0.987465
0.987391
0.987491
0.987819
0.988339
0.988975
0.989698
0.990382
0.98909
0.988324
0.987816
0.987562
0.987454
0.987416
0.987503
0.98771
0.988048
0.988468
0.989219
0.988583
0.988112
0.987803
0.987641
0.987539
0.987486
0.987513
0.987627
0.987832
0.989305
0.988723
0.98828
0.987977
0.987799
0.987691
0.987621
0.987612
0.987677
0.987823
0.989351
0.988768
0.988321
0.988016
0.987835
0.987725
0.987655
0.987642
0.987703
0.987845
0.989362
0.98872
0.98825
0.987947
0.987781
0.987693
0.987656
0.987707
0.987866
0.98814
0.989298
0.988524
0.98802
0.987761
0.987666
0.987657
0.98779
0.988086
0.988546
0.989149
0.989066
0.988094
0.987712
0.987664
0.987816
0.988248
0.988924
0.989786
0.990769
0.991816
0.988465
0.98765
0.987716
0.988235
0.98917
0.990317
0.991553
0.992809
0.994031
0.995172
0.994506
0.995643
0.996357
0.996902
0.997314
0.997652
0.997942
0.998203
0.998449
0.998687
0.998922
0.999155
0.999389
0.999624
0.999866
1.00012
1.00038
1.00066
1.00095
1.0013
1.00159
1.00192
1.00224
1.00257
1.00288
1.00317
1.00343
1.00364
1.00379
1.00389
1.00396
1.00398
1.00394
1.00382
1.00362
1.00333
1.00296
1.00249
1.00195
1.00134
1.00068
0.999961
0.999197
0.998405
0.997593
0.996833
0.995959
0.995137
0.994312
0.993532
0.99279
0.992109
0.9915
0.990983
0.990573
0.9903
0.990186
0.99021
0.990289
0.990468
0.990774
0.99121
0.991761
0.992407
0.993127
0.993897
0.994704
0.995524
0.996356
0.997184
0.998045
0.998748
0.999454
1.00009
1.00067
1.00118
1.0016
1.00192
1.00211
1.00218
1.0022
1.00213
1.00195
1.00166
1.00125
1.00074
1.00014
0.999477
0.998764
0.998021
0.997269
0.996527
0.995816
0.995151
0.994548
0.994029
0.993618
0.993136
0.992806
0.992608
0.992573
0.992612
0.992704
0.992873
0.99313
0.993476
0.993905
0.994406
0.994965
0.995565
0.996189
0.996821
0.997448
0.998059
0.998643
0.999191
0.99969
1.00013
1.00049
1.00077
1.00093
1.00098
1.00083
1.0007
1.00052
1.00028
0.999966
0.999605
0.999193
0.998747
0.998277
0.997795
0.997313
0.99684
0.996385
0.995959
0.995574
0.99524
0.994961
0.994749
0.994625
0.994601
0.994645
0.994727
0.994882
0.995119
0.995484
0.99579
0.996158
0.996555
0.99697
0.997404
0.997848
0.998291
0.998718
0.999119
0.999482
0.999797
1.00005
1.00024
1.00036
1.00041
1.00044
1.00044
1.00039
1.00029
1.00015
0.999955
0.999731
0.999478
0.99921
0.998922
0.998648
0.998162
0.997863
0.997562
0.997311
0.997076
0.996881
0.99674
0.996666
0.996655
0.996692
0.996752
0.996832
0.996942
0.997084
0.997261
0.997475
0.997729
0.998024
0.998353
0.998695
0.999043
0.999385
0.999701
1
1.00028
1.00061
1.00062
1.00074
1.0008
1.00083
1.0008
1.00072
1.00061
1.00048
1.00034
1.00017
0.999988
0.999784
0.999569
0.999351
0.999137
0.998936
0.998754
0.998596
0.998468
0.998375
0.998312
0.998281
0.998298
0.998355
0.99849
0.998492
0.998582
0.998688
0.998833
0.998986
0.99915
0.999326
0.999511
0.999699
0.999887
1.00007
1.00023
1.00037
1.00049
1.00058
1.00066
1.00073
1.00076
1.00079
1.00078
1.00076
1.00072
1.00065
1.00057
1.00045
1.00045
0.991051
0.991853
0.992572
0.993255
0.993888
0.994473
0.995021
0.995539
0.996037
0.996519
0.996992
0.997459
0.997921
0.998383
0.998845
0.999315
0.999787
1.00028
1.00078
1.00131
1.00178
1.00228
1.00277
1.00328
1.00379
1.00427
1.00469
1.00502
1.00524
1.00534
1.0054
1.0054
1.0053
1.0051
1.00477
1.00434
1.00383
1.00325
1.0026
1.00187
1.00108
1.00023
0.999348
0.998442
0.997513
0.996624
0.995639
0.994738
0.993878
0.993106
0.992404
0.991795
0.991282
0.990876
0.990597
0.99047
0.990497
0.990595
0.990778
0.991074
0.991482
0.991992
0.992586
0.993246
0.993951
0.994681
0.995424
0.99616
0.996889
0.997599
0.998333
0.998889
0.999439
0.999913
1.00033
1.00069
1.00096
1.00115
1.00123
1.00126
1.00122
1.00109
1.00086
1.00053
1.00011
0.999613
0.999045
0.998425
0.997772
0.997104
0.996443
0.995804
0.995208
0.994666
0.994195
0.993804
0.993546
0.993188
0.992999
0.992925
0.992959
0.993031
0.993175
0.993394
0.993688
0.994053
0.994484
0.99497
0.995499
0.996054
0.996622
0.99719
0.997746
0.998282
0.998789
0.999256
0.999673
1.00003
1.0003
1.00051
1.00059
1.00061
1.00041
1.00023
1.00001
0.999745
0.999431
0.999083
0.998697
0.998291
0.99787
0.997448
0.997031
0.996628
0.996247
0.995897
0.995591
0.995336
0.99513
0.994987
0.99493
0.994956
0.995022
0.995143
0.995341
0.995611
0.996025
0.99633
0.996697
0.99707
0.997456
0.997849
0.998245
0.998631
0.998998
0.999334
0.999633
0.999885
1.00008
1.00022
1.00029
1.00033
1.00035
1.00032
1.00026
1.00015
1.00001
0.999833
0.999628
0.999399
0.999159
0.998901
0.998679
0.998267
0.998015
0.997761
0.997552
0.997356
0.997196
0.997084
0.997032
0.997036
0.99708
0.997141
0.997223
0.997335
0.997478
0.997655
0.997868
0.998116
0.998399
0.998707
0.999025
0.999346
0.99966
0.999946
1.00021
1.00046
1.00078
1.00081
1.0009
1.00094
1.00094
1.00088
1.00078
1.00065
1.00052
1.00036
1.0002
1.00001
0.999805
0.999593
0.999383
0.999182
0.998998
0.998835
0.998695
0.998581
0.998498
0.998454
0.998446
0.998474
0.998533
0.998647
0.998685
0.998756
0.998859
0.998987
0.999124
0.999272
0.999431
0.999594
0.999758
0.99992
1.00008
1.00022
1.00035
1.00046
1.00054
1.00061
1.00065
1.00067
1.00068
1.00066
1.00063
1.00058
1.00052
1.00043
1.00031
1.00033
0.988956
0.989509
0.990091
0.990682
0.991273
0.991862
0.992451
0.993042
0.993639
0.994245
0.994861
0.995488
0.996122
0.996763
0.997407
0.998053
0.998696
0.999342
0.999986
1.00068
1.00131
1.002
1.00266
1.00332
1.00395
1.00454
1.00505
1.00545
1.00572
1.00587
1.00593
1.0059
1.00574
1.00543
1.00499
1.00441
1.00371
1.00289
1.00199
1.00103
1.00005
0.999051
0.998057
0.997093
0.996177
0.995364
0.994494
0.993745
0.993057
0.992478
0.991984
0.991583
0.991279
0.991099
0.991057
0.991122
0.991247
0.991468
0.991786
0.992194
0.992678
0.993223
0.993812
0.994427
0.995053
0.995673
0.996279
0.996854
0.997406
0.997929
0.998469
0.998809
0.99914
0.999398
0.999614
0.999773
0.999874
0.999916
0.999918
0.999855
0.999725
0.999525
0.99925
0.998903
0.998493
0.998033
0.997534
0.997012
0.996482
0.995961
0.995465
0.995007
0.994603
0.994257
0.993984
0.993783
0.993728
0.993555
0.993544
0.993576
0.993655
0.993794
0.994
0.994267
0.994588
0.994957
0.995368
0.995813
0.996278
0.996752
0.997222
0.997682
0.998123
0.998539
0.99892
0.999261
0.999548
0.999777
0.99993
1.00003
1.00004
1.00001
0.99974
0.999514
0.999262
0.998998
0.998703
0.998388
0.998054
0.997714
0.997373
0.997041
0.996723
0.996423
0.99615
0.99591
0.995712
0.99556
0.995459
0.995422
0.995454
0.995519
0.995639
0.995818
0.996066
0.996365
0.996815
0.997098
0.997438
0.997761
0.998092
0.998414
0.998727
0.999023
0.999296
0.999535
0.999737
0.999897
1.00001
1.00007
1.00011
1.00012
1.0001
1.00005
0.999963
0.999851
0.999713
0.999552
0.999376
0.999188
0.998993
0.998785
0.998672
0.998373
0.998185
0.997992
0.997834
0.997685
0.997572
0.9975
0.997484
0.997516
0.99757
0.997637
0.997724
0.997841
0.997986
0.998162
0.998369
0.998606
0.998866
0.999136
0.999411
0.999684
0.999946
1.00018
1.00039
1.00058
1.00087
1.00087
1.00092
1.00092
1.00088
1.00078
1.00065
1.0005
1.00035
1.00019
1.00002
0.999838
0.999646
0.999452
0.999267
0.999098
0.99895
0.998823
0.99872
0.998642
0.99859
0.998577
0.998607
0.998656
0.998719
0.998819
0.998943
0.998941
0.999037
0.99914
0.999257
0.99938
0.999511
0.999641
0.999771
0.999896
1.00002
1.00013
1.00022
1.0003
1.00036
1.0004
1.00043
1.00042
1.00041
1.00038
1.00034
1.00029
1.00022
1.00014
1.00002
1.00008
0.988126
0.988501
0.988945
0.989439
0.989967
0.990519
0.991088
0.991676
0.992286
0.992923
0.993591
0.994289
0.995015
0.995761
0.996521
0.997293
0.998065
0.998868
0.999655
1.00045
1.00116
1.0019
1.0026
1.0033
1.00395
1.00454
1.005
1.00531
1.00539
1.00539
1.00529
1.00503
1.00462
1.00406
1.00337
1.00258
1.0017
1.00078
0.999821
0.998853
0.997892
0.996963
0.996077
0.995263
0.994542
0.993916
0.993275
0.992771
0.992349
0.992023
0.991781
0.991658
0.991654
0.991729
0.991864
0.992082
0.992375
0.992732
0.993142
0.993592
0.994071
0.994565
0.99506
0.995544
0.996009
0.996444
0.996849
0.99721
0.997539
0.997845
0.998172
0.998257
0.998366
0.998428
0.998473
0.99849
0.998474
0.998422
0.99833
0.998196
0.998017
0.997792
0.997522
0.997212
0.996872
0.996511
0.996143
0.995778
0.99543
0.995108
0.994823
0.994582
0.994396
0.994259
0.994202
0.994225
0.994342
0.994329
0.9944
0.99449
0.994632
0.994817
0.995051
0.995326
0.995633
0.995967
0.99632
0.996685
0.99705
0.99741
0.997755
0.998083
0.998386
0.998661
0.998901
0.9991
0.999249
0.999349
0.999394
0.999416
0.999384
0.999293
0.998967
0.998734
0.99849
0.998262
0.998017
0.997766
0.997509
0.997257
0.997017
0.996794
0.996591
0.99641
0.996256
0.996135
0.996052
0.996014
0.996029
0.996076
0.996159
0.996287
0.996466
0.996686
0.996956
0.997255
0.997708
0.997936
0.998211
0.998458
0.998708
0.99893
0.999134
0.999318
0.99948
0.999611
0.999711
0.999774
0.999816
0.999837
0.999832
0.999804
0.999754
0.999685
0.999598
0.999492
0.999372
0.999239
0.999104
0.998969
0.998833
0.998681
0.998679
0.998486
0.998377
0.998256
0.99816
0.998063
0.997998
0.99797
0.997984
0.998032
0.998093
0.998169
0.998264
0.998381
0.998522
0.998689
0.99888
0.999088
0.999305
0.999524
0.999739
0.999948
1.00014
1.00031
1.00045
1.00058
1.00079
1.00076
1.00076
1.00071
1.00062
1.00049
1.00033
1.00017
1.00001
0.999855
0.999692
0.999525
0.999358
0.999201
0.999061
0.998942
0.998846
0.998771
0.998717
0.998683
0.998674
0.998703
0.998758
0.998819
0.998894
0.998987
0.999114
0.999057
0.99915
0.999232
0.999323
0.999411
0.9995
0.999586
0.99967
0.999751
0.999828
0.999894
0.999951
0.999998
1.00004
1.00005
1.00005
1.00003
1
0.999976
0.99994
0.999892
0.999829
0.999757
0.999664
0.999758
0.988056
0.988374
0.988771
0.989231
0.989738
0.990279
0.990845
0.991439
0.992062
0.992722
0.993422
0.994162
0.994936
0.995733
0.996541
0.997346
0.998133
0.998891
0.99963
1.00039
1.00105
1.00172
1.00233
1.00291
1.0034
1.00376
1.00391
1.00396
1.0039
1.00369
1.00332
1.0028
1.00215
1.0014
1.00058
0.999704
0.998806
0.997907
0.99703
0.996198
0.995429
0.994735
0.994123
0.993611
0.993266
0.992906
0.992611
0.992378
0.992242
0.992214
0.992271
0.99237
0.992533
0.992759
0.99303
0.993337
0.993674
0.994031
0.994401
0.994772
0.995137
0.995486
0.995813
0.996111
0.996377
0.996607
0.996805
0.996965
0.997103
0.997213
0.997348
0.99728
0.997245
0.997183
0.997135
0.997078
0.997012
0.996924
0.996813
0.996677
0.996517
0.996336
0.996138
0.995928
0.995714
0.995504
0.995305
0.995127
0.994975
0.994853
0.994764
0.994709
0.994709
0.994742
0.994822
0.994964
0.995281
0.995331
0.995429
0.995524
0.995673
0.995848
0.996061
0.996296
0.996549
0.996811
0.997074
0.997334
0.997584
0.99782
0.998039
0.998238
0.998414
0.998563
0.998678
0.998758
0.998802
0.998824
0.998815
0.998786
0.998712
0.998609
0.998291
0.998093
0.997906
0.997746
0.997578
0.997406
0.997237
0.997082
0.996946
0.996831
0.996738
0.996668
0.996623
0.99661
0.996635
0.99668
0.996754
0.99686
0.996997
0.997162
0.99736
0.997581
0.997833
0.998098
0.998523
0.998653
0.998827
0.99897
0.999118
0.999235
0.999334
0.999412
0.999471
0.999512
0.99954
0.999549
0.999544
0.999526
0.999498
0.999458
0.999406
0.999344
0.999271
0.999188
0.999099
0.999006
0.99892
0.998844
0.998775
0.998699
0.998813
0.998695
0.998639
0.998568
0.998516
0.998458
0.998429
0.998427
0.998455
0.998507
0.998568
0.998643
0.998735
0.998847
0.998977
0.999124
0.999283
0.999447
0.999609
0.999764
0.999909
1.00004
1.00016
1.00026
1.00034
1.00041
1.00054
1.00046
1.00042
1.00032
1.00019
1.00003
0.999865
0.999709
0.999565
0.999424
0.999284
0.999148
0.999024
0.99892
0.998839
0.998779
0.998738
0.998713
0.998704
0.99871
0.998736
0.998788
0.998854
0.998926
0.999004
0.999086
0.999191
0.999078
0.999149
0.999191
0.999241
0.999285
0.999328
0.999369
0.999413
0.999454
0.999493
0.999526
0.999552
0.999569
0.999582
0.999584
0.999572
0.999554
0.999538
0.999516
0.999482
0.99944
0.999391
0.999343
0.999292
0.999418
0.988076
0.988399
0.98881
0.989295
0.989841
0.990435
0.991068
0.991742
0.992456
0.993214
0.994012
0.994841
0.995684
0.996524
0.997344
0.998124
0.998851
0.99953
1.00016
1.00079
1.00127
1.00172
1.00203
1.0022
1.00225
1.00221
1.00204
1.00173
1.00129
1.00075
1.00013
0.99945
0.998727
0.997983
0.997239
0.996514
0.995827
0.995191
0.994616
0.994109
0.993683
0.993338
0.993075
0.992879
0.992883
0.992738
0.992703
0.99272
0.992802
0.992926
0.993104
0.993318
0.993556
0.993813
0.994081
0.994354
0.994626
0.99489
0.995143
0.995376
0.995587
0.995771
0.995928
0.996058
0.996163
0.99624
0.996301
0.996337
0.996357
0.996347
0.996417
0.996257
0.996153
0.996054
0.996005
0.995959
0.995915
0.995859
0.995791
0.995713
0.995627
0.995539
0.99545
0.995367
0.995294
0.995234
0.995188
0.995159
0.995153
0.995174
0.995215
0.995278
0.995375
0.995492
0.99565
0.995864
0.996287
0.996306
0.996376
0.996431
0.996536
0.996661
0.996818
0.996988
0.997165
0.997341
0.997511
0.997672
0.997821
0.997956
0.998075
0.998177
0.998259
0.998319
0.998355
0.998375
0.998374
0.998356
0.998322
0.998285
0.998219
0.99816
0.997903
0.997773
0.99766
0.997572
0.997473
0.997373
0.997284
0.997217
0.997172
0.997147
0.997143
0.997162
0.997198
0.997251
0.997326
0.99742
0.997532
0.99766
0.997803
0.997958
0.998131
0.998314
0.998514
0.998721
0.999087
0.999087
0.999155
0.999203
0.999259
0.999294
0.999312
0.999316
0.999311
0.999302
0.999291
0.999277
0.999261
0.999242
0.999218
0.999189
0.999153
0.999111
0.999063
0.999011
0.998959
0.998908
0.998871
0.998847
0.998841
0.998856
0.999032
0.99894
0.998919
0.998875
0.998844
0.998803
0.998784
0.998784
0.998808
0.998853
0.99891
0.998977
0.999059
0.999155
0.999262
0.999375
0.999488
0.999596
0.999694
0.99978
0.999852
0.999912
0.999967
1.00001
1.00004
1.00008
1.00011
0.999986
0.999895
0.999769
0.999629
0.999473
0.999324
0.999193
0.999077
0.998969
0.99887
0.998785
0.998718
0.998673
0.998648
0.998638
0.998639
0.998649
0.998667
0.998694
0.998735
0.998788
0.998854
0.998918
0.998985
0.999043
0.999114
0.99895
0.998962
0.998957
0.998967
0.998973
0.99898
0.998991
0.999009
0.999027
0.999044
0.999058
0.999068
0.999074
0.999078
0.999077
0.999072
0.99907
0.999066
0.999049
0.999021
0.998991
0.998957
0.998935
0.998925
0.999085
0.98853
0.989029
0.989621
0.990287
0.991005
0.991767
0.992563
0.993385
0.994222
0.99506
0.995884
0.996673
0.997397
0.998035
0.998578
0.999068
0.999508
0.999892
1.00015
1.00034
1.00032
1.00028
1.00013
0.999917
0.999607
0.999231
0.99879
0.998304
0.997782
0.997242
0.996692
0.996145
0.995615
0.995113
0.994648
0.99423
0.993868
0.993567
0.993323
0.993132
0.992992
0.992912
0.992926
0.993014
0.993246
0.993206
0.993301
0.993402
0.993555
0.993726
0.993916
0.994112
0.99431
0.994504
0.994691
0.994867
0.995029
0.995174
0.995301
0.995409
0.995498
0.995569
0.995626
0.995666
0.995693
0.995707
0.995717
0.995714
0.995708
0.995687
0.995776
0.995545
0.995434
0.995378
0.99539
0.995402
0.995418
0.995425
0.995429
0.995429
0.995431
0.995434
0.995441
0.995455
0.99548
0.995517
0.995563
0.995623
0.995699
0.995786
0.995885
0.995994
0.99612
0.996253
0.996422
0.996651
0.997095
0.997056
0.997052
0.997036
0.997087
0.997157
0.997256
0.997363
0.997474
0.997582
0.997683
0.997775
0.997857
0.997929
0.997988
0.998034
0.998066
0.998088
0.998095
0.998092
0.998079
0.998065
0.998048
0.998035
0.998006
0.998033
0.997868
0.997793
0.997727
0.997679
0.997625
0.997582
0.99756
0.997563
0.997589
0.997625
0.997674
0.997735
0.997807
0.997889
0.99798
0.998077
0.99818
0.998285
0.998396
0.99851
0.998634
0.99876
0.998894
0.999028
0.999302
0.999231
0.999214
0.999189
0.999183
0.999166
0.999139
0.999111
0.999091
0.999078
0.999072
0.999069
0.999068
0.999065
0.999057
0.999045
0.999027
0.999005
0.99898
0.998954
0.998932
0.998916
0.998915
0.99893
0.998971
0.99903
0.999247
0.999156
0.999137
0.999087
0.999044
0.998996
0.998967
0.99896
0.998978
0.999016
0.999067
0.999126
0.999191
0.999263
0.999334
0.999399
0.999453
0.9995
0.999536
0.99956
0.999573
0.999581
0.999586
0.999584
0.999572
0.999643
0.999542
0.99943
0.999305
0.999172
0.999034
0.998905
0.998796
0.998706
0.998632
0.998572
0.998524
0.998493
0.998477
0.998476
0.998484
0.998498
0.998515
0.998535
0.998557
0.998583
0.998614
0.998652
0.998704
0.998751
0.998797
0.99883
0.998871
0.998635
0.998592
0.998549
0.998538
0.998528
0.998523
0.998529
0.998542
0.998555
0.998568
0.998581
0.998593
0.998603
0.998609
0.998612
0.998611
0.998613
0.998615
0.998606
0.998586
0.998567
0.998545
0.99854
0.998569
0.998767
0.98987
0.990678
0.991542
0.992435
0.993336
0.994224
0.995082
0.995879
0.996587
0.997186
0.99768
0.998087
0.998413
0.998619
0.998692
0.998702
0.998638
0.998505
0.998306
0.998112
0.99774
0.997393
0.997016
0.996651
0.996272
0.995896
0.995523
0.995163
0.994817
0.994492
0.99419
0.993919
0.993682
0.993481
0.993319
0.993193
0.993104
0.993053
0.993043
0.993072
0.99314
0.993231
0.993377
0.993575
0.993899
0.993801
0.993899
0.993986
0.994109
0.994234
0.994368
0.994497
0.99462
0.994733
0.994835
0.994926
0.995006
0.995075
0.995134
0.995182
0.995221
0.995253
0.995283
0.995307
0.995329
0.995347
0.995367
0.995381
0.995403
0.995418
0.995542
0.995254
0.995189
0.995218
0.995296
0.995373
0.995448
0.995513
0.995574
0.995632
0.99569
0.995749
0.995812
0.99588
0.995953
0.996031
0.996115
0.996203
0.996296
0.996392
0.996494
0.996597
0.996711
0.99683
0.996983
0.997189
0.997614
0.99749
0.997397
0.997322
0.997349
0.997389
0.997454
0.997527
0.997602
0.997674
0.997738
0.997795
0.997844
0.997884
0.997916
0.997941
0.997958
0.997969
0.997974
0.997979
0.997983
0.997994
0.998009
0.998039
0.998073
0.998161
0.998017
0.997972
0.997933
0.997912
0.997895
0.997903
0.997935
0.99798
0.998036
0.998099
0.998165
0.998233
0.998303
0.998373
0.998442
0.998509
0.998576
0.998641
0.998708
0.998776
0.99885
0.998924
0.999006
0.999091
0.999281
0.999153
0.999082
0.999025
0.998999
0.998976
0.998952
0.998938
0.998939
0.998951
0.998967
0.998983
0.998995
0.999001
0.999001
0.998996
0.998987
0.998976
0.998966
0.998958
0.998956
0.998963
0.998983
0.999015
0.999073
0.999149
0.999372
0.999256
0.999202
0.999119
0.999054
0.998999
0.998972
0.998969
0.998991
0.999028
0.999069
0.99911
0.999148
0.999179
0.999201
0.999213
0.999215
0.999208
0.999192
0.999173
0.999152
0.99913
0.999106
0.999085
0.999067
0.999155
0.998987
0.998868
0.998734
0.998614
0.998505
0.998418
0.998358
0.998319
0.998294
0.998279
0.998273
0.998276
0.998285
0.998297
0.998309
0.99832
0.998331
0.998341
0.998352
0.998364
0.998379
0.9984
0.998431
0.998458
0.998482
0.998495
0.998513
0.998206
0.998125
0.998071
0.998066
0.99807
0.998083
0.998103
0.998126
0.998147
0.998167
0.998187
0.998203
0.998214
0.998219
0.998218
0.998213
0.998209
0.998205
0.998202
0.998193
0.998184
0.998167
0.998176
0.998237
0.998483
0.992879
0.993918
0.994896
0.995783
0.996554
0.99719
0.99768
0.997999
0.998145
0.998164
0.99811
0.997932
0.997642
0.997281
0.996884
0.996483
0.996085
0.995713
0.995366
0.995119
0.994704
0.994398
0.99412
0.993901
0.993703
0.993537
0.993394
0.993275
0.993176
0.9931
0.993046
0.993015
0.993005
0.993015
0.993047
0.993098
0.993168
0.993251
0.993348
0.993456
0.993577
0.993708
0.993875
0.994074
0.99436
0.994153
0.994233
0.994276
0.994351
0.994425
0.994504
0.994579
0.994648
0.99471
0.994765
0.994815
0.994861
0.994905
0.994947
0.994988
0.995028
0.995068
0.99511
0.995153
0.995198
0.995242
0.995289
0.995333
0.995388
0.995436
0.995577
0.995255
0.995272
0.995362
0.995499
0.995621
0.995735
0.995833
0.995924
0.996007
0.996087
0.996166
0.996244
0.996324
0.996405
0.996487
0.99657
0.996653
0.996737
0.99682
0.996906
0.99699
0.997085
0.997186
0.997324
0.997506
0.997867
0.997653
0.997507
0.997427
0.997453
0.997495
0.997557
0.997622
0.997685
0.99774
0.997788
0.997828
0.997862
0.99789
0.997914
0.997934
0.997952
0.99797
0.997988
0.99801
0.998038
0.998075
0.998117
0.998179
0.99826
0.998377
0.998221
0.998164
0.998137
0.998144
0.998168
0.998213
0.998271
0.998334
0.998396
0.998454
0.998506
0.998554
0.998597
0.998637
0.998673
0.998707
0.99874
0.998771
0.998806
0.998841
0.998882
0.998925
0.998981
0.999049
0.999171
0.998991
0.998899
0.998849
0.998843
0.998848
0.99886
0.99888
0.998911
0.998942
0.998967
0.998985
0.998993
0.998995
0.998992
0.998986
0.99898
0.998974
0.998972
0.998973
0.998982
0.998998
0.999023
0.999055
0.999114
0.999199
0.999375
0.999205
0.999099
0.998994
0.998931
0.998896
0.998893
0.99891
0.998938
0.998965
0.998985
0.998994
0.998991
0.998977
0.998953
0.998922
0.998887
0.998848
0.998807
0.998769
0.998733
0.998702
0.998675
0.998662
0.99867
0.998747
0.99853
0.99839
0.998266
0.998184
0.998128
0.998097
0.998085
0.998085
0.998092
0.998101
0.99811
0.998117
0.998121
0.998122
0.998122
0.99812
0.998117
0.998114
0.998112
0.998111
0.998114
0.998121
0.998137
0.998147
0.998157
0.998157
0.998155
0.997808
0.997713
0.997681
0.997708
0.997744
0.997784
0.997822
0.997858
0.997886
0.997908
0.997923
0.997931
0.997931
0.997925
0.997915
0.997903
0.997894
0.997888
0.997886
0.997882
0.997875
0.997866
0.997895
0.99799
0.998263
0.996188
0.997046
0.997721
0.998198
0.998472
0.998553
0.998486
0.998246
0.997864
0.997396
0.99687
0.996307
0.995738
0.995192
0.994691
0.994251
0.993872
0.993573
0.993342
0.993236
0.992903
0.992768
0.992665
0.992621
0.992593
0.992593
0.992606
0.992637
0.99268
0.992737
0.992805
0.992885
0.992976
0.993076
0.993183
0.993295
0.99341
0.993526
0.993642
0.993755
0.993874
0.993996
0.99415
0.994327
0.994549
0.99427
0.994351
0.994362
0.99441
0.994458
0.994511
0.99456
0.994606
0.994648
0.994689
0.994729
0.994771
0.994816
0.994863
0.994912
0.994965
0.995021
0.995079
0.99514
0.995203
0.995265
0.995331
0.995393
0.995469
0.995539
0.99565
0.995353
0.995416
0.995552
0.995718
0.995859
0.995985
0.996091
0.996186
0.996272
0.996354
0.996433
0.996512
0.996589
0.996667
0.996744
0.99682
0.996895
0.996968
0.99704
0.997113
0.997186
0.997269
0.997365
0.997498
0.997671
0.997924
0.99765
0.997513
0.997467
0.997507
0.997563
0.997631
0.997695
0.997753
0.9978
0.997839
0.997872
0.997899
0.997924
0.997947
0.99797
0.997993
0.99802
0.99805
0.998085
0.998127
0.998178
0.998237
0.998319
0.998422
0.998523
0.998328
0.998273
0.998267
0.998303
0.998353
0.998417
0.998482
0.998541
0.998592
0.998633
0.998666
0.998693
0.998716
0.998734
0.998751
0.998765
0.998781
0.998797
0.998817
0.998839
0.998866
0.998898
0.998952
0.999019
0.999091
0.99886
0.998783
0.998765
0.998791
0.998827
0.998867
0.998907
0.998946
0.998977
0.998995
0.999003
0.999002
0.998997
0.998991
0.998984
0.99898
0.998977
0.998978
0.998983
0.998994
0.999011
0.999034
0.999065
0.999128
0.999214
0.999331
0.999089
0.998958
0.998865
0.998831
0.998827
0.998846
0.998871
0.998894
0.998903
0.998897
0.998875
0.998841
0.998799
0.99875
0.9987
0.998649
0.9986
0.998553
0.998513
0.998477
0.998449
0.99843
0.998436
0.998464
0.998511
0.998231
0.998096
0.998006
0.997969
0.997955
0.997961
0.997976
0.997993
0.998008
0.998017
0.99802
0.998017
0.99801
0.998001
0.99799
0.99798
0.997969
0.99796
0.997952
0.997946
0.997943
0.997944
0.997952
0.997954
0.997957
0.997947
0.997907
0.997539
0.997477
0.99749
0.99755
0.99761
0.997665
0.99771
0.997746
0.99777
0.997784
0.997789
0.997785
0.997774
0.99776
0.997745
0.997731
0.997722
0.997717
0.997715
0.997709
0.997702
0.997701
0.997752
0.99788
0.998164
)
;

boundaryField
{
    inlet
    {
        type            calculated;
        value           nonuniform List<scalar> 10(0.989467 0.9895 0.989524 0.989565 0.989618 0.989664 0.989706 0.989731 0.989741 0.989719);
    }
    outlet
    {
        type            calculated;
        value           nonuniform List<scalar> 
20
(
0.997976
0.99806
0.99826
0.998537
0.998869
0.999231
0.999607
0.999969
1.00026
1.00044
1.00047
1.00034
1.00009
0.99977
0.999431
0.999098
0.998781
0.998497
0.998279
0.99818
)
;
    }
    walls
    {
        type            calculated;
        value           nonuniform List<scalar> 
530
(
1.00287
1.00261
1.00213
1.00148
1.00077
1.00005
0.999405
0.998851
0.998394
0.998025
0.997728
0.997484
0.99728
0.997102
0.996946
0.996811
0.996707
0.996637
0.996624
0.996636
0.996661
0.996383
0.996412
0.996349
0.996317
0.996283
0.996259
0.996239
0.996228
0.996222
0.996223
0.996231
0.996245
0.996262
0.996283
0.996308
0.996334
0.996364
0.996395
0.996427
0.996459
0.996495
0.996525
0.996574
0.99659
0.99667
0.996279
0.996421
0.996513
0.996588
0.996623
0.996642
0.996645
0.996641
0.99663
0.996617
0.996599
0.99658
0.996558
0.996534
0.996509
0.996482
0.996455
0.996427
0.996404
0.996385
0.996385
0.996407
0.996492
0.996638
0.996979
0.996615
0.996419
0.996314
0.996295
0.996303
0.99633
0.996363
0.996399
0.996434
0.996465
0.996494
0.99652
0.996544
0.996566
0.996588
0.99661
0.996631
0.996652
0.996675
0.996698
0.996725
0.99676
0.996814
0.996883
0.997002
0.996736
0.996601
0.996529
0.996514
0.996517
0.996533
0.996549
0.996558
0.996555
0.996538
0.99651
0.996474
0.996433
0.996391
0.996349
0.996308
0.996271
0.996239
0.996211
0.996189
0.996175
0.996175
0.996195
0.996255
0.996356
0.996536
0.996268
0.996119
0.996041
0.996032
0.996049
0.99609
0.996137
0.996186
0.99623
0.996264
0.99629
0.996307
0.996317
0.996321
0.996321
0.996317
0.996312
0.996306
0.996302
0.996301
0.9963
0.996303
0.996315
0.996365
0.996448
0.996571
0.996331
0.996184
0.996081
0.996036
0.996021
0.996035
0.99606
0.996092
0.996126
0.996158
0.996185
0.996208
0.996229
0.99625
0.996272
0.996296
0.996324
0.996357
0.996397
0.996445
0.996503
0.996566
0.996644
0.996722
0.996786
0.996539
0.996515
0.996528
0.996578
0.996633
0.996696
0.996758
0.996818
0.996871
0.996918
0.996954
0.996982
0.997004
0.997023
0.997041
0.997058
0.997076
0.997096
0.99712
0.99715
0.997187
0.997233
0.997281
0.997339
0.997385
0.997411
0.997112
0.99709
0.997116
0.997183
0.997255
0.997333
0.997409
0.997481
0.997543
0.997595
0.997634
0.997663
0.997684
0.997698
0.997708
0.997717
0.997725
0.997734
0.997745
0.997758
0.997776
0.997797
0.99785
0.99793
0.99803
0.997763
0.997621
0.997508
0.997446
0.997416
0.997419
0.997438
0.997459
0.997477
0.997486
0.997488
0.997483
0.997475
0.997463
0.997451
0.997439
0.997427
0.997419
0.997416
0.99742
0.997427
0.997441
0.997463
0.997532
0.997671
0.997959
1.00287
1.0028
1.00266
1.00247
1.00223
1.00192
1.00154
1.00105
1.0003
0.998499
0.988213
0.987373
0.987409
0.987837
0.988636
0.989596
0.990595
0.991549
0.992452
0.993213
0.988465
0.98765
0.987716
0.988235
0.98917
0.990317
0.991553
0.992809
0.994031
0.995172
0.996188
0.997046
0.997721
0.998198
0.998472
0.998553
0.998486
0.998246
0.997864
0.997396
0.99687
0.996307
0.995738
0.995192
0.994691
0.994251
0.993872
0.993573
0.993342
0.993236
0.992903
0.992768
0.992665
0.992621
0.992593
0.992593
0.992606
0.992637
0.99268
0.992737
0.992805
0.992885
0.992976
0.993076
0.993183
0.993295
0.99341
0.993526
0.993642
0.993755
0.993874
0.993996
0.99415
0.994327
0.994549
0.99427
0.994351
0.994362
0.99441
0.994458
0.994511
0.99456
0.994606
0.994648
0.994689
0.994729
0.994771
0.994816
0.994863
0.994912
0.994965
0.995021
0.995079
0.99514
0.995203
0.995265
0.995331
0.995393
0.995469
0.995539
0.99565
0.995353
0.995416
0.995552
0.995718
0.995859
0.995985
0.996091
0.996186
0.996272
0.996354
0.996433
0.996512
0.996589
0.996667
0.996744
0.99682
0.996895
0.996968
0.99704
0.997113
0.997186
0.997269
0.997365
0.997498
0.997671
0.997924
0.99765
0.997513
0.997467
0.997507
0.997563
0.997631
0.997695
0.997753
0.9978
0.997839
0.997872
0.997899
0.997924
0.997947
0.99797
0.997993
0.99802
0.99805
0.998085
0.998127
0.998178
0.998237
0.998319
0.998422
0.998523
0.998328
0.998273
0.998267
0.998303
0.998353
0.998417
0.998482
0.998541
0.998592
0.998633
0.998666
0.998693
0.998716
0.998734
0.998751
0.998765
0.998781
0.998797
0.998817
0.998839
0.998866
0.998898
0.998952
0.999019
0.999091
0.99886
0.998783
0.998765
0.998791
0.998827
0.998867
0.998907
0.998946
0.998977
0.998995
0.999003
0.999002
0.998997
0.998991
0.998984
0.99898
0.998977
0.998978
0.998983
0.998994
0.999011
0.999034
0.999065
0.999128
0.999214
0.999331
0.999089
0.998958
0.998865
0.998831
0.998827
0.998846
0.998871
0.998894
0.998903
0.998897
0.998875
0.998841
0.998799
0.99875
0.9987
0.998649
0.9986
0.998553
0.998513
0.998477
0.998449
0.99843
0.998436
0.998464
0.998511
0.998231
0.998096
0.998006
0.997969
0.997955
0.997961
0.997976
0.997993
0.998008
0.998017
0.99802
0.998017
0.99801
0.998001
0.99799
0.99798
0.997969
0.99796
0.997952
0.997946
0.997943
0.997944
0.997952
0.997954
0.997957
0.997947
0.997907
0.997539
0.997477
0.99749
0.99755
0.99761
0.997665
0.99771
0.997746
0.99777
0.997784
0.997789
0.997785
0.997774
0.99776
0.997745
0.997731
0.997722
0.997717
0.997715
0.997709
0.997702
0.997701
0.997752
0.99788
0.998164
)
;
    }
    symwall
    {
        type            empty;
    }
}


// ************************************************************************* //
