/*--------------------------------*- C++ -*----------------------------------*\
| =========                 |                                                 |
| \\      /  F ield         | OpenFOAM: The Open Source CFD Toolbox           |
|  \\    /   O peration     | Version:  2312                                  |
|   \\  /    A nd           | Website:  www.openfoam.com                      |
|    \\/     M anipulation  |                                                 |
\*---------------------------------------------------------------------------*/
FoamFile
{
    version     2.0;
    format      ascii;
    arch        "LSB;label=64;scalar=64";
    class       volScalarField;
    location    "500";
    object      T;
}
// * * * * * * * * * * * * * * * * * * * * * * * * * * * * * * * * * * * * * //

dimensions      [0 0 0 1 0 0 0];

internalField   nonuniform List<scalar> 
5100
(
0.985685
0.985936
0.98641
0.987046
0.987761
0.988472
0.989124
0.989687
0.990158
0.990547
0.990869
0.991142
0.991381
0.991597
0.991796
0.991975
0.99213
0.992249
0.992322
0.992363
0.992408
0.99274
0.992784
0.992911
0.993019
0.993125
0.993228
0.993327
0.993424
0.993517
0.993609
0.9937
0.993791
0.99388
0.993967
0.994053
0.994137
0.99422
0.994301
0.994382
0.994459
0.994534
0.994599
0.994657
0.994704
0.994723
0.995182
0.995133
0.99511
0.995111
0.995138
0.995183
0.995236
0.995293
0.995351
0.995411
0.99547
0.99553
0.995591
0.995653
0.995716
0.99578
0.995844
0.995907
0.995967
0.996021
0.996059
0.99607
0.996024
0.995908
0.995608
0.995998
0.996233
0.996367
0.99642
0.996441
0.996446
0.996442
0.996435
0.99643
0.996428
0.996428
0.996431
0.996436
0.996443
0.996451
0.996459
0.996469
0.996478
0.996486
0.996494
0.996499
0.996495
0.996475
0.996434
0.996351
0.996642
0.996812
0.996911
0.996958
0.996982
0.996995
0.997006
0.997023
0.997053
0.997096
0.997149
0.997209
0.997275
0.997342
0.997409
0.997474
0.997536
0.997594
0.997648
0.997697
0.997737
0.997765
0.997771
0.997741
0.997665
0.997516
0.997809
0.997992
0.998096
0.998136
0.998147
0.998137
0.998118
0.998099
0.998085
0.99808
0.998084
0.998097
0.998117
0.998144
0.998175
0.99821
0.998248
0.998286
0.998324
0.998359
0.998394
0.998428
0.998452
0.998442
0.998395
0.998316
0.998591
0.998784
0.998927
0.999017
0.999075
0.999106
0.999124
0.999138
0.999149
0.999163
0.999182
0.999206
0.999233
0.999259
0.999286
0.99931
0.99933
0.999347
0.999358
0.99936
0.999354
0.999341
0.999318
0.999289
0.999285
0.999578
0.999665
0.999704
0.999712
0.999713
0.999708
0.999702
0.999699
0.999702
0.999713
0.999734
0.999762
0.999797
0.999834
0.999873
0.999913
0.999952
0.999988
1.00002
1.00005
1.00006
1.00008
1.00008
1.00008
1.00009
1.00013
1.00047
1.00056
1.00058
1.00058
1.00056
1.00054
1.00052
1.0005
1.00049
1.00049
1.0005
1.00053
1.00056
1.0006
1.00064
1.00068
1.00072
1.00076
1.0008
1.00084
1.00087
1.0009
1.00089
1.00086
1.00081
1.00112
1.00132
1.00147
1.00158
1.00166
1.0017
1.00173
1.00175
1.00178
1.00182
1.00186
1.00191
1.00196
1.00202
1.00207
1.00213
1.00218
1.00223
1.00228
1.00231
1.00235
1.00238
1.00239
1.00237
1.00227
1.00203
0.985762
0.986026
0.986528
0.987198
0.987938
0.988659
0.989304
0.989849
0.990296
0.990661
0.990962
0.991218
0.991444
0.991649
0.991836
0.992002
0.99214
0.992241
0.992304
0.992351
0.992429
0.99274
0.99277
0.99289
0.992991
0.993093
0.993193
0.993289
0.993385
0.993478
0.993571
0.993666
0.993759
0.993849
0.993939
0.994029
0.994117
0.994204
0.994289
0.994371
0.994449
0.99452
0.994586
0.994629
0.99467
0.994627
0.995143
0.995098
0.995073
0.995057
0.995063
0.995081
0.995108
0.99514
0.995175
0.995212
0.995251
0.995291
0.995334
0.99538
0.995429
0.995482
0.995538
0.995597
0.995658
0.995719
0.995773
0.995811
0.995795
0.995714
0.995425
0.995716
0.995981
0.996186
0.996308
0.996388
0.996443
0.99648
0.996507
0.996526
0.996543
0.996556
0.996568
0.996579
0.996587
0.996595
0.9966
0.996603
0.996603
0.9966
0.996595
0.996585
0.996566
0.996532
0.996473
0.996308
0.996517
0.996668
0.996772
0.996829
0.996861
0.996874
0.996876
0.996878
0.996886
0.996906
0.996938
0.996982
0.997034
0.997093
0.997157
0.997225
0.997293
0.997362
0.99743
0.997496
0.997558
0.997612
0.997651
0.99766
0.997627
0.997449
0.997686
0.99788
0.998027
0.998115
0.99817
0.998194
0.998196
0.998189
0.998175
0.99816
0.998148
0.99814
0.998135
0.998135
0.998139
0.998147
0.998159
0.998174
0.998189
0.998203
0.998218
0.998236
0.998255
0.998251
0.998211
0.998082
0.998284
0.998458
0.99862
0.998749
0.998852
0.998924
0.998978
0.999021
0.999055
0.999086
0.999116
0.999149
0.999183
0.999218
0.999252
0.999285
0.999315
0.99934
0.99936
0.99937
0.999368
0.999359
0.999342
0.999319
0.999294
0.99956
0.999635
0.999675
0.999688
0.999696
0.999697
0.999696
0.99969
0.999684
0.999681
0.999684
0.999694
0.99971
0.999733
0.999762
0.999795
0.999832
0.99987
0.999908
0.999943
0.999971
0.999992
1.00001
1.00002
1.00003
1.00006
1.0004
1.0005
1.00056
1.00058
1.00059
1.00059
1.00058
1.00057
1.00056
1.00055
1.00055
1.00055
1.00056
1.00058
1.0006
1.00063
1.00065
1.00068
1.0007
1.00072
1.00074
1.00076
1.00076
1.00073
1.00063
1.00086
1.00102
1.00118
1.00132
1.00144
1.00152
1.00158
1.00162
1.00165
1.00168
1.00172
1.00176
1.0018
1.00185
1.0019
1.00195
1.00201
1.00206
1.00211
1.00215
1.00219
1.00222
1.00225
1.00224
1.00217
1.00194
0.9859
0.986177
0.986709
0.987412
0.988171
0.98889
0.989513
0.990027
0.990442
0.990776
0.991052
0.991287
0.991496
0.991686
0.991858
0.992009
0.992132
0.992225
0.99229
0.992357
0.992462
0.992751
0.992762
0.992872
0.992971
0.993073
0.993176
0.993278
0.993381
0.993483
0.993587
0.993689
0.993794
0.993899
0.994006
0.994111
0.994215
0.994317
0.994415
0.994509
0.994596
0.994675
0.994743
0.994786
0.994811
0.994729
0.995169
0.995173
0.995152
0.995115
0.995083
0.995058
0.995038
0.995022
0.995007
0.994994
0.994982
0.994972
0.994965
0.994962
0.994965
0.994976
0.994995
0.995023
0.995058
0.995102
0.99515
0.995198
0.995216
0.995175
0.994947
0.995162
0.99541
0.995667
0.995876
0.996046
0.996187
0.996309
0.996413
0.996504
0.996583
0.99665
0.996708
0.996756
0.996795
0.996826
0.996848
0.996863
0.996868
0.996864
0.996853
0.99683
0.996794
0.996742
0.996656
0.99642
0.996551
0.996635
0.996698
0.996732
0.996745
0.996737
0.996713
0.99668
0.996649
0.996628
0.99662
0.996623
0.99664
0.99667
0.996711
0.996762
0.996823
0.996892
0.996968
0.997049
0.997132
0.997216
0.997295
0.997361
0.997398
0.99726
0.99746
0.997657
0.997841
0.997984
0.998105
0.998195
0.998254
0.998289
0.998302
0.9983
0.998291
0.998273
0.998248
0.99822
0.998189
0.998157
0.998126
0.998096
0.998066
0.998036
0.998005
0.997979
0.997961
0.997937
0.997883
0.997705
0.997842
0.99796
0.998097
0.998234
0.998368
0.99848
0.998579
0.998668
0.998747
0.998817
0.998881
0.998941
0.999
0.999058
0.999115
0.99917
0.999221
0.999268
0.999308
0.999338
0.999351
0.999351
0.999348
0.999345
0.999335
0.999597
0.999641
0.999664
0.999663
0.999665
0.999666
0.999666
0.999659
0.999649
0.999637
0.99962
0.999601
0.999585
0.999575
0.999577
0.999586
0.999604
0.999631
0.999664
0.9997
0.999735
0.999764
0.999788
0.999811
0.999848
0.999891
1.00024
1.00036
1.00044
1.00049
1.00053
1.00057
1.00059
1.00061
1.00062
1.00062
1.00062
1.00061
1.0006
1.00059
1.00059
1.00059
1.00059
1.00059
1.00058
1.00057
1.00056
1.00056
1.00055
1.00051
1.00037
1.00054
1.00063
1.00075
1.00087
1.001
1.00113
1.00122
1.0013
1.00135
1.0014
1.00143
1.00147
1.00151
1.00155
1.00159
1.00164
1.00169
1.00174
1.00179
1.00184
1.00188
1.00192
1.00196
1.00198
1.00194
1.00174
0.986084
0.986365
0.986913
0.98763
0.988388
0.989086
0.989677
0.990153
0.990533
0.990839
0.991093
0.991312
0.991508
0.991688
0.991852
0.991997
0.99212
0.99222
0.992304
0.9924
0.992526
0.992819
0.992821
0.992918
0.993019
0.993131
0.993247
0.993367
0.99349
0.993616
0.993746
0.993879
0.994014
0.99415
0.994289
0.994427
0.994565
0.994701
0.994832
0.994957
0.995074
0.995177
0.995267
0.995326
0.995358
0.995279
0.995604
0.995655
0.99564
0.995589
0.995523
0.995445
0.995362
0.995275
0.995187
0.995097
0.995007
0.994919
0.994831
0.994746
0.994665
0.994589
0.994519
0.994458
0.994409
0.994375
0.994355
0.99435
0.994341
0.994303
0.994125
0.994283
0.994483
0.994733
0.994984
0.995224
0.99545
0.995667
0.995876
0.996074
0.99626
0.996432
0.99659
0.996733
0.996859
0.996968
0.99706
0.997135
0.997193
0.997232
0.997251
0.997248
0.997227
0.997184
0.997098
0.996874
0.996952
0.996953
0.996948
0.996923
0.996879
0.996814
0.996729
0.996633
0.996535
0.996443
0.996364
0.9963
0.996253
0.996221
0.996207
0.996209
0.996227
0.996264
0.996317
0.996384
0.996466
0.996557
0.996656
0.99677
0.996891
0.996828
0.997029
0.997248
0.997473
0.997674
0.997865
0.998034
0.998175
0.998287
0.99837
0.998428
0.998461
0.99847
0.998465
0.998444
0.998405
0.998353
0.998289
0.998217
0.998138
0.998054
0.997965
0.997873
0.997787
0.997704
0.997599
0.997365
0.997439
0.997484
0.997553
0.997639
0.997745
0.997848
0.997954
0.998064
0.998175
0.998284
0.99839
0.998491
0.998592
0.998691
0.998789
0.998884
0.998976
0.999062
0.999141
0.999208
0.999259
0.999292
0.999314
0.99934
0.999365
0.999645
0.999695
0.999714
0.999707
0.999698
0.999686
0.999672
0.999655
0.999639
0.999619
0.99959
0.99955
0.999502
0.999452
0.999409
0.999376
0.999356
0.999351
0.999355
0.999367
0.999387
0.999405
0.999426
0.999457
0.999506
0.999568
0.999917
1.00005
1.00016
1.00025
1.00033
1.00041
1.00047
1.00052
1.00057
1.00061
1.00064
1.00065
1.00065
1.00065
1.00064
1.00062
1.0006
1.00058
1.00054
1.0005
1.00046
1.00043
1.00039
1.00033
1.00016
1.00027
1.00029
1.00035
1.00042
1.00052
1.00064
1.00074
1.00083
1.0009
1.00097
1.00102
1.00107
1.00111
1.00115
1.0012
1.00124
1.00128
1.00133
1.00138
1.00143
1.00147
1.00151
1.00157
1.00161
1.00161
1.00146
0.986311
0.986578
0.987115
0.987815
0.988543
0.989204
0.989756
0.990201
0.990557
0.990847
0.99109
0.991304
0.991496
0.991673
0.991838
0.991988
0.992123
0.992242
0.992348
0.99246
0.992586
0.992929
0.992948
0.993045
0.993159
0.99329
0.993429
0.993575
0.993727
0.993884
0.994047
0.994214
0.994387
0.994565
0.994747
0.994931
0.995117
0.995302
0.995486
0.995664
0.995836
0.995996
0.996143
0.996265
0.996362
0.99633
0.996577
0.996682
0.996698
0.996667
0.996602
0.996505
0.996383
0.99624
0.996082
0.99591
0.995727
0.995536
0.995337
0.995135
0.99493
0.994727
0.994529
0.99434
0.99416
0.993992
0.993835
0.993695
0.993563
0.99342
0.993182
0.993255
0.993357
0.993522
0.993727
0.993959
0.994212
0.994481
0.994765
0.995059
0.995358
0.995655
0.995946
0.996225
0.996489
0.996734
0.996958
0.997158
0.997335
0.997483
0.997604
0.997692
0.997742
0.99775
0.997728
0.997611
0.997689
0.997661
0.997623
0.997553
0.997449
0.997313
0.997149
0.996966
0.996775
0.996584
0.996401
0.996232
0.99608
0.995946
0.995834
0.995745
0.995682
0.995645
0.995633
0.995642
0.995676
0.995735
0.995816
0.995924
0.996063
0.996097
0.996343
0.9966
0.996871
0.997131
0.997392
0.997645
0.997879
0.998088
0.998269
0.99842
0.998542
0.998635
0.998698
0.998725
0.998723
0.9987
0.998649
0.998571
0.998471
0.998353
0.998217
0.998066
0.997909
0.997749
0.997564
0.997257
0.997249
0.997205
0.99718
0.997179
0.997198
0.997234
0.997289
0.997366
0.997459
0.997566
0.997684
0.997809
0.997941
0.998079
0.998222
0.998366
0.998511
0.998652
0.998787
0.998912
0.999023
0.999116
0.999189
0.99926
0.999332
0.999647
0.999746
0.999804
0.999817
0.99982
0.999814
0.99979
0.999757
0.999725
0.99969
0.999647
0.999591
0.999519
0.999437
0.99935
0.999267
0.999193
0.999131
0.999083
0.999049
0.999028
0.999011
0.999008
0.999018
0.999055
0.999117
0.99944
0.999579
0.999714
0.999837
0.99996
1.00008
1.00018
1.00027
1.00036
1.00045
1.00053
1.00059
1.00064
1.00067
1.00068
1.00068
1.00067
1.00065
1.00061
1.00055
1.00049
1.00043
1.00037
1.00028
1.00008
1.00014
1.00011
1.00011
1.00012
1.00016
1.00023
1.00029
1.00035
1.00041
1.00048
1.00054
1.0006
1.00065
1.00069
1.00074
1.00078
1.00083
1.00088
1.00093
1.00097
1.00102
1.00107
1.00113
1.00119
1.00124
1.00113
0.986588
0.986823
0.987318
0.987966
0.988637
0.989246
0.989757
0.990178
0.990521
0.990806
0.991049
0.991263
0.991458
0.99164
0.991812
0.991975
0.992127
0.992269
0.992399
0.992526
0.992639
0.993031
0.993091
0.993197
0.993321
0.993461
0.993614
0.993774
0.993941
0.994115
0.994294
0.994479
0.994669
0.994866
0.995067
0.995274
0.995486
0.995702
0.995922
0.996144
0.996369
0.996593
0.996818
0.997032
0.997233
0.997329
0.997623
0.99783
0.997972
0.998032
0.99804
0.998012
0.997934
0.997808
0.997646
0.997448
0.997218
0.99696
0.996676
0.99637
0.996046
0.995709
0.995361
0.995008
0.994654
0.994305
0.993963
0.99364
0.993332
0.99302
0.992648
0.99252
0.992449
0.992446
0.99249
0.9926
0.992771
0.992994
0.993265
0.993581
0.993933
0.994313
0.99471
0.995118
0.995527
0.995929
0.996319
0.996689
0.997034
0.99735
0.997634
0.997878
0.99808
0.998232
0.998335
0.998346
0.998509
0.998538
0.998527
0.998474
0.998366
0.998202
0.99799
0.99774
0.997463
0.997171
0.996873
0.99658
0.996297
0.996032
0.995787
0.995567
0.995374
0.995213
0.995087
0.994998
0.99495
0.994934
0.994947
0.994996
0.995092
0.995175
0.995458
0.995737
0.996038
0.996343
0.996664
0.996991
0.997315
0.997626
0.997917
0.998183
0.99842
0.998627
0.9988
0.998935
0.999027
0.999067
0.999065
0.999035
0.998967
0.998859
0.998717
0.998542
0.998342
0.99812
0.99787
0.99752
0.997383
0.997227
0.997094
0.996978
0.996889
0.99682
0.99678
0.996776
0.996792
0.996841
0.99692
0.997024
0.99715
0.997296
0.99746
0.997637
0.997825
0.998018
0.998212
0.998403
0.998583
0.998752
0.998898
0.999037
0.999172
0.999541
0.999704
0.999835
0.999916
0.999964
0.999982
0.999974
0.999947
0.999909
0.999862
0.999807
0.999737
0.99965
0.999545
0.999427
0.999302
0.999174
0.999051
0.998936
0.998835
0.998749
0.998672
0.998614
0.998583
0.998592
0.998624
0.998893
0.999013
0.999143
0.99928
0.999428
0.999579
0.99972
0.999854
0.999986
1.00012
1.00025
1.00037
1.00048
1.00057
1.00064
1.00069
1.00071
1.00071
1.0007
1.00066
1.0006
1.00054
1.00047
1.00037
1.00014
1.00016
1.00011
1.00006
1.00002
0.999995
0.999995
0.999999
1
1.00001
1.00004
1.00008
1.00012
1.00016
1.00021
1.00025
1.0003
1.00034
1.00039
1.00044
1.00049
1.00054
1.0006
1.00068
1.00076
1.00084
1.00077
0.986927
0.987112
0.987535
0.988097
0.988683
0.989221
0.989686
0.990076
0.990403
0.99068
0.990922
0.991137
0.991334
0.991518
0.991692
0.991857
0.992015
0.992165
0.992305
0.992428
0.992571
0.992879
0.993015
0.993137
0.993261
0.993396
0.99354
0.993693
0.993851
0.994016
0.994186
0.994361
0.994543
0.994731
0.994928
0.995133
0.995348
0.995574
0.995812
0.996062
0.996324
0.996597
0.99688
0.997165
0.997451
0.99767
0.99805
0.998384
0.998687
0.998948
0.999159
0.999303
0.999366
0.999362
0.999311
0.99919
0.99901
0.998774
0.998485
0.998147
0.997763
0.997338
0.99688
0.996395
0.99589
0.995373
0.994849
0.994327
0.993806
0.99329
0.992741
0.992373
0.992053
0.991807
0.991648
0.991582
0.99159
0.991655
0.991805
0.99204
0.992348
0.992721
0.993147
0.993618
0.994121
0.994645
0.995179
0.995713
0.996235
0.996737
0.99721
0.997646
0.99804
0.998379
0.998659
0.99884
0.999169
0.999349
0.999422
0.99941
0.999355
0.999229
0.999034
0.998775
0.998463
0.998109
0.997725
0.997323
0.996915
0.996512
0.996124
0.995757
0.995417
0.995108
0.994836
0.994606
0.994425
0.994294
0.994221
0.994196
0.994213
0.994266
0.994534
0.994792
0.995091
0.995413
0.99577
0.996152
0.996547
0.996946
0.997337
0.997715
0.998071
0.998401
0.998699
0.998958
0.999173
0.999334
0.999433
0.999463
0.99945
0.9994
0.9993
0.999148
0.998951
0.998707
0.998416
0.998041
0.997823
0.997566
0.997325
0.997093
0.996882
0.996691
0.996525
0.996395
0.996311
0.996278
0.996283
0.996317
0.996391
0.996503
0.996648
0.996823
0.997023
0.997243
0.997477
0.997719
0.997961
0.9982
0.998423
0.998641
0.998855
0.999295
0.99953
0.99974
0.999913
1.00004
1.00012
1.00014
1.00014
1.00012
1.00008
1.00002
0.999947
0.999854
0.99974
0.999605
0.999451
0.999283
0.999106
0.998929
0.998756
0.998595
0.998444
0.998316
0.998217
0.99817
0.998171
0.998371
0.998446
0.998545
0.998666
0.998812
0.998971
0.999135
0.999299
0.999468
0.999638
0.99981
0.99998
1.00015
1.0003
1.00044
1.00055
1.00064
1.0007
1.00072
1.00071
1.00069
1.00066
1.00061
1.00052
1.00031
1.0003
1.00023
1.00015
1.00006
0.999986
0.999925
0.999872
0.999818
0.999766
0.999732
0.999723
0.999728
0.999743
0.999768
0.999798
0.999832
0.999869
0.99991
0.999955
1
1.00006
1.00013
1.00022
1.00032
1.00044
1.00039
0.987343
0.987475
0.987799
0.988238
0.988698
0.989129
0.989513
0.989845
0.990128
0.990372
0.990586
0.990774
0.990943
0.991098
0.991242
0.991378
0.991507
0.991627
0.99174
0.99181
0.991995
0.992165
0.992296
0.992406
0.992511
0.992616
0.992725
0.992837
0.992955
0.993077
0.993205
0.99334
0.993482
0.993635
0.993801
0.993983
0.994185
0.99441
0.994661
0.994941
0.995254
0.995597
0.995973
0.996374
0.996795
0.997187
0.997715
0.998218
0.998688
0.999119
0.99951
0.999863
1.00017
1.00039
1.00051
1.00052
1.00047
1.00035
1.00015
0.999862
0.999497
0.999059
0.998555
0.997998
0.997396
0.996761
0.996102
0.995432
0.994751
0.994067
0.993356
0.992788
0.992246
0.99177
0.991373
0.991064
0.990862
0.990788
0.990801
0.990881
0.99106
0.991338
0.99171
0.992162
0.992683
0.993259
0.993878
0.994523
0.995182
0.995839
0.996481
0.997096
0.997675
0.998202
0.998666
0.999022
0.999496
0.999856
1.0001
1.00019
1.00018
1.00012
0.999988
0.999773
0.999482
0.999121
0.998702
0.998237
0.997743
0.997234
0.996724
0.996225
0.995746
0.995296
0.994882
0.994509
0.994187
0.993922
0.993726
0.993596
0.993553
0.993563
0.993768
0.993971
0.994236
0.994545
0.994906
0.995312
0.99575
0.996208
0.996675
0.99714
0.997595
0.998032
0.998442
0.998817
0.999147
0.999425
0.999639
0.99978
0.999836
0.99983
0.999789
0.99969
0.99953
0.999303
0.999012
0.998638
0.998378
0.998055
0.997734
0.997411
0.997095
0.996792
0.996511
0.996261
0.996056
0.995907
0.995818
0.995795
0.995807
0.995855
0.995949
0.996087
0.996267
0.996481
0.996725
0.99699
0.997269
0.997557
0.997841
0.998127
0.998412
0.998918
0.999225
0.999509
0.99976
0.999967
1.00012
1.00022
1.00025
1.00025
1.00024
1.0002
1.00014
1.00005
0.999939
0.9998
0.999634
0.999442
0.999229
0.999003
0.998771
0.998542
0.998324
0.99813
0.997965
0.997842
0.997769
0.99792
0.997943
0.997996
0.998083
0.998206
0.998355
0.998521
0.998698
0.998886
0.999083
0.999287
0.999496
0.999706
0.999912
1.00011
1.00028
1.00043
1.00055
1.00063
1.00068
1.0007
1.0007
1.00068
1.00063
1.00046
1.00045
1.00038
1.00029
1.00018
1.00007
0.999969
0.999869
0.999767
0.999664
0.999569
0.999493
0.999451
0.999435
0.999431
0.999434
0.999444
0.99946
0.999482
0.999514
0.999558
0.999614
0.999689
0.999787
0.999907
1.00005
1.00003
0.987972
0.988041
0.988217
0.988468
0.988737
0.989001
0.989243
0.989457
0.989638
0.98979
0.989915
0.990021
0.990111
0.990188
0.990253
0.990308
0.990356
0.990397
0.990435
0.990427
0.990518
0.990596
0.990654
0.990696
0.99074
0.990787
0.99084
0.990896
0.990959
0.99103
0.991111
0.991205
0.991317
0.991451
0.991611
0.9918
0.992024
0.992287
0.992594
0.992948
0.993353
0.993806
0.994308
0.994849
0.995427
0.995997
0.996687
0.997373
0.998032
0.998677
0.999284
0.999846
1.00034
1.00076
1.00108
1.00127
1.00133
1.00131
1.00122
1.00103
1.00073
1.00033
0.999837
0.999258
0.998612
0.997915
0.997179
0.99642
0.995642
0.994853
0.994035
0.993345
0.99267
0.992049
0.991495
0.991023
0.990649
0.990401
0.990294
0.990297
0.990355
0.990514
0.990789
0.991175
0.99166
0.992232
0.992875
0.993571
0.994305
0.995059
0.995815
0.996556
0.997269
0.997935
0.99854
0.999039
0.999623
1.00011
1.00048
1.00069
1.00075
1.00073
1.00065
1.00049
1.00025
0.999912
0.999496
0.999013
0.998477
0.997908
0.997322
0.996735
0.996158
0.995603
0.99508
0.994596
0.994163
0.993788
0.993488
0.993261
0.993141
0.993124
0.993296
0.99345
0.993666
0.993945
0.99429
0.994692
0.995144
0.99563
0.996138
0.996656
0.997173
0.99768
0.998166
0.998621
0.999036
0.999398
0.999699
0.999927
1.00007
1.00011
1.0001
1.00004
0.999926
0.999732
0.999457
0.999107
0.998833
0.998473
0.998103
0.997724
0.997339
0.996956
0.996591
0.996255
0.995962
0.995723
0.995547
0.995442
0.99541
0.995419
0.99546
0.995549
0.99569
0.995878
0.996108
0.996373
0.996662
0.996972
0.997292
0.997622
0.997956
0.998504
0.998864
0.999203
0.999508
0.999776
0.999999
1.00016
1.00025
1.00028
1.00028
1.00026
1.00022
1.00015
1.00005
0.999916
0.999749
0.999548
0.999315
0.999058
0.998782
0.998502
0.998238
0.997999
0.997784
0.997599
0.997444
0.99755
0.99752
0.997532
0.997584
0.997681
0.997815
0.997974
0.99815
0.998343
0.998553
0.998777
0.999011
0.999252
0.999494
0.999732
0.999953
1.00015
1.00031
1.00045
1.00056
1.00063
1.00067
1.00067
1.00064
1.00052
1.00054
1.00047
1.00039
1.00027
1.00015
1.00003
0.999903
0.999768
0.999628
0.999491
0.999373
0.999288
0.999235
0.999201
0.999177
0.999161
0.999153
0.999153
0.999165
0.999202
0.999262
0.999341
0.999444
0.999568
0.999721
0.99974
0.989532
0.989377
0.989247
0.989195
0.989188
0.989203
0.989231
0.98926
0.989284
0.989299
0.989301
0.98929
0.989263
0.989218
0.989162
0.989094
0.989019
0.988932
0.988835
0.988701
0.988666
0.988611
0.988544
0.988468
0.988404
0.988352
0.98832
0.988307
0.988312
0.988334
0.988381
0.988457
0.988571
0.988728
0.988933
0.989189
0.989503
0.989878
0.990316
0.990816
0.991377
0.991993
0.992664
0.993373
0.994124
0.994861
0.995706
0.99654
0.997351
0.998142
0.998891
0.999591
1.00022
1.00077
1.00122
1.00153
1.00169
1.00171
1.00167
1.00153
1.00128
1.00091
1.00042
0.999841
0.99918
0.99846
0.997696
0.996906
0.996097
0.995276
0.994427
0.993707
0.992996
0.992336
0.991735
0.991208
0.990773
0.990458
0.990281
0.990237
0.990258
0.990353
0.990562
0.990895
0.991342
0.991892
0.992528
0.993233
0.99399
0.99478
0.995582
0.996377
0.997146
0.997874
0.998542
0.999123
0.999636
1.0002
1.00062
1.00089
1.001
1.001
1.00095
1.00082
1.0006
1.00028
0.999879
0.999397
0.998852
0.998264
0.99765
0.997028
0.99641
0.995809
0.995236
0.994699
0.994212
0.993785
0.993433
0.99316
0.993005
0.992971
0.993132
0.993271
0.993466
0.993726
0.994059
0.994451
0.994899
0.995387
0.995904
0.996437
0.996973
0.997502
0.998015
0.9985
0.998945
0.999341
0.999677
0.999942
1.00012
1.0002
1.0002
1.00016
1.00006
0.999877
0.999604
0.999275
0.998989
0.99862
0.998235
0.997832
0.997419
0.997005
0.996607
0.996234
0.995901
0.995619
0.995401
0.995253
0.995181
0.995173
0.995191
0.995248
0.995358
0.995518
0.995726
0.995978
0.996264
0.996577
0.996909
0.997254
0.997605
0.998159
0.998542
0.998904
0.999232
0.99953
0.999787
0.999983
1.00011
1.00017
1.00018
1.00018
1.00015
1.00009
1
0.999877
0.999714
0.999513
0.999274
0.999002
0.998705
0.998406
0.998121
0.997858
0.997618
0.997394
0.997174
0.997227
0.997175
0.997166
0.997194
0.997276
0.997405
0.997561
0.997736
0.997929
0.998143
0.998376
0.998625
0.998884
0.999147
0.999408
0.999654
0.999878
1.00008
1.00024
1.00038
1.00049
1.00056
1.00058
1.00057
1.00047
1.00051
1.00046
1.00039
1.00028
1.00017
1.00004
0.999905
0.999759
0.999608
0.999456
0.999318
0.999205
0.99912
0.999058
0.999011
0.998975
0.99895
0.998943
0.998954
0.99899
0.99905
0.999132
0.999237
0.999364
0.99952
0.999563
1.00127
1.00198
1.00186
1.00131
1.00038
0.99928
0.998136
0.997022
0.995974
0.995026
1.00068
1.0015
1.00181
1.00177
1.00154
1.00108
1.00042
0.999632
0.99876
0.997921
1.00044
1.00105
1.00147
1.00162
1.00161
1.00152
1.00131
1.00097
1.00052
1
1.00035
1.00084
1.0012
1.00141
1.00146
1.00145
1.00139
1.00125
1.00103
1.00074
1.00032
1.00075
1.00108
1.00129
1.00136
1.00137
1.00134
1.00126
1.00112
1.00092
1.00032
1.00075
1.00109
1.0013
1.00138
1.0014
1.00137
1.0013
1.00116
1.00095
1.00035
1.00084
1.00121
1.00143
1.0015
1.00149
1.00145
1.00131
1.00108
1.00075
1.00044
1.00106
1.00148
1.00165
1.00165
1.00157
1.00135
1.00097
1.00044
0.999766
1.00068
1.00151
1.00181
1.00177
1.00152
1.00099
1.00022
0.999277
0.998217
0.997103
1.00127
1.00196
1.00181
1.00119
1.00015
0.998906
0.997577
0.996238
0.994943
0.993741
0.993678
0.992713
0.992022
0.991521
0.991131
0.990814
0.990544
0.990303
0.990081
0.98987
0.989667
0.989469
0.989276
0.989087
0.988896
0.988699
0.988495
0.988277
0.988044
0.987767
0.987533
0.987286
0.987035
0.986783
0.986549
0.986337
0.986164
0.986041
0.985978
0.985966
0.985984
0.98605
0.986184
0.986394
0.986683
0.987052
0.98751
0.988049
0.988661
0.989341
0.990083
0.990877
0.991721
0.992598
0.993493
0.994356
0.995301
0.996217
0.997101
0.997952
0.998758
0.999503
1.00017
1.00075
1.00121
1.00154
1.0017
1.00171
1.00167
1.00154
1.00128
1.00089
1.00038
0.999771
0.999091
0.99836
0.997595
0.996814
0.996025
0.995235
0.994423
0.993753
0.9931
0.992504
0.991968
0.991504
0.991124
0.99085
0.990701
0.99067
0.990696
0.990798
0.991011
0.991343
0.991785
0.992326
0.992951
0.993644
0.994386
0.995159
0.995941
0.996713
0.997455
0.998151
0.998783
0.999333
0.999777
1.00029
1.00065
1.00087
1.00094
1.00093
1.00086
1.00072
1.00049
1.00016
0.99976
0.999282
0.998748
0.998173
0.997575
0.996969
0.996369
0.995785
0.99523
0.994711
0.994241
0.993831
0.993499
0.993245
0.993113
0.993094
0.993265
0.993426
0.993635
0.993902
0.994237
0.994624
0.995061
0.995534
0.996032
0.996542
0.997054
0.997558
0.998045
0.998503
0.998921
0.99929
0.999603
0.99985
1.00001
1.00007
1.00006
1.00001
0.999896
0.999693
0.99937
0.999096
0.998771
0.998413
0.998039
0.997647
0.997245
0.996846
0.996464
0.996108
0.995791
0.995523
0.995315
0.995174
0.995107
0.995099
0.995115
0.995169
0.99527
0.995416
0.99561
0.995852
0.996127
0.996431
0.996753
0.997089
0.997427
0.997951
0.998321
0.998669
0.998983
0.999272
0.999525
0.999722
0.999852
0.99992
0.999939
0.999935
0.999912
0.999858
0.999772
0.999652
0.999493
0.999295
0.999056
0.998784
0.998498
0.998207
0.997923
0.997663
0.997425
0.997198
0.996939
0.996962
0.996912
0.996905
0.996932
0.997021
0.997158
0.997321
0.9975
0.997697
0.997914
0.998152
0.998407
0.998674
0.998943
0.999208
0.999459
0.999691
0.999898
1.00008
1.00022
1.00033
1.00041
1.00044
1.00043
1.00035
1.00039
1.00035
1.00029
1.0002
1.00009
0.999972
0.99984
0.999701
0.999557
0.999413
0.999276
0.999156
0.99906
0.998987
0.998933
0.998895
0.998876
0.998878
0.998898
0.998941
0.999005
0.999091
0.999198
0.999327
0.999485
0.999533
0.997187
0.996502
0.995813
0.995162
0.994553
0.993987
0.993459
0.992961
0.992487
0.992032
0.991591
0.991161
0.99074
0.990325
0.989914
0.989503
0.989093
0.988675
0.98825
0.987798
0.987397
0.986989
0.986574
0.986141
0.985718
0.985323
0.984988
0.984735
0.984585
0.984547
0.984564
0.984641
0.984817
0.985107
0.985516
0.98604
0.986653
0.987337
0.988084
0.98889
0.989754
0.990666
0.991617
0.992586
0.993564
0.994504
0.995524
0.996495
0.997414
0.998256
0.999024
0.9997
1.00028
1.00075
1.00109
1.00128
1.00132
1.00128
1.00116
1.00092
1.00056
1.0001
0.999545
0.998929
0.998266
0.997577
0.996877
0.996181
0.995497
0.994826
0.994142
0.993619
0.993121
0.992686
0.992311
0.992002
0.991768
0.991626
0.991582
0.9916
0.991677
0.991844
0.99211
0.992474
0.992927
0.993461
0.994061
0.994712
0.995396
0.996094
0.996787
0.997455
0.998082
0.998654
0.999154
0.999573
0.999865
1.00024
1.00047
1.00056
1.00056
1.00051
1.00039
1.0002
0.999932
0.999591
0.999185
0.998724
0.998222
0.997692
0.997151
0.99661
0.996082
0.995573
0.995096
0.994656
0.994269
0.993942
0.993693
0.993519
0.993462
0.993477
0.993692
0.993902
0.994148
0.994435
0.994772
0.995147
0.995557
0.995991
0.996439
0.996891
0.997338
0.997772
0.998185
0.998568
0.998907
0.999197
0.999437
0.999615
0.999708
0.999716
0.999686
0.999601
0.999441
0.999203
0.998833
0.998559
0.998235
0.997898
0.997555
0.997204
0.996851
0.996508
0.996186
0.995894
0.995641
0.995436
0.995286
0.995197
0.99517
0.995177
0.995211
0.995285
0.9954
0.995553
0.995746
0.995975
0.996231
0.996511
0.996806
0.997113
0.997398
0.99785
0.99817
0.998473
0.998743
0.998994
0.999211
0.999379
0.999487
0.999539
0.999552
0.999547
0.999521
0.999465
0.999378
0.999257
0.9991
0.998908
0.998681
0.99843
0.998168
0.997903
0.997647
0.997418
0.997212
0.997017
0.996763
0.996784
0.996753
0.996767
0.996821
0.996937
0.997096
0.997275
0.997466
0.997671
0.997892
0.998131
0.998386
0.998649
0.998911
0.999163
0.999397
0.999611
0.999801
0.999964
1.0001
1.00019
1.00025
1.00027
1.00026
1.00019
1.0002
1.00018
1.00012
1.00004
0.999951
0.999849
0.999735
0.999616
0.999497
0.999379
0.999266
0.999162
0.999075
0.999013
0.998975
0.998951
0.998952
0.998968
0.999005
0.999064
0.999137
0.999225
0.999336
0.999467
0.999626
0.99966
0.999473
0.998944
0.998381
0.99781
0.997235
0.996661
0.996089
0.995518
0.994944
0.994366
0.993783
0.993194
0.992603
0.99201
0.991419
0.990829
0.990242
0.989645
0.989046
0.988422
0.987841
0.987251
0.986661
0.986078
0.985536
0.985039
0.984624
0.984324
0.984172
0.98413
0.984156
0.984268
0.98451
0.984892
0.985407
0.986041
0.986791
0.987647
0.988594
0.989607
0.990657
0.99172
0.992781
0.993815
0.994804
0.995703
0.996641
0.997478
0.998232
0.998883
0.999443
0.999911
1.00028
1.00052
1.00062
1.00062
1.00055
1.00038
1.00011
0.999752
0.999316
0.998818
0.998276
0.997706
0.997126
0.99655
0.99599
0.995457
0.994951
0.994468
0.993977
0.993672
0.993392
0.993174
0.993003
0.992886
0.992829
0.992829
0.992869
0.992974
0.993146
0.993385
0.993699
0.994085
0.994531
0.995027
0.995561
0.996117
0.99668
0.997234
0.997762
0.998251
0.998686
0.999061
0.999363
0.999589
0.999676
0.999869
0.999912
0.999904
0.999852
0.999739
0.999558
0.999317
0.999021
0.998678
0.998293
0.997875
0.997437
0.996991
0.996548
0.996116
0.995703
0.995316
0.994963
0.994651
0.994391
0.99419
0.994063
0.993995
0.994002
0.994062
0.994352
0.994612
0.994884
0.995176
0.995495
0.995836
0.996196
0.996564
0.996933
0.997295
0.997644
0.997974
0.99828
0.998552
0.998784
0.99897
0.999105
0.999177
0.99918
0.99915
0.999066
0.998923
0.998714
0.998446
0.998041
0.997788
0.997494
0.997206
0.99692
0.99664
0.996369
0.996116
0.995888
0.995693
0.995537
0.995423
0.995357
0.99534
0.995349
0.995386
0.995456
0.995559
0.995692
0.995854
0.996043
0.996255
0.996483
0.996723
0.996972
0.997229
0.997405
0.997745
0.997999
0.998242
0.99846
0.998664
0.998834
0.998961
0.999033
0.999057
0.999059
0.999049
0.999018
0.998958
0.998869
0.998749
0.998598
0.998418
0.998215
0.998001
0.997783
0.997567
0.997363
0.997187
0.997035
0.996894
0.996681
0.996723
0.996736
0.996792
0.99689
0.997041
0.997227
0.997427
0.997632
0.997844
0.998067
0.998302
0.998546
0.998791
0.999028
0.999247
0.999446
0.999623
0.999775
0.999903
1
1.00007
1.00008
1.00008
1.00007
1.00002
0.999944
0.999986
0.999945
0.999887
0.999818
0.99974
0.999655
0.999569
0.999485
0.999404
0.999327
0.99926
0.999206
0.999171
0.999154
0.999156
0.999174
0.999218
0.999278
0.999346
0.999426
0.999516
0.999625
0.999757
0.999916
0.999906
1.0004
1.00001
0.999561
0.999073
0.998555
0.998015
0.997459
0.996887
0.996296
0.995682
0.995042
0.994376
0.993689
0.992988
0.992281
0.991575
0.990879
0.990186
0.989486
0.988769
0.988122
0.987482
0.986854
0.986238
0.98567
0.985165
0.984776
0.984535
0.984492
0.984544
0.984717
0.985042
0.985524
0.986151
0.986907
0.98777
0.988719
0.989725
0.990761
0.991804
0.992835
0.993833
0.994785
0.995665
0.996447
0.997137
0.997835
0.998407
0.998888
0.999279
0.999585
0.999772
0.99984
0.999828
0.999756
0.999601
0.999368
0.999072
0.998721
0.998327
0.997903
0.997462
0.997017
0.996582
0.996165
0.995776
0.995418
0.995099
0.994816
0.99455
0.994272
0.994221
0.99416
0.994138
0.994137
0.994162
0.994221
0.994316
0.99445
0.994628
0.994849
0.995115
0.995426
0.995776
0.996156
0.996554
0.996959
0.997359
0.997742
0.998097
0.998414
0.998685
0.998902
0.999066
0.999151
0.999151
0.999065
0.999096
0.999056
0.998989
0.998874
0.998714
0.998505
0.998257
0.997975
0.997668
0.997342
0.997006
0.996668
0.996337
0.99602
0.995721
0.995446
0.995199
0.994987
0.994815
0.994693
0.994621
0.9946
0.994605
0.99466
0.994781
0.995124
0.99539
0.995654
0.995911
0.99618
0.996458
0.996742
0.997021
0.997289
0.997542
0.997776
0.997988
0.998174
0.998328
0.998444
0.998516
0.998535
0.998523
0.998475
0.998382
0.99824
0.998054
0.997824
0.997556
0.997151
0.996952
0.996724
0.996511
0.996306
0.996126
0.995964
0.995823
0.995705
0.995618
0.995563
0.995545
0.995549
0.995575
0.995627
0.995704
0.995801
0.99592
0.996057
0.996213
0.996384
0.996567
0.996756
0.996942
0.997134
0.997333
0.9974
0.997633
0.997808
0.997978
0.998134
0.998287
0.998407
0.998491
0.998534
0.998542
0.998536
0.998517
0.998478
0.998417
0.998332
0.998222
0.998088
0.997936
0.997776
0.997614
0.997456
0.997304
0.997166
0.997057
0.996972
0.996897
0.996752
0.996831
0.996893
0.996998
0.997143
0.997332
0.997543
0.997757
0.997969
0.99818
0.998395
0.998614
0.998833
0.999042
0.999234
0.999403
0.99955
0.999675
0.999779
0.999863
0.999921
0.999939
0.999933
0.999921
0.999896
0.999849
0.999775
0.999869
0.999833
0.999794
0.999752
0.999709
0.999666
0.999625
0.999585
0.999548
0.999515
0.999493
0.999479
0.999474
0.999478
0.999503
0.99955
0.999612
0.999681
0.999749
0.999827
0.999917
1.00002
1.00014
1.00027
1.00023
1.00065
1.00031
0.9999
0.999436
0.998932
0.998398
0.997842
0.997264
0.996661
0.996027
0.995358
0.994654
0.993921
0.993169
0.992407
0.991646
0.990894
0.990161
0.989456
0.988767
0.988164
0.987581
0.987037
0.98654
0.986131
0.985848
0.985773
0.985809
0.985962
0.986265
0.986722
0.987316
0.988032
0.988847
0.989737
0.990675
0.991635
0.992593
0.993529
0.994421
0.995253
0.996013
0.996691
0.997268
0.997683
0.998105
0.998475
0.998775
0.998979
0.999072
0.999081
0.999046
0.998946
0.998783
0.998574
0.998328
0.998051
0.997753
0.997441
0.997126
0.996817
0.996521
0.996246
0.995998
0.995781
0.995598
0.995447
0.99533
0.995239
0.995167
0.995082
0.995184
0.99527
0.99537
0.995464
0.995562
0.995673
0.995804
0.995959
0.996139
0.996342
0.996566
0.996807
0.997058
0.997312
0.997562
0.997797
0.998012
0.998198
0.998352
0.998474
0.998558
0.998588
0.99858
0.998529
0.998408
0.998121
0.99809
0.998024
0.997948
0.99783
0.997678
0.997492
0.997283
0.997057
0.996823
0.996588
0.996356
0.996134
0.995927
0.995736
0.995566
0.995418
0.995298
0.995209
0.995156
0.995138
0.995144
0.995176
0.995233
0.995328
0.995462
0.995797
0.996028
0.996235
0.996424
0.996617
0.996816
0.997012
0.997195
0.997359
0.997504
0.997628
0.997729
0.997806
0.997852
0.99786
0.997848
0.997808
0.997737
0.997635
0.997505
0.997345
0.997159
0.996948
0.996713
0.996337
0.996236
0.996109
0.996
0.995897
0.995821
0.995764
0.995729
0.995714
0.995716
0.995732
0.995768
0.99582
0.995884
0.99596
0.996048
0.996148
0.99626
0.996383
0.996516
0.996656
0.9968
0.996939
0.997066
0.997193
0.997315
0.997266
0.997425
0.997546
0.997667
0.997778
0.997892
0.997977
0.998033
0.998061
0.998066
0.998061
0.998042
0.998006
0.997951
0.997878
0.997788
0.997686
0.997579
0.997473
0.997375
0.997287
0.99721
0.997146
0.997104
0.997083
0.997068
0.997009
0.997129
0.997236
0.997388
0.997572
0.997787
0.998008
0.998218
0.998416
0.99861
0.998803
0.998992
0.999167
0.999323
0.999456
0.999567
0.999658
0.999733
0.999793
0.999836
0.999858
0.999854
0.999837
0.999814
0.999785
0.999748
0.999698
0.999846
0.999834
0.999834
0.999834
0.999835
0.999838
0.999841
0.999843
0.999845
0.99985
0.999861
0.999878
0.999903
0.999933
0.999974
1.00003
1.00009
1.00015
1.00021
1.00028
1.00037
1.00046
1.00055
1.00064
1.00057
1.00067
1.00031
0.999871
0.999368
0.998812
0.998214
0.997584
0.996919
0.996218
0.995479
0.994705
0.993907
0.9931
0.992301
0.991529
0.990804
0.99014
0.989538
0.988989
0.988454
0.988032
0.987669
0.987423
0.987331
0.987356
0.987463
0.987706
0.988083
0.98858
0.989178
0.989861
0.990606
0.991395
0.992206
0.993018
0.993812
0.994569
0.995276
0.995925
0.996503
0.996998
0.997411
0.997742
0.998
0.998067
0.998266
0.998372
0.998413
0.998397
0.998334
0.998219
0.998069
0.997894
0.997701
0.997496
0.997287
0.997078
0.996875
0.996683
0.996509
0.996356
0.996227
0.996123
0.996045
0.995991
0.99596
0.995947
0.995954
0.995982
0.996031
0.99601
0.996204
0.996361
0.996496
0.996593
0.99668
0.99677
0.99687
0.996982
0.997105
0.997234
0.997366
0.997497
0.997622
0.997735
0.997834
0.997917
0.997981
0.998021
0.998033
0.998024
0.997989
0.997922
0.99783
0.997703
0.997508
0.997114
0.997114
0.997077
0.997041
0.996967
0.996865
0.996737
0.996593
0.996443
0.996294
0.996152
0.99602
0.9959
0.995793
0.995702
0.995628
0.995574
0.995542
0.995533
0.99554
0.995567
0.995611
0.995669
0.995734
0.99582
0.995909
0.996185
0.996347
0.996481
0.996598
0.996723
0.996849
0.996965
0.997061
0.997134
0.997188
0.997223
0.997235
0.997231
0.997211
0.997169
0.997108
0.997031
0.996938
0.996831
0.996711
0.996575
0.996427
0.996269
0.996092
0.995775
0.995804
0.995782
0.995769
0.995756
0.995762
0.995787
0.995825
0.995872
0.995925
0.995981
0.99604
0.996102
0.996168
0.996239
0.996316
0.996401
0.996492
0.99659
0.996693
0.996797
0.996898
0.996989
0.997064
0.997127
0.997159
0.997048
0.997181
0.997267
0.99736
0.997451
0.997546
0.997622
0.997677
0.997709
0.99772
0.99772
0.997709
0.997683
0.997643
0.997593
0.997537
0.997481
0.99743
0.997388
0.997359
0.997344
0.997341
0.997342
0.997356
0.997384
0.9974
0.997434
0.997603
0.997756
0.997936
0.998134
0.998344
0.998548
0.998733
0.998903
0.999064
0.999216
0.999355
0.999474
0.99957
0.999647
0.999709
0.999758
0.999798
0.99983
0.999851
0.99986
0.999855
0.999838
0.999821
0.999804
0.999791
0.999775
0.999975
1.00002
1.00007
1.00011
1.00015
1.00019
1.00022
1.00025
1.00027
1.0003
1.00033
1.00036
1.0004
1.00044
1.00048
1.00053
1.00057
1.00062
1.00068
1.00075
1.00082
1.00089
1.00096
1.00101
1.0009
1.00031
0.999773
0.999153
0.998468
0.997736
0.996967
0.996174
0.995361
0.994539
0.993723
0.992928
0.992173
0.991488
0.990895
0.990398
0.989958
0.989568
0.989238
0.989018
0.988899
0.988966
0.989078
0.989279
0.989562
0.989936
0.99038
0.990888
0.991445
0.99204
0.992655
0.99328
0.9939
0.994504
0.99508
0.995617
0.996107
0.996538
0.996909
0.99722
0.997477
0.997682
0.997825
0.997877
0.997848
0.997686
0.99778
0.997759
0.997715
0.99763
0.997522
0.997397
0.997265
0.997132
0.997003
0.99688
0.996768
0.996668
0.996585
0.996519
0.99647
0.996438
0.996422
0.996419
0.99643
0.996454
0.996488
0.996527
0.996574
0.996627
0.996688
0.996649
0.996914
0.997079
0.997171
0.997209
0.997238
0.997268
0.997304
0.997346
0.997389
0.997431
0.997471
0.997506
0.997533
0.997548
0.99755
0.997541
0.997516
0.997474
0.997419
0.997351
0.997271
0.997176
0.997068
0.99693
0.996725
0.996303
0.996364
0.996401
0.996437
0.996416
0.99637
0.996299
0.996218
0.996135
0.996055
0.995982
0.995918
0.995864
0.995821
0.99579
0.995771
0.995767
0.995773
0.995793
0.995823
0.995861
0.995901
0.995942
0.995982
0.996033
0.996035
0.996219
0.996326
0.996414
0.99649
0.99657
0.99664
0.996689
0.996714
0.996717
0.99671
0.996693
0.996663
0.996622
0.996573
0.996515
0.996452
0.996384
0.996313
0.996238
0.996159
0.996074
0.995982
0.995889
0.995787
0.995559
0.99566
0.995723
0.995783
0.995832
0.995889
0.995959
0.996029
0.996092
0.996148
0.996199
0.996247
0.996294
0.996344
0.996399
0.99646
0.996526
0.996598
0.996673
0.99675
0.996823
0.996891
0.996945
0.996981
0.996998
0.996986
0.996833
0.996965
0.997048
0.997149
0.99725
0.997353
0.997438
0.997501
0.997539
0.997557
0.997563
0.99756
0.997551
0.997536
0.997522
0.997513
0.997515
0.997525
0.997546
0.997579
0.997623
0.997672
0.997723
0.997783
0.99785
0.997842
0.99799
0.998163
0.998343
0.998533
0.998727
0.998911
0.999076
0.99922
0.999347
0.999462
0.999563
0.999647
0.999715
0.999768
0.999812
0.999849
0.999882
0.999912
0.99994
0.999963
0.999981
0.999991
0.999988
0.999988
0.999992
1
1.00002
1.00029
1.00039
1.00048
1.00054
1.00059
1.00064
1.00068
1.00071
1.00075
1.00078
1.00081
1.00084
1.00087
1.00091
1.00095
1.00099
1.00103
1.00107
1.00112
1.00118
1.00124
1.00131
1.00136
1.00136
1.00122
0.998987
0.998132
0.997231
0.996311
0.995394
0.994499
0.993642
0.992853
0.992161
0.991584
0.991117
0.990741
0.990451
0.990285
0.990254
0.99029
0.990403
0.990593
0.990845
0.991107
0.991527
0.991949
0.992384
0.992819
0.993266
0.993712
0.994156
0.994588
0.995005
0.995403
0.995777
0.99612
0.99643
0.996702
0.996935
0.997131
0.997291
0.99741
0.997489
0.997526
0.997526
0.997498
0.99742
0.99728
0.997028
0.99718
0.997153
0.997125
0.997069
0.997006
0.996938
0.996873
0.996815
0.996766
0.996728
0.996702
0.996685
0.996678
0.99668
0.996691
0.99671
0.996733
0.996758
0.996786
0.996815
0.996846
0.996875
0.996905
0.996931
0.996956
0.996883
0.997207
0.997325
0.997334
0.997304
0.997269
0.997239
0.997218
0.997202
0.997188
0.997173
0.997157
0.997135
0.997108
0.997075
0.997035
0.996988
0.996935
0.996876
0.996812
0.996742
0.996668
0.996584
0.996491
0.996369
0.996185
0.995788
0.995932
0.996057
0.996153
0.996156
0.99614
0.996103
0.996056
0.996008
0.995965
0.995928
0.995899
0.995878
0.995866
0.995862
0.995865
0.995876
0.995892
0.995913
0.995935
0.995956
0.995972
0.995981
0.995979
0.995966
0.995907
0.996071
0.996146
0.996208
0.996257
0.9963
0.99632
0.996315
0.996298
0.996271
0.996238
0.996202
0.996165
0.996128
0.996091
0.996055
0.996021
0.995989
0.995958
0.995927
0.995894
0.995858
0.995818
0.995777
0.995725
0.995581
0.995738
0.995853
0.995947
0.996015
0.996079
0.996145
0.996202
0.996243
0.996276
0.996304
0.996333
0.996367
0.996408
0.996455
0.996508
0.996566
0.996627
0.996687
0.996746
0.996799
0.996844
0.996877
0.996896
0.996895
0.996868
0.996709
0.996867
0.996984
0.997117
0.99724
0.99735
0.997433
0.997492
0.997526
0.997546
0.997561
0.997576
0.997594
0.99762
0.997654
0.997698
0.997753
0.997817
0.99789
0.997966
0.998043
0.998122
0.998202
0.998282
0.998353
0.99833
0.998544
0.998725
0.998914
0.999091
0.999255
0.999398
0.999513
0.999607
0.999686
0.999755
0.999814
0.999863
0.999907
0.999948
0.999987
1.00003
1.00007
1.00011
1.00015
1.00018
1.00022
1.00024
1.00026
1.00028
1.00031
1.00034
1.00038
1.00072
1.00086
1.00096
1.00101
1.00105
1.00108
1.00111
1.00113
1.00115
1.00118
1.0012
1.00123
1.00126
1.0013
1.00134
1.00139
1.00144
1.00148
1.00153
1.00158
1.00163
1.00169
1.00172
1.0017
1.0015
0.995985
0.994902
0.993892
0.992983
0.992201
0.99156
0.991072
0.990763
0.99063
0.99063
0.990708
0.990913
0.991235
0.991632
0.992068
0.992514
0.992957
0.993383
0.993778
0.994089
0.994552
0.994931
0.995267
0.995557
0.995822
0.99606
0.996274
0.996467
0.996638
0.996788
0.996916
0.997021
0.997104
0.997166
0.997206
0.997224
0.997224
0.997209
0.997179
0.997136
0.997082
0.997013
0.996914
0.996773
0.99656
0.996822
0.996814
0.99683
0.996823
0.996812
0.996799
0.996789
0.996785
0.996789
0.996798
0.996812
0.99683
0.996848
0.996866
0.996885
0.996902
0.996917
0.996929
0.996939
0.996945
0.996949
0.996951
0.996953
0.996946
0.996938
0.996848
0.997206
0.997242
0.99719
0.997102
0.997021
0.996953
0.996898
0.996853
0.996813
0.996776
0.99674
0.996704
0.996665
0.996623
0.996579
0.996533
0.996485
0.996435
0.996384
0.99633
0.996274
0.99621
0.996134
0.996027
0.995867
0.995537
0.99577
0.995948
0.996048
0.996053
0.996035
0.996
0.995962
0.995927
0.995899
0.995879
0.995866
0.99586
0.99586
0.995865
0.995872
0.995881
0.995891
0.995899
0.995903
0.995901
0.995891
0.995872
0.995838
0.995779
0.995691
0.995868
0.995953
0.996004
0.996025
0.996027
0.99601
0.995979
0.995945
0.995911
0.995884
0.995862
0.995846
0.995834
0.995827
0.995824
0.995824
0.995826
0.995828
0.99583
0.995829
0.995825
0.995818
0.995801
0.995767
0.995689
0.995899
0.996036
0.996122
0.996171
0.996206
0.996236
0.996259
0.996271
0.996285
0.996304
0.996331
0.996369
0.996414
0.996465
0.996519
0.996574
0.996629
0.996682
0.996731
0.996774
0.996809
0.996838
0.996857
0.996853
0.996818
0.996704
0.996917
0.997086
0.997242
0.997363
0.997453
0.997512
0.997551
0.99758
0.997608
0.997645
0.997692
0.997751
0.997822
0.997902
0.997989
0.998081
0.998177
0.998275
0.99837
0.998462
0.99855
0.998634
0.998704
0.998751
0.998737
0.999001
0.999204
0.999381
0.999521
0.999632
0.99972
0.999787
0.999841
0.999888
0.999933
0.999977
1.00002
1.00007
1.00012
1.00017
1.00023
1.00028
1.00033
1.00039
1.00044
1.00048
1.00052
1.00056
1.00059
1.00063
1.00068
1.00073
1.00112
1.00127
1.00135
1.00137
1.00138
1.00138
1.00139
1.0014
1.00142
1.00144
1.00147
1.0015
1.00154
1.00159
1.00165
1.0017
1.00175
1.0018
1.00184
1.00189
1.00194
1.00199
1.002
1.00195
1.00172
0.992675
0.991777
0.991072
0.990572
0.990283
0.990191
0.990256
0.9905
0.990891
0.991374
0.99192
0.99251
0.993111
0.993693
0.994235
0.994723
0.99515
0.995505
0.995787
0.99596
0.996345
0.996554
0.996718
0.996835
0.99693
0.997003
0.99706
0.997102
0.997131
0.997148
0.997151
0.997144
0.997125
0.997096
0.99706
0.997018
0.996972
0.996925
0.996877
0.99683
0.99678
0.99672
0.996636
0.996517
0.996369
0.996703
0.996694
0.996743
0.996762
0.996778
0.996791
0.996807
0.996826
0.996849
0.996873
0.996896
0.996917
0.996935
0.996948
0.996958
0.996963
0.996963
0.996959
0.99695
0.996939
0.996925
0.996909
0.996891
0.996864
0.996836
0.996775
0.99711
0.997098
0.997001
0.996883
0.996785
0.996705
0.996642
0.996592
0.996549
0.996511
0.996474
0.996438
0.9964
0.996362
0.996323
0.996284
0.996244
0.996205
0.996165
0.996124
0.996079
0.996026
0.995956
0.995853
0.995703
0.99548
0.995774
0.995941
0.99601
0.995999
0.995968
0.995927
0.995889
0.99586
0.99584
0.995828
0.995824
0.995824
0.995827
0.995832
0.995837
0.99584
0.995841
0.995837
0.995828
0.995812
0.995788
0.995752
0.995697
0.995617
0.995544
0.995762
0.995845
0.995875
0.995866
0.995843
0.995807
0.995769
0.995739
0.995717
0.995706
0.995703
0.995707
0.995717
0.995731
0.995747
0.995766
0.995785
0.995803
0.995819
0.995832
0.995842
0.995844
0.99583
0.995798
0.995768
0.99603
0.996151
0.996207
0.996222
0.996227
0.996229
0.996232
0.996236
0.99625
0.996276
0.996314
0.99636
0.996412
0.996466
0.996521
0.996574
0.996626
0.996675
0.996721
0.996761
0.996796
0.996827
0.996847
0.99684
0.996804
0.996747
0.997034
0.997226
0.99737
0.997462
0.997521
0.997558
0.997589
0.997623
0.99767
0.997733
0.99781
0.9979
0.998
0.998104
0.998211
0.998319
0.998425
0.998528
0.998626
0.998718
0.998803
0.998878
0.99893
0.998957
0.998973
0.9993
0.999498
0.999642
0.999737
0.999805
0.999855
0.999896
0.999933
0.999972
1.00002
1.00007
1.00012
1.00018
1.00024
1.00031
1.00037
1.00043
1.00049
1.00055
1.0006
1.00065
1.0007
1.00074
1.00079
1.00083
1.00089
1.00098
1.00139
1.00151
1.00154
1.00153
1.00151
1.0015
1.0015
1.00151
1.00153
1.00156
1.0016
1.00165
1.0017
1.00176
1.00182
1.00187
1.00192
1.00197
1.00201
1.00206
1.00211
1.00215
1.00215
1.00206
1.00182
)
;

boundaryField
{
    inlet
    {
        type            fixedValue;
        value           uniform 1;
    }
    outlet
    {
        type            zeroGradient;
    }
    walls
    {
        type            zeroGradient;
    }
    symwall
    {
        type            empty;
    }
}


// ************************************************************************* //
