/*--------------------------------*- C++ -*----------------------------------*\
| =========                 |                                                 |
| \\      /  F ield         | OpenFOAM: The Open Source CFD Toolbox           |
|  \\    /   O peration     | Version:  2312                                  |
|   \\  /    A nd           | Website:  www.openfoam.com                      |
|    \\/     M anipulation  |                                                 |
\*---------------------------------------------------------------------------*/
FoamFile
{
    version     2.0;
    format      ascii;
    arch        "LSB;label=64;scalar=64";
    class       volScalarField;
    location    "0.1";
    object      H2O;
}
// * * * * * * * * * * * * * * * * * * * * * * * * * * * * * * * * * * * * * //

dimensions      [0 0 0 0 0 0 0];

internalField   nonuniform List<scalar> 
4000
(
3.84241e-17
1.28081e-16
2.43208e-16
3.99583e-16
6.19236e-16
9.33472e-16
1.38715e-15
2.0448e-15
2.99935e-15
4.38463e-15
6.39328e-15
9.30232e-15
1.35097e-14
1.95865e-14
2.83516e-14
4.09779e-14
5.91447e-14
8.5254e-14
1.2274e-13
1.76512e-13
2.53583e-13
3.63968e-13
5.21968e-13
7.47998e-13
1.07119e-12
1.53311e-12
2.193e-12
3.13531e-12
4.48022e-12
6.39865e-12
9.13322e-12
1.30277e-11
1.85678e-11
2.64381e-11
3.75988e-11
5.33912e-11
7.56778e-11
1.07027e-10
1.50949e-10
2.12198e-10
2.97124e-10
4.14091e-10
5.73903e-10
7.90199e-10
1.07968e-09
1.46205e-09
1.95931e-09
2.59438e-09
3.38857e-09
4.35828e-09
5.51169e-09
6.84766e-09
8.3614e-09
1.0065e-08
1.20353e-08
1.45089e-08
1.80579e-08
2.38972e-08
3.44273e-08
5.42212e-08
9.18364e-08
1.63117e-07
2.97021e-07
5.45796e-07
1.00116e-06
1.81781e-06
3.24628e-06
5.67038e-06
9.64705e-06
1.59412e-05
2.55296e-05
3.95421e-05
5.90842e-05
8.48807e-05
0.000116737
0.000152949
0.000189941
0.000221314
0.00024334
0.000252437
0.000246967
0.000228344
0.000200439
0.000165072
0.000129995
9.86434e-05
7.26253e-05
5.21726e-05
3.67389e-05
2.5863e-05
1.81831e-05
1.26808e-05
8.77598e-06
6.02076e-06
4.08217e-06
2.71751e-06
1.75216e-06
1.06165e-06
5.57729e-07
1.6415e-07
4.65948e-17
1.55546e-16
2.96111e-16
4.88187e-16
7.59703e-16
1.1506e-15
1.71849e-15
2.5468e-15
3.75647e-15
5.52287e-15
8.10008e-15
1.1856e-14
1.73226e-14
2.52685e-14
3.68033e-14
5.35271e-14
7.77459e-14
1.1278e-13
1.6341e-13
2.36508e-13
3.41961e-13
4.93971e-13
7.12945e-13
1.02818e-12
1.48172e-12
2.13387e-12
3.07104e-12
4.41697e-12
6.34856e-12
9.1184e-12
1.30864e-11
1.87641e-11
2.68763e-11
3.84465e-11
5.49127e-11
7.8285e-11
1.11353e-10
1.5796e-10
2.23344e-10
3.14565e-10
4.40996e-10
6.14861e-10
8.51752e-10
1.17099e-09
1.59565e-09
2.15192e-09
2.8675e-09
3.7685e-09
4.87482e-09
6.19416e-09
7.71621e-09
9.41021e-09
1.1232e-08
1.31496e-08
1.52014e-08
1.75874e-08
2.08836e-08
2.6382e-08
3.6549e-08
5.59824e-08
9.31501e-08
1.63564e-07
2.9546e-07
5.39121e-07
9.81956e-07
1.77137e-06
3.14448e-06
5.46217e-06
9.24958e-06
1.52257e-05
2.43082e-05
3.75593e-05
5.60206e-05
8.03827e-05
0.000110487
0.000144778
0.000180001
0.000211167
0.000232336
0.00024132
0.000236354
0.000218662
0.000191849
0.000158047
0.000124557
9.46065e-05
6.97264e-05
5.01466e-05
3.53582e-05
2.4962e-05
1.75815e-05
1.228e-05
8.51009e-06
5.84539e-06
3.96762e-06
2.64388e-06
1.70621e-06
1.03461e-06
5.43868e-07
1.60145e-07
6.28844e-17
2.1021e-16
4.01116e-16
6.63468e-16
1.0366e-15
1.57712e-15
2.36721e-15
3.52662e-15
5.23015e-15
7.73287e-15
1.14069e-14
1.67943e-14
2.46846e-14
3.62258e-14
5.3086e-14
7.76868e-14
1.13541e-13
1.65739e-13
2.41655e-13
3.51962e-13
5.12095e-13
7.44371e-13
1.08102e-12
1.56859e-12
2.27418e-12
3.29449e-12
4.76872e-12
6.89688e-12
9.96597e-12
1.43868e-11
2.07461e-11
2.98788e-11
4.29691e-11
6.1688e-11
8.83809e-11
1.26317e-10
1.80017e-10
2.55671e-10
3.61653e-10
5.0913e-10
7.12733e-10
9.91209e-10
1.36791e-09
1.87091e-09
2.53227e-09
3.38622e-09
4.46534e-09
5.79468e-09
7.38354e-09
9.21604e-09
1.12431e-08
1.33815e-08
1.55277e-08
1.75892e-08
1.95953e-08
2.16318e-08
2.43459e-08
2.92938e-08
3.90361e-08
5.82513e-08
9.54192e-08
1.65893e-07
2.97316e-07
5.38695e-07
9.74559e-07
1.74622e-06
3.078e-06
5.31155e-06
8.94024e-06
1.46368e-05
2.32568e-05
3.57865e-05
5.3188e-05
7.60919e-05
0.000104336
0.000136456
0.000169395
0.000198725
0.000218832
0.000227437
0.000222895
0.000206333
0.000181103
0.000149311
0.000117773
8.95337e-05
6.6047e-05
4.75451e-05
3.35598e-05
2.37262e-05
1.6733e-05
1.17024e-05
8.11987e-06
5.58405e-06
3.79456e-06
2.53127e-06
1.63511e-06
9.92307e-07
5.21942e-07
1.53738e-07
8.76896e-17
2.93407e-16
5.60785e-16
9.29713e-16
1.45675e-15
2.22369e-15
3.34986e-15
5.01006e-15
7.46069e-15
1.10779e-14
1.64133e-14
2.42748e-14
3.58449e-14
5.28528e-14
7.78242e-14
1.14445e-13
1.68091e-13
2.46593e-13
3.61351e-13
5.28948e-13
7.73488e-13
1.12998e-12
1.6492e-12
2.4048e-12
3.50336e-12
5.09904e-12
7.4144e-12
1.07701e-11
1.56273e-11
2.26472e-11
3.27745e-11
4.73547e-11
6.82936e-11
9.82767e-11
1.41062e-10
2.01866e-10
2.8786e-10
4.08786e-10
5.77694e-10
8.11763e-10
1.13312e-09
1.56953e-09
2.15458e-09
2.9271e-09
3.9291e-09
5.20154e-09
6.77737e-09
8.67153e-09
1.08684e-08
1.33093e-08
1.5885e-08
1.8435e-08
2.07962e-08
2.27006e-08
2.40288e-08
2.53216e-08
2.74926e-08
3.18081e-08
4.10619e-08
6.0018e-08
9.71621e-08
1.67717e-07
2.98927e-07
5.38842e-07
9.70005e-07
1.72778e-06
3.02785e-06
5.19572e-06
8.69848e-06
1.41693e-05
2.24082e-05
3.43302e-05
5.08159e-05
7.24219e-05
9.89529e-05
0.000129
0.000159684
0.000186877
0.000205534
0.000213414
0.000209033
0.000193448
0.000169781
0.000140006
0.000110479
8.40332e-05
6.20271e-05
4.46815e-05
3.15628e-05
2.23407e-05
1.57716e-05
1.10412e-05
7.6689e-06
5.27926e-06
3.59099e-06
2.3977e-06
1.55013e-06
9.414e-07
4.95424e-07
1.45968e-07
1.21763e-16
4.07689e-16
7.80094e-16
1.2954e-15
2.03388e-15
3.11206e-15
4.70059e-15
7.05046e-15
1.05313e-14
1.56875e-14
2.33208e-14
3.46105e-14
5.12897e-14
7.59037e-14
1.12186e-13
1.65609e-13
2.44185e-13
3.59637e-13
5.29101e-13
7.776e-13
1.14165e-12
1.67446e-12
2.45351e-12
3.59148e-12
5.25198e-12
7.67216e-12
1.11952e-11
1.63163e-11
2.37484e-11
3.45143e-11
5.00756e-11
7.2511e-11
1.04761e-10
1.50955e-10
2.16852e-10
3.10399e-10
4.42446e-10
6.27599e-10
8.85194e-10
1.24031e-09
1.72467e-09
2.37705e-09
3.24291e-09
4.37236e-09
5.81588e-09
7.61668e-09
9.79932e-09
1.23548e-08
1.5224e-08
1.82815e-08
2.13425e-08
2.40674e-08
2.60509e-08
2.73196e-08
2.80398e-08
2.86147e-08
2.99574e-08
3.36878e-08
4.25691e-08
6.14619e-08
9.8913e-08
1.7013e-07
3.02184e-07
5.42359e-07
9.7115e-07
1.72077e-06
2.99875e-06
5.11709e-06
8.51986e-06
1.3805e-05
2.17223e-05
3.31206e-05
4.88022e-05
6.92481e-05
9.42206e-05
0.000122347
0.000150904
0.000175932
0.000193048
0.000200057
0.000195659
0.000180886
0.000158654
0.000130796
0.000103215
7.85281e-05
5.79882e-05
4.17953e-05
2.9544e-05
2.0929e-05
1.4787e-05
1.03605e-05
7.20211e-06
4.962e-06
3.37785e-06
2.25704e-06
1.46014e-06
8.87217e-07
4.67085e-07
1.37643e-07
1.65909e-16
5.55775e-16
1.06433e-15
1.76952e-15
2.78254e-15
4.26528e-15
6.45555e-15
9.7042e-15
1.45296e-14
2.16978e-14
3.23405e-14
4.81279e-14
7.15233e-14
1.06156e-13
1.57368e-13
2.33017e-13
3.44642e-13
5.09187e-13
7.5149e-13
1.10794e-12
1.63178e-12
2.40082e-12
3.52863e-12
5.18073e-12
7.59789e-12
1.11297e-11
1.62825e-11
2.37875e-11
3.46975e-11
5.05221e-11
7.34156e-11
1.06436e-10
1.53897e-10
2.21833e-10
3.18611e-10
4.55708e-10
6.48654e-10
9.1814e-10
1.2912e-09
1.80232e-09
2.49417e-09
3.41752e-09
4.6296e-09
6.19002e-09
8.15323e-09
1.05566e-08
1.34042e-08
1.66469e-08
2.01608e-08
2.36821e-08
2.67629e-08
2.919e-08
3.08323e-08
3.15741e-08
3.15541e-08
3.12876e-08
3.18135e-08
3.49245e-08
4.34801e-08
6.24226e-08
1.00334e-07
1.72423e-07
3.05555e-07
5.46569e-07
9.747e-07
1.71908e-06
2.98116e-06
5.06076e-06
8.38217e-06
1.35123e-05
2.11559e-05
3.2101e-05
4.70764e-05
6.64898e-05
9.00589e-05
0.000116441
0.000143065
0.000165752
0.000181461
0.000187581
0.000183065
0.000168962
0.00014802
0.000121929
9.61774e-05
7.31662e-05
5.40367e-05
3.89605e-05
2.75539e-05
1.95344e-05
1.38113e-05
9.68387e-06
6.73667e-06
4.64464e-06
3.16396e-06
2.11544e-06
1.36928e-06
8.32367e-07
4.38343e-07
1.29193e-07
2.20719e-16
7.39669e-16
1.41741e-15
2.35873e-15
3.7135e-15
5.70041e-15
8.6415e-15
1.30131e-14
1.95206e-14
2.92096e-14
4.36281e-14
6.50676e-14
9.69161e-14
1.44179e-13
2.14244e-13
3.18001e-13
4.71492e-13
6.9832e-13
1.03317e-12
1.52698e-12
2.2544e-12
3.32475e-12
4.89784e-12
7.20684e-12
1.05913e-11
1.55445e-11
2.2781e-11
3.33324e-11
4.86827e-11
7.09564e-11
1.03179e-10
1.49632e-10
2.1633e-10
3.11644e-10
4.47112e-10
6.3843e-10
9.06636e-10
1.27942e-09
1.79244e-09
2.49031e-09
3.42694e-09
4.66438e-09
6.2694e-09
8.30651e-09
1.08264e-08
1.38493e-08
1.73439e-08
2.12062e-08
2.50535e-08
2.86167e-08
3.16936e-08
3.39428e-08
3.51116e-08
3.51319e-08
3.42398e-08
3.30862e-08
3.2853e-08
3.54395e-08
4.38392e-08
6.30394e-08
1.01627e-07
1.74812e-07
3.09469e-07
5.5218e-07
9.81245e-07
1.72334e-06
2.97462e-06
5.02422e-06
8.27931e-06
1.32789e-05
2.06869e-05
3.12356e-05
4.55855e-05
6.40748e-05
8.63769e-05
0.000111169
0.000135988
0.000156583
0.000170847
0.000176069
0.000171375
0.000157835
0.000138049
0.000113576
8.95198e-05
6.80755e-05
5.02734e-05
3.62533e-05
2.56488e-05
1.81957e-05
1.28725e-05
9.03136e-06
6.28678e-06
4.33718e-06
2.95626e-06
1.97762e-06
1.28065e-06
7.7877e-07
4.10219e-07
1.20917e-07
2.86298e-16
9.59737e-16
1.84004e-15
3.06429e-15
4.82888e-15
7.42094e-15
1.12641e-14
1.69862e-14
2.55191e-14
3.82463e-14
5.7221e-14
8.54881e-14
1.2756e-13
1.90114e-13
2.83027e-13
4.20888e-13
6.25223e-13
9.27761e-13
1.37521e-12
2.03622e-12
3.01161e-12
4.44909e-12
6.56478e-12
9.67419e-12
1.42368e-11
2.092e-11
3.06898e-11
4.49393e-11
6.56689e-11
9.57358e-11
1.39196e-10
2.01768e-10
2.91443e-10
4.19281e-10
6.00409e-10
8.55227e-10
1.21078e-09
1.7022e-09
2.37396e-09
3.28056e-09
4.48604e-09
6.0613e-09
8.07819e-09
1.05989e-08
1.36593e-08
1.72458e-08
2.12661e-08
2.53986e-08
2.94977e-08
3.32171e-08
3.61789e-08
3.80262e-08
3.85284e-08
3.76969e-08
3.58919e-08
3.3908e-08
3.30567e-08
3.53317e-08
4.37561e-08
6.33335e-08
1.02705e-07
1.77138e-07
3.13558e-07
5.58422e-07
9.89315e-07
1.73085e-06
2.97445e-06
5.0009e-06
8.2011e-06
1.30893e-05
2.02925e-05
3.0492e-05
4.42853e-05
6.19446e-05
8.30971e-05
0.000106424
0.000129536
0.000148439
0.000161241
0.000165559
0.000160646
0.000147578
0.000128824
0.000105817
8.33145e-05
6.33157e-05
4.67447e-05
3.37084e-05
2.38533e-05
1.69322e-05
1.19847e-05
8.41311e-06
5.85974e-06
4.04482e-06
2.75843e-06
1.84615e-06
1.19598e-06
7.27508e-07
3.83297e-07
1.12993e-07
3.62106e-16
1.21416e-15
2.32874e-15
3.88037e-15
6.11945e-15
9.41261e-15
1.43016e-14
2.15907e-14
3.24751e-14
4.87324e-14
7.30047e-14
1.09216e-13
1.63191e-13
2.43561e-13
3.63111e-13
5.4075e-13
8.04413e-13
1.19532e-12
1.77421e-12
2.63044e-12
3.89527e-12
5.76115e-12
8.50964e-12
1.25517e-11
1.84855e-11
2.71791e-11
3.98873e-11
5.84162e-11
8.53531e-11
1.24382e-10
1.80714e-10
2.6166e-10
3.77383e-10
5.41854e-10
7.74028e-10
1.09922e-09
1.55061e-09
2.17068e-09
3.01224e-09
4.13859e-09
5.62183e-09
7.53834e-09
9.96015e-09
1.29407e-08
1.64945e-08
2.0571e-08
2.50261e-08
2.94238e-08
3.36438e-08
3.72794e-08
3.99047e-08
4.11614e-08
4.08708e-08
3.91463e-08
3.64812e-08
3.38007e-08
3.25144e-08
3.46622e-08
4.32944e-08
6.34167e-08
1.03702e-07
1.7952e-07
3.17919e-07
5.65343e-07
9.98865e-07
1.7414e-06
2.98035e-06
4.98838e-06
8.14256e-06
1.29347e-05
1.99584e-05
2.98483e-05
4.31432e-05
6.00533e-05
8.01592e-05
0.000102142
0.000123695
0.00014108
0.000152567
0.00015604
0.000150901
0.00013824
0.000120394
9.87104e-05
7.76177e-05
5.89368e-05
4.34918e-05
3.13576e-05
2.21917e-05
1.57608e-05
1.11601e-05
7.83792e-06
5.46179e-06
3.77195e-06
2.57351e-06
1.72309e-06
1.11664e-06
6.79424e-07
3.58026e-07
1.05551e-07
4.46848e-16
1.4986e-15
2.87513e-15
4.7929e-15
7.56284e-15
1.16407e-14
1.77008e-14
2.6745e-14
4.02646e-14
6.04794e-14
9.06931e-14
1.35818e-13
2.0315e-13
3.03517e-13
4.5297e-13
6.75266e-13
1.00553e-12
1.49563e-12
2.22201e-12
3.29717e-12
4.8864e-12
7.23197e-12
1.06882e-11
1.57719e-11
2.32345e-11
3.41647e-11
5.01337e-11
7.33976e-11
1.07179e-10
1.5605e-10
2.26452e-10
3.27375e-10
4.71244e-10
6.75019e-10
9.61515e-10
1.36091e-09
1.91226e-09
2.66485e-09
3.67886e-09
5.02467e-09
6.77985e-09
9.02265e-09
1.18205e-08
1.52125e-08
1.91854e-08
2.36443e-08
2.82793e-08
3.28947e-08
3.71216e-08
4.05236e-08
4.26685e-08
4.32315e-08
4.21137e-08
3.95451e-08
3.61462e-08
3.29525e-08
3.1437e-08
3.36461e-08
4.26319e-08
6.33933e-08
1.04655e-07
1.81915e-07
3.2239e-07
5.72585e-07
1.0092e-06
1.75368e-06
2.98988e-06
4.98338e-06
8.09859e-06
1.28074e-05
1.96728e-05
2.9287e-05
4.21349e-05
5.83687e-05
7.7526e-05
9.82891e-05
0.00011843
0.000134446
0.000144761
0.000147483
0.000142159
0.000129928
0.000112688
9.22516e-05
7.24461e-05
5.49592e-05
4.05334e-05
2.92166e-05
2.06759e-05
1.46907e-05
1.04056e-05
7.31082e-06
5.09657e-06
3.52117e-06
2.40334e-06
1.60971e-06
1.04347e-06
6.35041e-07
3.34687e-07
9.86764e-08
5.38496e-16
1.80622e-15
3.46606e-15
5.77983e-15
9.12399e-15
1.40508e-14
2.13779e-14
3.23216e-14
4.86932e-14
7.3192e-14
1.09837e-13
1.64611e-13
2.46403e-13
3.68416e-13
5.50229e-13
8.2084e-13
1.22313e-12
1.82043e-12
2.7061e-12
4.01752e-12
5.95642e-12
8.81836e-12
1.30353e-11
1.92364e-11
2.83353e-11
4.16537e-11
6.10941e-11
8.93818e-11
1.30397e-10
1.89624e-10
2.74755e-10
3.96471e-10
5.69443e-10
8.13553e-10
1.15533e-09
1.62948e-09
2.28043e-09
3.16337e-09
4.34444e-09
5.89906e-09
7.9075e-09
1.04461e-08
1.35734e-08
1.73092e-08
2.16086e-08
2.63319e-08
3.11284e-08
3.57745e-08
3.98488e-08
4.28859e-08
4.44599e-08
4.42971e-08
4.239e-08
3.90825e-08
3.51151e-08
3.16067e-08
3.00438e-08
3.24659e-08
4.19053e-08
6.33581e-08
1.05617e-07
1.84333e-07
3.2692e-07
5.7999e-07
1.01995e-06
1.76699e-06
3.00176e-06
4.98348e-06
8.06561e-06
1.27016e-05
1.9427e-05
2.87952e-05
4.1242e-05
5.68672e-05
7.517e-05
9.48365e-05
0.000113714
0.000128507
0.000137786
0.000139849
0.00013438
0.000122549
0.000105721
8.64403e-05
6.78037e-05
5.13913e-05
3.7879e-05
2.72936e-05
1.93141e-05
1.37279e-05
9.72582e-06
6.83519e-06
4.76656e-06
3.29427e-06
2.24919e-06
1.50689e-06
9.77048e-07
5.94724e-07
3.13475e-07
9.24268e-08
6.34373e-16
2.12804e-15
4.08421e-15
6.81215e-15
1.07568e-14
1.65713e-14
2.52233e-14
3.8153e-14
5.75065e-14
8.64836e-14
1.29851e-13
1.94707e-13
2.91606e-13
4.36224e-13
6.51817e-13
9.7283e-13
1.45021e-12
2.15918e-12
3.2106e-12
4.76756e-12
7.06938e-12
1.04664e-11
1.54701e-11
2.28244e-11
3.36081e-11
4.93782e-11
7.23711e-11
1.05781e-10
1.54141e-10
2.23835e-10
3.23773e-10
4.66269e-10
6.68128e-10
9.51967e-10
1.34771e-09
1.89413e-09
2.64025e-09
3.64611e-09
4.98228e-09
6.72725e-09
8.96149e-09
1.17568e-08
1.51597e-08
1.91694e-08
2.37096e-08
2.86017e-08
3.34523e-08
3.8012e-08
4.18257e-08
4.4417e-08
4.53848e-08
4.45175e-08
4.1899e-08
3.79913e-08
3.36353e-08
3.00053e-08
2.85416e-08
3.12654e-08
4.12048e-08
6.33548e-08
1.06591e-07
1.86729e-07
3.31395e-07
5.87336e-07
1.03075e-06
1.78069e-06
3.01503e-06
4.98733e-06
8.04096e-06
1.26131e-05
1.92146e-05
2.83641e-05
4.04527e-05
5.55338e-05
7.30735e-05
9.17633e-05
0.000109519
0.000123234
0.000131603
0.000133096
0.000127508
0.000116019
9.95334e-05
8.12782e-05
6.36856e-05
4.82293e-05
3.55268e-05
2.55873e-05
1.81098e-05
1.28746e-05
9.12225e-06
6.41229e-06
4.47274e-06
3.09201e-06
2.11162e-06
1.41504e-06
9.17667e-07
5.58656e-07
2.9449e-07
8.68321e-08
7.31335e-16
2.45348e-15
4.70925e-15
7.85581e-15
1.24072e-14
1.91185e-14
2.91088e-14
4.4044e-14
6.64081e-14
9.99051e-14
1.50056e-13
2.25081e-13
3.37208e-13
5.04602e-13
7.54205e-13
1.12593e-12
1.67879e-12
2.49989e-12
3.71756e-12
5.52045e-12
8.1852e-12
1.21163e-11
1.79037e-11
2.64043e-11
3.88581e-11
5.70513e-11
8.35435e-11
1.2198e-10
1.77518e-10
2.57391e-10
3.71655e-10
5.3413e-10
7.63576e-10
1.08507e-09
1.5315e-09
2.14514e-09
2.97876e-09
4.0961e-09
5.57073e-09
7.48244e-09
9.90982e-09
1.29179e-08
1.65401e-08
2.07536e-08
2.54514e-08
3.03447e-08
3.51975e-08
3.9608e-08
4.31056e-08
4.52216e-08
4.55921e-08
4.40717e-08
4.08443e-08
3.64781e-08
3.18968e-08
2.82341e-08
2.70034e-08
3.01227e-08
4.05813e-08
6.34066e-08
1.07571e-07
1.89063e-07
3.3572e-07
5.94434e-07
1.04123e-06
1.79419e-06
3.0287e-06
4.99328e-06
8.02241e-06
1.25388e-05
1.90312e-05
2.79871e-05
3.97586e-05
5.43581e-05
7.12239e-05
8.9054e-05
0.000105826
0.0001186
0.000126179
0.000127178
0.000121474
0.000110218
9.42041e-05
7.67817e-05
6.00891e-05
4.54671e-05
3.34722e-05
2.40969e-05
1.70583e-05
1.2129e-05
8.59435e-06
6.04201e-06
4.21521e-06
2.91453e-06
1.9908e-06
1.3343e-06
8.65425e-07
5.26906e-07
2.77771e-07
8.19042e-08
8.25975e-16
2.77111e-15
5.31918e-15
8.87402e-15
1.40171e-14
2.16025e-14
3.28966e-14
4.97852e-14
7.50805e-14
1.12977e-13
1.69726e-13
2.54639e-13
3.81564e-13
5.71074e-13
8.53679e-13
1.27456e-12
1.90052e-12
2.8301e-12
4.20839e-12
6.24853e-12
9.26281e-12
1.37074e-11
2.02466e-11
2.98441e-11
4.38918e-11
6.43909e-11
9.4202e-11
1.37389e-10
1.9968e-10
2.89086e-10
4.16692e-10
5.97668e-10
8.52486e-10
1.20834e-09
1.70064e-09
2.37446e-09
3.2855e-09
4.50012e-09
6.0935e-09
8.14508e-09
1.07299e-08
1.39046e-08
1.76881e-08
2.20362e-08
2.68144e-08
3.17152e-08
3.64776e-08
4.06735e-08
4.3821e-08
4.54642e-08
4.52778e-08
4.31861e-08
3.94704e-08
3.47812e-08
3.00761e-08
2.65336e-08
2.5574e-08
2.90992e-08
4.00592e-08
6.35119e-08
1.0853e-07
1.91273e-07
3.39782e-07
6.01089e-07
1.05108e-06
1.80699e-06
3.042e-06
5.00024e-06
8.00838e-06
1.24764e-05
1.88737e-05
2.76605e-05
3.91548e-05
5.33339e-05
6.9613e-05
8.66971e-05
0.000102619
0.000114584
0.000121487
0.000122063
0.000116259
0.00010521
8.96499e-05
7.2928e-05
5.70005e-05
4.30932e-05
3.17059e-05
2.28156e-05
1.6155e-05
1.14882e-05
8.14031e-06
5.72324e-06
3.99329e-06
2.76146e-06
1.8865e-06
1.26455e-06
8.20265e-07
4.99445e-07
2.63305e-07
7.76398e-08
9.14851e-16
3.06937e-15
5.89182e-15
9.82976e-15
1.55277e-14
2.39326e-14
3.64487e-14
5.51673e-14
8.32072e-14
1.25221e-13
1.88142e-13
2.82299e-13
4.23051e-13
6.33208e-13
9.466e-13
1.4133e-12
2.10731e-12
3.13776e-12
4.6652e-12
6.92535e-12
1.02632e-11
1.51822e-11
2.24147e-11
3.30212e-11
4.85314e-11
7.11401e-11
1.03978e-10
1.5148e-10
2.19883e-10
3.17876e-10
4.57442e-10
6.54903e-10
9.32183e-10
1.31823e-09
1.85048e-09
2.57622e-09
3.55327e-09
4.84965e-09
6.54111e-09
8.70574e-09
1.14141e-08
1.47145e-08
1.86121e-08
2.30441e-08
2.78538e-08
3.2721e-08
3.73541e-08
4.13097e-08
4.41044e-08
4.52994e-08
4.46091e-08
4.20399e-08
3.79615e-08
3.30973e-08
2.83634e-08
2.50008e-08
2.43309e-08
2.82381e-08
3.96498e-08
6.366e-08
1.09439e-07
1.93303e-07
3.43482e-07
6.07136e-07
1.06004e-06
1.81867e-06
3.05435e-06
5.00738e-06
7.99769e-06
1.24243e-05
1.874e-05
2.73816e-05
3.86381e-05
5.24572e-05
6.82351e-05
8.46841e-05
9.98851e-05
0.000111167
0.000117501
0.000117725
0.00011184
0.000100973
8.58206e-05
6.96866e-05
5.44001e-05
4.10935e-05
3.02177e-05
2.17361e-05
1.53939e-05
1.09481e-05
7.75744e-06
5.45426e-06
3.80589e-06
2.63211e-06
1.79829e-06
1.20552e-06
7.82027e-07
4.76184e-07
2.51048e-07
7.4026e-08
9.94696e-16
3.3373e-15
6.40614e-15
1.06879e-14
1.68838e-14
2.60236e-14
3.96352e-14
5.99935e-14
9.04918e-14
1.36191e-13
2.04635e-13
3.07058e-13
4.60165e-13
6.8876e-13
1.02962e-12
1.53716e-12
2.29178e-12
3.41194e-12
5.07189e-12
7.52718e-12
1.11516e-11
1.64901e-11
2.43342e-11
3.58292e-11
5.26241e-11
7.70808e-11
1.12562e-10
1.63821e-10
2.37524e-10
3.42934e-10
4.9278e-10
7.0434e-10
1.00071e-09
1.41225e-09
1.97798e-09
2.74683e-09
3.7781e-09
5.14077e-09
6.91053e-09
9.16356e-09
1.1966e-08
1.5358e-08
1.93327e-08
2.38113e-08
2.8618e-08
3.34236e-08
3.79119e-08
4.1629e-08
4.40937e-08
4.48831e-08
4.3763e-08
4.08153e-08
3.64761e-08
3.15059e-08
2.68474e-08
2.36882e-08
2.32949e-08
2.75427e-08
3.93437e-08
6.383e-08
1.10262e-07
1.95096e-07
3.46725e-07
6.1242e-07
1.06785e-06
1.82889e-06
3.06524e-06
5.01401e-06
7.98948e-06
1.23815e-05
1.86288e-05
2.71489e-05
3.82066e-05
5.17253e-05
6.70861e-05
8.30083e-05
9.76129e-05
0.000108331
0.000114199
0.000114136
0.000108189
9.74786e-05
8.26797e-05
6.70302e-05
5.22679e-05
3.94526e-05
2.89961e-05
2.08499e-05
1.4769e-05
1.05045e-05
7.44285e-06
5.23313e-06
3.65174e-06
2.52564e-06
1.72565e-06
1.15688e-06
7.50505e-07
4.57001e-07
2.40938e-07
7.10448e-08
1.06258e-15
3.56509e-15
6.84333e-15
1.14173e-14
1.80359e-14
2.77997e-14
4.23408e-14
6.409e-14
9.66725e-14
1.45495e-13
2.18617e-13
3.28038e-13
4.91597e-13
7.3578e-13
1.09984e-12
1.64186e-12
2.44758e-12
3.64332e-12
5.41476e-12
8.03406e-12
1.1899e-11
1.75889e-11
2.59447e-11
3.81814e-11
5.60465e-11
8.20392e-11
1.19712e-10
1.74076e-10
2.52147e-10
3.63647e-10
5.21902e-10
7.44941e-10
1.05679e-09
1.48887e-09
2.08141e-09
2.88451e-09
3.95852e-09
5.37291e-09
7.20297e-09
9.52296e-09
1.23949e-08
1.58523e-08
1.98786e-08
2.43836e-08
2.91466e-08
3.38889e-08
3.82421e-08
4.1748e-08
4.39297e-08
4.43798e-08
4.29222e-08
3.96951e-08
3.51832e-08
3.0173e-08
2.55994e-08
2.26294e-08
2.2475e-08
2.70066e-08
3.91256e-08
6.39995e-08
1.10966e-07
1.966e-07
3.49429e-07
6.16819e-07
1.07435e-06
1.83738e-06
3.07433e-06
5.01971e-06
7.98324e-06
1.23473e-05
1.85396e-05
2.69618e-05
3.78594e-05
5.11369e-05
6.61636e-05
8.16646e-05
9.57938e-05
0.000106065
0.000111564
0.000111275
0.000105283
9.47034e-05
8.01929e-05
6.49293e-05
5.05816e-05
3.81547e-05
2.80295e-05
2.01485e-05
1.42742e-05
1.01532e-05
7.19364e-06
5.05789e-06
3.52952e-06
2.44118e-06
1.668e-06
1.11827e-06
7.25469e-07
4.41762e-07
2.32904e-07
6.86758e-08
1.11607e-15
3.74454e-15
7.18769e-15
1.19916e-14
1.8943e-14
2.91975e-14
4.44697e-14
6.73123e-14
1.01533e-13
1.52809e-13
2.29604e-13
3.44516e-13
5.16274e-13
7.72677e-13
1.15492e-12
1.72392e-12
2.56962e-12
3.82444e-12
5.68294e-12
8.43016e-12
1.24824e-11
1.84459e-11
2.71992e-11
4.00114e-11
5.87053e-11
8.58854e-11
1.25248e-10
1.82003e-10
2.63428e-10
3.79592e-10
5.44266e-10
7.76043e-10
1.09962e-09
1.54722e-09
2.15991e-09
2.98864e-09
4.09441e-09
5.547e-09
7.42119e-09
9.78965e-09
1.27111e-08
1.62133e-08
2.02712e-08
2.47817e-08
2.95023e-08
3.41802e-08
3.84204e-08
4.17576e-08
4.37125e-08
4.39053e-08
4.22002e-08
3.87777e-08
3.41562e-08
2.91381e-08
2.46473e-08
2.1835e-08
2.18686e-08
2.66184e-08
3.89788e-08
6.41472e-08
1.11522e-07
1.97769e-07
3.51521e-07
6.20213e-07
1.07935e-06
1.8439e-06
3.0813e-06
5.02407e-06
7.97848e-06
1.23213e-05
1.84717e-05
2.68196e-05
3.7596e-05
5.06911e-05
6.54655e-05
8.06492e-05
9.44208e-05
0.000104356
0.000109579
0.000109123
0.000103101
9.26235e-05
7.83341e-05
6.33609e-05
4.93232e-05
3.71859e-05
2.7308e-05
1.96249e-05
1.39047e-05
9.89071e-06
7.00737e-06
4.92686e-06
3.4381e-06
2.37798e-06
1.62485e-06
1.08935e-06
7.06721e-07
4.30348e-07
2.26887e-07
6.69012e-08
1.15324e-15
3.86924e-15
7.42697e-15
1.23907e-14
1.95731e-14
3.01685e-14
4.59481e-14
6.95495e-14
1.04906e-13
1.57885e-13
2.37227e-13
3.55945e-13
5.33384e-13
7.9825e-13
1.19308e-12
1.78075e-12
2.65409e-12
3.94973e-12
5.86834e-12
8.70383e-12
1.28853e-11
1.9037e-11
2.80639e-11
4.12716e-11
6.05345e-11
8.85285e-11
1.29049e-10
1.87437e-10
2.7115e-10
3.9049e-10
5.59529e-10
7.9723e-10
1.12875e-09
1.58681e-09
2.21306e-09
3.05896e-09
4.18592e-09
5.6638e-09
7.56696e-09
9.96672e-09
1.29193e-08
1.64482e-08
2.05227e-08
2.50323e-08
2.97305e-08
3.43584e-08
3.85149e-08
4.1731e-08
4.3526e-08
4.35443e-08
4.16759e-08
3.81289e-08
3.34435e-08
2.84306e-08
2.40046e-08
2.13037e-08
2.14681e-08
2.63654e-08
3.88883e-08
6.42548e-08
1.11906e-07
1.9857e-07
3.52948e-07
6.22523e-07
1.08275e-06
1.84832e-06
3.08598e-06
5.02694e-06
7.97507e-06
1.23034e-05
1.84252e-05
2.67225e-05
3.74166e-05
5.03879e-05
6.49913e-05
7.99601e-05
9.34898e-05
0.000103198
0.000108235
0.000107669
0.000101627
9.12218e-05
7.70835e-05
6.23068e-05
4.84779e-05
3.65354e-05
2.68235e-05
1.92733e-05
1.36566e-05
9.71436e-06
6.88216e-06
4.83872e-06
3.37658e-06
2.33544e-06
1.59579e-06
1.06988e-06
6.94089e-07
4.22657e-07
2.22832e-07
6.57055e-08
1.1728e-15
3.93488e-15
7.55291e-15
1.26007e-14
1.99046e-14
3.06793e-14
4.67258e-14
7.07262e-14
1.0668e-13
1.60553e-13
2.41234e-13
3.61952e-13
5.42374e-13
8.11684e-13
1.21312e-12
1.81059e-12
2.69843e-12
4.01546e-12
5.96558e-12
8.84729e-12
1.30964e-11
1.93467e-11
2.85166e-11
4.19309e-11
6.14909e-11
8.99096e-11
1.31033e-10
1.90273e-10
2.75177e-10
3.96168e-10
5.67474e-10
8.08251e-10
1.14388e-09
1.60737e-09
2.24062e-09
3.09538e-09
4.23324e-09
5.72409e-09
7.64202e-09
1.00576e-08
1.30258e-08
1.6568e-08
2.06504e-08
2.51595e-08
2.98469e-08
3.44485e-08
3.85604e-08
4.17124e-08
4.34234e-08
4.33512e-08
4.13991e-08
3.77897e-08
3.30737e-08
2.80668e-08
2.36763e-08
2.10327e-08
2.12656e-08
2.62376e-08
3.88424e-08
6.43086e-08
1.12099e-07
1.98971e-07
3.53661e-07
6.23674e-07
1.08443e-06
1.85047e-06
3.0882e-06
5.02809e-06
7.9728e-06
1.22933e-05
1.84e-05
2.66707e-05
3.73217e-05
5.02281e-05
6.47421e-05
7.95984e-05
9.30007e-05
0.000102589
0.000107529
0.000106905
0.000100855
9.04905e-05
7.64326e-05
6.17588e-05
4.80387e-05
3.61976e-05
2.65718e-05
1.90906e-05
1.35275e-05
9.6225e-06
6.81685e-06
4.79272e-06
3.34444e-06
2.3132e-06
1.58059e-06
1.0597e-06
6.87485e-07
4.18637e-07
2.20713e-07
6.50807e-08
1.17411e-15
3.93927e-15
7.56135e-15
1.26148e-14
1.99269e-14
3.07136e-14
4.67781e-14
7.08054e-14
1.068e-13
1.60733e-13
2.41504e-13
3.62358e-13
5.42982e-13
8.12592e-13
1.21447e-12
1.81261e-12
2.70143e-12
4.01992e-12
5.97217e-12
8.85703e-12
1.31107e-11
1.93677e-11
2.85474e-11
4.19759e-11
6.15563e-11
9.00044e-11
1.3117e-10
1.90469e-10
2.75456e-10
3.96564e-10
5.6803e-10
8.09027e-10
1.14496e-09
1.60884e-09
2.24261e-09
3.09804e-09
4.23674e-09
5.72863e-09
7.64777e-09
1.00648e-08
1.30344e-08
1.6578e-08
2.06617e-08
2.51716e-08
2.98593e-08
3.44602e-08
3.85702e-08
4.1719e-08
4.34255e-08
4.3348e-08
4.13906e-08
3.77766e-08
3.30576e-08
2.80494e-08
2.36594e-08
2.10175e-08
2.12526e-08
2.62269e-08
3.88333e-08
6.43004e-08
1.12091e-07
1.9896e-07
3.53645e-07
6.23642e-07
1.08436e-06
1.85032e-06
3.08787e-06
5.02742e-06
7.97151e-06
1.22909e-05
1.83959e-05
2.66638e-05
3.73105e-05
5.0211e-05
6.4717e-05
7.95637e-05
9.29555e-05
0.000102534
0.000107466
0.000106838
0.000100788
9.04272e-05
7.63763e-05
6.17116e-05
4.80008e-05
3.61683e-05
2.655e-05
1.90747e-05
1.35162e-05
9.61443e-06
6.8111e-06
4.78865e-06
3.34159e-06
2.31122e-06
1.57924e-06
1.05878e-06
6.86893e-07
4.18275e-07
2.20522e-07
6.50244e-08
1.15713e-15
3.8823e-15
7.45205e-15
1.24325e-14
1.96392e-14
3.02705e-14
4.61035e-14
6.9785e-14
1.05262e-13
1.5842e-13
2.38031e-13
3.57152e-13
5.35191e-13
8.00952e-13
1.19711e-12
1.78677e-12
2.66303e-12
3.963e-12
5.888e-12
8.73288e-12
1.29281e-11
1.90999e-11
2.81561e-11
4.14061e-11
6.07302e-11
8.8812e-11
1.29458e-10
1.88024e-10
2.71987e-10
3.91676e-10
5.61199e-10
7.99563e-10
1.13198e-09
1.59124e-09
2.21906e-09
3.06699e-09
4.19651e-09
5.67754e-09
7.58442e-09
9.98842e-09
1.29455e-08
1.6479e-08
2.05573e-08
2.50696e-08
2.97685e-08
3.43944e-08
3.85454e-08
4.17522e-08
4.35337e-08
4.35361e-08
4.16515e-08
3.80906e-08
3.33956e-08
2.83786e-08
2.39536e-08
2.12576e-08
2.14288e-08
2.63328e-08
3.88609e-08
6.42302e-08
1.11882e-07
1.98539e-07
3.529e-07
6.2243e-07
1.08255e-06
1.84787e-06
3.08501e-06
5.02496e-06
7.97124e-06
1.22963e-05
1.84128e-05
2.67017e-05
3.73832e-05
5.03365e-05
6.49163e-05
7.98564e-05
9.33546e-05
0.000103034
0.000108049
0.000107469
0.000101426
9.10318e-05
7.69145e-05
6.21644e-05
4.83635e-05
3.64472e-05
2.67575e-05
1.92253e-05
1.36225e-05
9.69006e-06
6.86483e-06
4.82648e-06
3.36799e-06
2.32948e-06
1.5917e-06
1.06713e-06
6.92304e-07
4.21568e-07
2.22257e-07
6.55359e-08
1.12242e-15
3.76586e-15
7.22865e-15
1.206e-14
1.90511e-14
2.93643e-14
4.47239e-14
6.76975e-14
1.02114e-13
1.53685e-13
2.30921e-13
3.46492e-13
5.19235e-13
7.77108e-13
1.16154e-12
1.73379e-12
2.5843e-12
3.84625e-12
5.71526e-12
8.47795e-12
1.25529e-11
1.85495e-11
2.73512e-11
4.02334e-11
5.90286e-11
8.63541e-11
1.25925e-10
1.82975e-10
2.64816e-10
3.81562e-10
5.47044e-10
7.79928e-10
1.10501e-09
1.55462e-09
2.16995e-09
3.00211e-09
4.11222e-09
5.57015e-09
7.45073e-09
9.82652e-09
1.27559e-08
1.62662e-08
2.03313e-08
2.48468e-08
2.95687e-08
3.42441e-08
3.84763e-08
4.17987e-08
4.37317e-08
4.38981e-08
4.21655e-08
3.87186e-08
3.40797e-08
2.90533e-08
2.45628e-08
2.17581e-08
2.18022e-08
2.6563e-08
3.89323e-08
6.41055e-08
1.1148e-07
1.97718e-07
3.51441e-07
6.20058e-07
1.07902e-06
1.84316e-06
3.07969e-06
5.02079e-06
7.97211e-06
1.23096e-05
1.8451e-05
2.67849e-05
3.75402e-05
5.06053e-05
6.53401e-05
8.04757e-05
9.41947e-05
0.000104082
0.000109267
0.000108789
0.000102764
9.23041e-05
7.80496e-05
6.3121e-05
4.91305e-05
3.70372e-05
2.71968e-05
1.95439e-05
1.38473e-05
9.84973e-06
6.97816e-06
4.90621e-06
3.42363e-06
2.36794e-06
1.61796e-06
1.08473e-06
7.03714e-07
4.28514e-07
2.25918e-07
6.66156e-08
1.07121e-15
3.59403e-15
6.89892e-15
1.15101e-14
1.81827e-14
2.80262e-14
4.26863e-14
6.46136e-14
9.74633e-14
1.46687e-13
2.2041e-13
3.30729e-13
4.95632e-13
7.41821e-13
1.10887e-12
1.65533e-12
2.46764e-12
3.67314e-12
5.45899e-12
8.09951e-12
1.19956e-11
1.77311e-11
2.61535e-11
3.84868e-11
5.64917e-11
8.26856e-11
1.20646e-10
1.7542e-10
2.5407e-10
3.66382e-10
5.25765e-10
7.50356e-10
1.06431e-09
1.49923e-09
2.09551e-09
2.90347e-09
3.98366e-09
5.40572e-09
7.24501e-09
9.57575e-09
1.24597e-08
1.59296e-08
1.99682e-08
2.44834e-08
2.92431e-08
3.39859e-08
3.83307e-08
4.1818e-08
4.3971e-08
4.43842e-08
4.28869e-08
3.96236e-08
3.50844e-08
3.00594e-08
2.54835e-08
2.2522e-08
2.2381e-08
2.69276e-08
3.90589e-08
6.39398e-08
1.10906e-07
1.96527e-07
3.49317e-07
6.16604e-07
1.07389e-06
1.83635e-06
3.07211e-06
5.01516e-06
7.97439e-06
1.2331e-05
1.85108e-05
2.69134e-05
3.77814e-05
5.10168e-05
6.59878e-05
8.14209e-05
9.54758e-05
0.000105679
0.000111123
0.000110802
0.000104807
9.42505e-05
7.97886e-05
6.45879e-05
5.03072e-05
3.79428e-05
2.78711e-05
2.00331e-05
1.41924e-05
1.00948e-05
7.15203e-06
5.02849e-06
3.50892e-06
2.42689e-06
1.6582e-06
1.11169e-06
7.21191e-07
4.39153e-07
2.31527e-07
6.82695e-08
1.00531e-15
3.37293e-15
6.47459e-15
1.08023e-14
1.70646e-14
2.63029e-14
4.00613e-14
6.06397e-14
9.14681e-14
1.37663e-13
2.06851e-13
3.10387e-13
4.65158e-13
6.96241e-13
1.04081e-12
1.55387e-12
2.31668e-12
3.44899e-12
5.1269e-12
7.60868e-12
1.12721e-11
1.66676e-11
2.45952e-11
3.62116e-11
5.31824e-11
7.78928e-11
1.13738e-10
1.65516e-10
2.39955e-10
3.46399e-10
4.97688e-10
7.11237e-10
1.01033e-09
1.42553e-09
1.99612e-09
2.77131e-09
3.8107e-09
5.18352e-09
6.96559e-09
9.23305e-09
1.20516e-08
1.54608e-08
1.94521e-08
2.39447e-08
2.87599e-08
3.35666e-08
3.80458e-08
4.17412e-08
4.4171e-08
4.49134e-08
4.37408e-08
4.0743e-08
3.63639e-08
3.13697e-08
2.6704e-08
2.35519e-08
2.31736e-08
2.74395e-08
3.92561e-08
6.37517e-08
1.10183e-07
1.95002e-07
3.46582e-07
6.12147e-07
1.06727e-06
1.82759e-06
3.06243e-06
5.00824e-06
7.97825e-06
1.23607e-05
1.85921e-05
2.7087e-05
3.81066e-05
5.1571e-05
6.68596e-05
8.26936e-05
9.72013e-05
0.000107831
0.000113626
0.00011352
0.000107568
9.68864e-05
8.21488e-05
6.6581e-05
5.19066e-05
3.91738e-05
2.87876e-05
2.06979e-05
1.46613e-05
1.04277e-05
7.38813e-06
5.19448e-06
3.62466e-06
2.50686e-06
1.71278e-06
1.14824e-06
7.44887e-07
4.53576e-07
2.3913e-07
7.05115e-08
9.27105e-16
3.1105e-15
5.97087e-15
9.96185e-15
1.57368e-14
2.42555e-14
3.69417e-14
5.59152e-14
8.4338e-14
1.26926e-13
1.90711e-13
2.86162e-13
4.2885e-13
6.41903e-13
9.59616e-13
1.43276e-12
2.13634e-12
3.18099e-12
4.72947e-12
7.02067e-12
1.04043e-11
1.53905e-11
2.27212e-11
3.34712e-11
4.91897e-11
7.20995e-11
1.05371e-10
1.53493e-10
2.22777e-10
3.22013e-10
4.63318e-10
6.63192e-10
9.43779e-10
1.33431e-09
1.87255e-09
2.60616e-09
3.59337e-09
4.90254e-09
6.6097e-09
8.79297e-09
1.15226e-08
1.4846e-08
1.87666e-08
2.32193e-08
2.80441e-08
3.29179e-08
3.7545e-08
4.14788e-08
4.42344e-08
4.53742e-08
4.46174e-08
4.19813e-08
3.78475e-08
3.29483e-08
2.8201e-08
2.48409e-08
2.41844e-08
2.81109e-08
3.95407e-08
6.35625e-08
1.09342e-07
1.93189e-07
3.4331e-07
6.0681e-07
1.05934e-06
1.81712e-06
3.05099e-06
5.00046e-06
7.98418e-06
1.23992e-05
1.86956e-05
2.73065e-05
3.85164e-05
5.22688e-05
6.79577e-05
8.42975e-05
9.93777e-05
0.000110548
0.000116791
0.00011696
0.000111066
0.000100233
8.5156e-05
6.91238e-05
5.39472e-05
4.07436e-05
2.99561e-05
2.15453e-05
1.52587e-05
1.08517e-05
7.68873e-06
5.40573e-06
3.77191e-06
2.60854e-06
1.78215e-06
1.19468e-06
7.74984e-07
4.7189e-07
2.48782e-07
7.33577e-08
8.3945e-16
2.81635e-15
5.40614e-15
9.01939e-15
1.42472e-14
2.19582e-14
3.34399e-14
5.061e-14
7.63282e-14
1.1486e-13
1.72564e-13
2.58909e-13
3.87981e-13
5.80703e-13
8.68107e-13
1.29615e-12
1.93276e-12
2.87817e-12
4.27993e-12
6.35479e-12
9.42029e-12
1.39403e-11
2.059e-11
3.0349e-11
4.4632e-11
6.54723e-11
9.57757e-11
1.39669e-10
2.02968e-10
2.93802e-10
4.23416e-10
6.07189e-10
8.65865e-10
1.22697e-09
1.72635e-09
2.40955e-09
3.3328e-09
4.56298e-09
6.17569e-09
8.25057e-09
1.08624e-08
1.40671e-08
1.78816e-08
2.2259e-08
2.70611e-08
3.19767e-08
3.674e-08
4.09186e-08
4.40283e-08
4.56133e-08
4.53527e-08
4.31805e-08
3.93912e-08
3.46466e-08
2.99097e-08
2.6358e-08
2.54062e-08
2.89496e-08
3.99289e-08
6.33952e-08
1.08415e-07
1.91139e-07
3.39582e-07
6.00715e-07
1.05028e-06
1.80521e-06
3.03814e-06
4.99226e-06
7.99273e-06
1.24472e-05
1.88219e-05
2.75725e-05
3.90118e-05
5.31117e-05
6.92846e-05
8.62377e-05
0.000102014
0.000113843
0.000120634
0.000121143
0.000115326
0.000104315
8.88397e-05
7.22411e-05
5.64479e-05
4.26667e-05
3.1387e-05
2.2583e-05
1.59902e-05
1.13706e-05
8.05652e-06
5.66408e-06
3.95187e-06
2.73276e-06
1.86685e-06
1.25136e-06
8.11697e-07
4.94223e-07
2.6055e-07
7.68271e-08
7.45564e-16
2.50126e-15
4.80111e-15
8.00941e-15
1.26506e-14
1.94947e-14
2.96837e-14
4.49172e-14
6.77299e-14
1.01902e-13
1.53066e-13
2.29614e-13
3.44025e-13
5.14838e-13
7.69556e-13
1.14892e-12
1.71316e-12
2.55119e-12
3.79401e-12
5.63416e-12
8.35397e-12
1.23663e-11
1.8273e-11
2.69484e-11
3.96574e-11
5.82218e-11
8.52514e-11
1.24462e-10
1.81108e-10
2.62559e-10
3.79049e-10
5.44645e-10
7.78421e-10
1.10585e-09
1.56035e-09
2.18475e-09
3.03252e-09
4.16811e-09
5.66575e-09
7.60564e-09
1.00664e-08
1.31123e-08
1.67749e-08
2.10284e-08
2.57611e-08
3.06798e-08
3.5544e-08
3.99465e-08
4.34119e-08
4.54704e-08
4.57616e-08
4.41481e-08
4.08279e-08
3.6383e-08
3.17475e-08
2.8056e-08
2.68197e-08
2.99539e-08
4.04318e-08
6.32719e-08
1.07439e-07
1.88911e-07
3.35497e-07
5.9402e-07
1.04034e-06
1.79222e-06
3.02439e-06
4.98433e-06
8.00479e-06
1.25058e-05
1.89724e-05
2.78868e-05
3.95949e-05
5.41027e-05
7.08448e-05
8.85212e-05
0.000105121
0.000117734
0.000125179
0.000126096
0.000120375
0.000109164
9.32341e-05
7.59597e-05
5.94288e-05
4.49576e-05
3.30912e-05
2.3819e-05
1.68613e-05
1.19886e-05
8.49429e-06
5.97138e-06
4.16579e-06
2.8803e-06
1.96738e-06
1.31858e-06
8.55222e-07
5.20689e-07
2.74491e-07
8.0937e-08
6.48862e-16
2.17669e-15
4.17778e-15
6.96867e-15
1.10048e-14
1.69549e-14
2.58098e-14
3.90443e-14
5.88565e-14
8.85237e-14
1.32929e-13
1.99345e-13
2.98584e-13
4.46711e-13
6.67556e-13
9.9642e-13
1.48551e-12
2.21194e-12
3.28931e-12
4.88478e-12
7.24362e-12
1.07249e-11
1.58526e-11
2.33891e-11
3.44396e-11
5.05986e-11
7.41564e-11
1.08383e-10
1.57917e-10
2.29289e-10
3.3161e-10
4.7746e-10
6.84002e-10
9.74314e-10
1.3789e-09
1.93724e-09
2.69918e-09
3.72565e-09
5.08813e-09
6.86585e-09
9.13962e-09
1.19808e-08
1.54345e-08
1.94968e-08
2.40869e-08
2.90198e-08
3.38972e-08
3.8462e-08
4.22531e-08
4.47913e-08
4.56774e-08
4.47072e-08
4.1977e-08
3.79657e-08
3.35276e-08
2.98467e-08
2.83702e-08
3.10921e-08
4.1043e-08
6.32056e-08
1.06445e-07
1.86563e-07
3.31155e-07
5.86892e-07
1.02979e-06
1.77856e-06
3.01035e-06
4.97753e-06
8.02154e-06
1.25766e-05
1.91492e-05
2.8252e-05
4.0269e-05
5.52459e-05
7.26442e-05
9.11569e-05
0.000108712
0.000122238
0.000130448
0.000131842
0.00012623
0.000114788
9.83988e-05
8.03167e-05
6.29125e-05
4.7632e-05
3.50797e-05
2.52608e-05
1.78781e-05
1.27094e-05
9.00458e-06
6.32929e-06
4.41472e-06
3.05183e-06
2.08415e-06
1.39662e-06
9.05713e-07
5.51375e-07
2.9065e-07
8.56997e-08
5.52757e-16
1.85411e-15
3.55818e-15
5.93397e-15
9.36832e-15
1.44288e-14
2.19561e-14
3.32006e-14
5.00251e-14
7.52055e-14
1.12877e-13
1.69192e-13
2.533e-13
3.78788e-13
5.65807e-13
8.44204e-13
1.25813e-12
1.87278e-12
2.78428e-12
4.13408e-12
6.1299e-12
9.07608e-12
1.34173e-11
1.98015e-11
2.91691e-11
4.28804e-11
6.28933e-11
9.20115e-11
1.34225e-10
1.95174e-10
2.8276e-10
4.07953e-10
5.8581e-10
8.36716e-10
1.18784e-09
1.67472e-09
2.34271e-09
3.24812e-09
4.45822e-09
6.04952e-09
8.103e-09
1.06951e-08
1.38833e-08
1.76847e-08
2.20496e-08
2.68316e-08
3.16726e-08
3.63417e-08
4.04096e-08
4.34045e-08
4.49e-08
4.46279e-08
4.25935e-08
3.91578e-08
3.50821e-08
3.1498e-08
2.98939e-08
3.22995e-08
4.1741e-08
6.32023e-08
1.05462e-07
1.84158e-07
3.26668e-07
5.79526e-07
1.01895e-06
1.76473e-06
2.99677e-06
4.97295e-06
8.0446e-06
1.26618e-05
1.93554e-05
2.86721e-05
4.10392e-05
5.65479e-05
7.46914e-05
9.41566e-05
0.000112804
0.000127378
0.00013647
0.000138414
0.000132918
0.000121158
0.000104395
8.53279e-05
6.691e-05
5.06999e-05
3.73608e-05
2.69148e-05
1.9045e-05
1.35361e-05
9.58929e-06
6.73895e-06
4.69932e-06
3.24774e-06
2.2174e-06
1.48558e-06
9.63229e-07
5.8631e-07
3.09039e-07
9.11188e-08
4.60431e-16
1.54422e-15
2.96289e-15
4.93977e-15
7.7957e-15
1.20011e-14
1.82521e-14
2.75833e-14
4.1535e-14
6.24006e-14
9.35938e-14
1.40192e-13
2.09737e-13
3.13427e-13
4.6786e-13
6.97611e-13
1.03902e-12
1.54576e-12
2.29693e-12
3.409e-12
5.05303e-12
7.47983e-12
1.10562e-11
1.63171e-11
2.40404e-11
3.5353e-11
5.18808e-11
7.59583e-11
1.10919e-10
1.6149e-10
2.34329e-10
3.38723e-10
4.87497e-10
6.98145e-10
9.94177e-10
1.40665e-09
1.9757e-09
2.7519e-09
3.79682e-09
5.18225e-09
6.98701e-09
9.28995e-09
1.2158e-08
1.56282e-08
1.96825e-08
2.4218e-08
2.89153e-08
3.35764e-08
3.78203e-08
4.12007e-08
4.32803e-08
4.37374e-08
4.24843e-08
3.9769e-08
3.62326e-08
3.29297e-08
3.13398e-08
3.35078e-08
4.24796e-08
6.32405e-08
1.04501e-07
1.8174e-07
3.22138e-07
5.72115e-07
1.00817e-06
1.75133e-06
2.98462e-06
4.97221e-06
8.07618e-06
1.27647e-05
1.95956e-05
2.91535e-05
4.1914e-05
5.80193e-05
7.69993e-05
9.75366e-05
0.000117418
0.000133181
0.000143279
0.000145856
0.000140493
0.000128341
0.000111186
9.09869e-05
7.14256e-05
5.41676e-05
3.99392e-05
2.87826e-05
2.03658e-05
1.44702e-05
1.02489e-05
7.20046e-06
5.01954e-06
3.46792e-06
2.36698e-06
1.58536e-06
1.02768e-06
6.25434e-07
3.29624e-07
9.71836e-08
3.74633e-16
1.25624e-15
2.40969e-15
4.01583e-15
6.33425e-15
9.74508e-15
1.48103e-14
2.23641e-14
3.36472e-14
5.05049e-14
7.56812e-14
1.13252e-13
1.6927e-13
2.52707e-13
3.76856e-13
5.61382e-13
8.35348e-13
1.24164e-12
1.84349e-12
2.7339e-12
4.04957e-12
5.99089e-12
8.85112e-12
1.30583e-11
1.92357e-11
2.82873e-11
4.15201e-11
6.08153e-11
8.88669e-11
1.2951e-10
1.88167e-10
2.72441e-10
3.92898e-10
5.64046e-10
8.05556e-10
1.14367e-09
1.61272e-09
2.25659e-09
3.12973e-09
4.29718e-09
5.83269e-09
7.81392e-09
1.03132e-08
1.33828e-08
1.70335e-08
2.1208e-08
2.57525e-08
3.02203e-08
3.44814e-08
3.81195e-08
4.07004e-08
4.18643e-08
4.14396e-08
3.95563e-08
3.6729e-08
3.39046e-08
3.25076e-08
3.45826e-08
4.31774e-08
6.32857e-08
1.03563e-07
1.79358e-07
3.17681e-07
5.64886e-07
9.9784e-07
1.73902e-06
2.97495e-06
4.97678e-06
8.11899e-06
1.28895e-05
1.9876e-05
2.97051e-05
4.29052e-05
5.96749e-05
7.95859e-05
0.000101318
0.000122578
0.000139676
0.00015091
0.000154212
0.000149013
0.000136412
0.000118724
9.72853e-05
7.64618e-05
5.80379e-05
4.28164e-05
3.08642e-05
2.18392e-05
1.55104e-05
1.09822e-05
7.71275e-06
5.3745e-06
3.71165e-06
2.53238e-06
1.69556e-06
1.09881e-06
6.68575e-07
3.5231e-07
1.03866e-07
2.97487e-16
9.97314e-16
1.91233e-15
3.18527e-15
5.0207e-15
7.71778e-15
1.17181e-14
1.76765e-14
2.6565e-14
3.98275e-14
5.96079e-14
8.90867e-14
1.32979e-13
1.98266e-13
2.95276e-13
4.39273e-13
6.52787e-13
9.69039e-13
1.43695e-12
2.12846e-12
3.14922e-12
4.6541e-12
6.86975e-12
1.01271e-11
1.49082e-11
2.19133e-11
3.21559e-11
4.70981e-11
6.88385e-11
1.00375e-10
1.45961e-10
2.11591e-10
3.0564e-10
4.3969e-10
6.29568e-10
8.96596e-10
1.269e-09
1.78339e-09
2.486e-09
3.43332e-09
4.69145e-09
6.33316e-09
8.4314e-09
1.10481e-08
1.42164e-08
1.7917e-08
2.20478e-08
2.62727e-08
3.04363e-08
3.41912e-08
3.71414e-08
3.89227e-08
3.93066e-08
3.83167e-08
3.63344e-08
3.41782e-08
3.31801e-08
3.53452e-08
4.37021e-08
6.3245e-08
1.02599e-07
1.77006e-07
3.13352e-07
5.57999e-07
9.8832e-07
1.72846e-06
2.96895e-06
4.98894e-06
8.17657e-06
1.30418e-05
2.02054e-05
3.03397e-05
4.40307e-05
6.15382e-05
8.24788e-05
0.000105532
0.000128321
0.000146904
0.000159409
0.000163524
0.000158535
0.000145528
0.000126951
0.000104216
8.20143e-05
6.23039e-05
4.59843e-05
3.31529e-05
2.34567e-05
1.66507e-05
1.17848e-05
8.27264e-06
5.76187e-06
3.97728e-06
2.71239e-06
1.81536e-06
1.17605e-06
7.15388e-07
3.76914e-07
1.11111e-07
2.30401e-16
7.72183e-16
1.47995e-15
2.46337e-15
3.87935e-15
5.95696e-15
9.03373e-15
1.36091e-14
2.04232e-14
3.05733e-14
4.56855e-14
6.81674e-14
1.01581e-13
1.51192e-13
2.24775e-13
3.338e-13
4.95168e-13
7.33762e-13
1.08617e-12
1.60613e-12
2.37248e-12
3.50068e-12
5.1596e-12
7.59574e-12
1.11682e-11
1.63988e-11
2.40435e-11
3.51941e-11
5.14213e-11
7.49736e-11
1.09053e-10
1.5819e-10
2.28746e-10
3.29573e-10
4.72858e-10
6.75171e-10
9.58694e-10
1.35258e-09
1.89427e-09
2.63053e-09
3.61762e-09
4.91998e-09
6.60641e-09
8.74241e-09
1.13778e-08
1.45287e-08
1.81546e-08
2.21336e-08
2.59922e-08
2.96578e-08
3.27711e-08
3.49977e-08
3.60804e-08
3.59602e-08
3.48916e-08
3.35507e-08
3.31454e-08
3.55958e-08
4.38947e-08
6.30306e-08
1.01581e-07
1.74734e-07
3.09318e-07
5.5182e-07
9.80319e-07
1.72101e-06
2.96912e-06
5.01203e-06
8.25403e-06
1.32295e-05
2.05956e-05
3.10749e-05
4.53154e-05
6.36418e-05
8.57165e-05
0.000110215
0.00013468
0.000154896
0.000168821
0.000173817
0.000169036
0.000155559
0.000135966
0.000111794
8.80714e-05
6.69479e-05
4.9426e-05
3.56344e-05
2.5207e-05
1.78825e-05
1.26504e-05
8.87538e-06
6.17821e-06
4.26232e-06
2.90528e-06
1.94355e-06
1.25861e-06
7.65376e-07
4.03167e-07
1.18839e-07
1.74035e-16
5.83054e-16
1.11679e-15
1.85724e-15
2.92149e-15
4.48007e-15
6.78367e-15
1.02023e-14
1.52832e-14
2.28353e-14
3.40547e-14
5.07079e-14
7.54018e-14
1.1198e-13
1.66105e-13
2.46109e-13
3.64242e-13
5.38496e-13
7.95276e-13
1.17328e-12
1.72919e-12
2.54586e-12
3.74434e-12
5.50113e-12
8.07314e-12
1.18336e-11
1.73232e-11
2.53234e-11
3.69594e-11
5.3845e-11
7.82841e-11
1.13547e-10
1.64244e-10
2.36827e-10
3.40235e-10
4.86721e-10
6.92853e-10
9.80672e-10
1.37893e-09
1.92421e-09
2.66165e-09
3.64473e-09
4.93335e-09
6.58935e-09
8.66828e-09
1.12067e-08
1.42046e-08
1.76054e-08
2.12723e-08
2.48488e-08
2.78804e-08
3.03385e-08
3.19382e-08
3.25749e-08
3.23981e-08
3.19451e-08
3.22816e-08
3.52194e-08
4.36463e-08
6.25081e-08
1.00375e-07
1.72427e-07
3.0549e-07
5.46306e-07
9.73886e-07
1.71687e-06
2.97573e-06
5.04849e-06
8.35635e-06
1.34613e-05
2.10609e-05
3.19326e-05
4.67916e-05
6.60303e-05
8.93546e-05
0.000115422
0.000141685
0.00016383
0.000179229
0.000185112
0.000180498
0.000166461
0.000145728
0.000119966
9.45808e-05
7.1923e-05
5.31025e-05
3.82784e-05
2.70674e-05
1.91898e-05
1.35671e-05
9.51257e-06
6.61754e-06
4.56258e-06
3.10813e-06
2.07816e-06
1.34517e-06
8.17727e-07
4.30638e-07
1.26923e-07
1.28393e-16
4.29937e-16
8.22852e-16
1.36685e-15
2.14694e-15
3.28663e-15
4.96691e-15
7.4542e-15
1.11411e-14
1.66066e-14
2.47037e-14
3.66882e-14
5.44078e-14
8.05779e-14
1.19186e-13
1.7608e-13
2.59833e-13
3.82998e-13
5.63943e-13
8.29514e-13
1.21892e-12
1.78936e-12
2.62419e-12
3.84472e-12
5.62727e-12
8.22761e-12
1.20161e-11
1.75276e-11
2.55326e-11
3.7137e-11
5.39218e-11
7.81363e-11
1.12962e-10
1.6287e-10
2.3409e-10
3.35219e-10
4.77983e-10
6.78154e-10
9.56582e-10
1.34026e-09
1.86321e-09
2.56693e-09
3.49976e-09
4.71464e-09
6.26422e-09
8.19251e-09
1.05225e-08
1.32397e-08
1.6274e-08
1.94773e-08
2.26526e-08
2.5361e-08
2.72232e-08
2.84311e-08
2.9028e-08
2.94373e-08
3.05816e-08
3.41472e-08
4.28828e-08
6.16705e-08
9.90579e-08
1.70237e-07
3.02244e-07
5.42232e-07
9.70487e-07
1.71873e-06
2.99349e-06
5.10486e-06
8.49371e-06
1.37528e-05
2.16242e-05
3.29453e-05
4.85036e-05
6.87628e-05
9.34706e-05
0.000121251
0.000149405
0.000173866
0.000190645
0.000197386
0.000192873
0.000178165
0.000156158
0.000128656
0.000101474
7.71725e-05
5.69697e-05
4.1052e-05
2.90142e-05
2.05541e-05
1.45216e-05
1.01745e-05
7.07286e-06
4.87304e-06
3.31738e-06
2.21669e-06
1.43407e-06
8.71393e-07
4.5876e-07
1.35191e-07
9.29812e-17
3.11155e-16
5.94865e-16
9.86591e-16
1.54662e-15
2.36219e-15
3.56073e-15
5.32905e-15
7.94146e-15
1.18008e-14
1.74982e-14
2.59009e-14
3.82792e-14
5.64927e-14
8.32609e-14
1.22557e-13
1.80183e-13
2.64599e-13
3.88138e-13
5.68763e-13
8.32611e-13
1.21769e-12
1.7792e-12
2.59729e-12
3.78809e-12
5.51975e-12
8.03527e-12
1.16852e-11
1.69739e-11
2.46255e-11
3.56752e-11
5.15981e-11
7.44851e-11
1.07283e-10
1.54116e-10
2.20709e-10
3.14928e-10
4.47453e-10
6.3257e-10
8.89057e-10
1.24105e-09
1.7187e-09
2.35838e-09
3.20181e-09
4.2937e-09
5.6769e-09
7.38458e-09
9.42908e-09
1.17882e-08
1.43919e-08
1.7113e-08
1.97612e-08
2.21627e-08
2.39646e-08
2.51106e-08
2.62744e-08
2.82967e-08
3.2434e-08
4.15336e-08
6.03721e-08
9.74417e-08
1.67956e-07
2.99129e-07
5.38929e-07
9.69606e-07
1.72603e-06
3.02287e-06
5.18369e-06
8.67222e-06
1.41162e-05
2.23073e-05
3.41487e-05
5.05047e-05
7.19129e-05
9.81602e-05
0.000127831
0.000158059
0.000184757
0.000202985
0.000210554
0.000206038
0.000190518
0.00016709
0.000137699
0.000108603
8.25723e-05
6.09301e-05
4.38814e-05
3.09928e-05
2.19378e-05
1.54866e-05
1.08416e-05
7.53032e-06
5.18396e-06
3.52625e-06
2.35454e-06
1.52226e-06
9.24493e-07
4.86533e-07
1.4335e-07
6.70791e-17
2.24267e-16
4.28072e-16
7.08369e-16
1.10737e-15
1.6859e-15
2.53234e-15
3.77564e-15
5.60422e-15
8.29342e-15
1.22453e-14
1.80466e-14
2.65525e-14
3.90087e-14
5.72277e-14
8.38442e-14
1.22686e-13
1.79308e-13
2.61769e-13
3.81751e-13
5.56177e-13
8.09547e-13
1.17731e-12
1.7107e-12
2.48375e-12
3.60327e-12
5.22322e-12
7.56513e-12
1.09473e-11
1.58259e-11
2.2853e-11
3.29579e-11
4.74591e-11
6.82187e-11
9.78514e-11
1.40003e-10
1.99713e-10
2.83879e-10
4.01826e-10
5.6597e-10
7.92541e-10
1.10227e-09
1.52089e-09
2.07911e-09
2.81177e-09
3.75546e-09
4.94426e-09
6.40282e-09
8.13715e-09
1.01241e-08
1.23026e-08
1.45727e-08
1.68109e-08
1.88967e-08
2.08597e-08
2.27567e-08
2.53098e-08
3.0088e-08
3.96749e-08
5.87679e-08
9.58579e-08
1.66294e-07
2.97689e-07
5.38955e-07
9.74428e-07
1.74482e-06
3.07342e-06
5.29988e-06
8.9141e-06
1.45831e-05
2.31538e-05
3.55997e-05
5.28657e-05
7.55622e-05
0.000103508
0.000135233
0.0001677
0.000196549
0.000216145
0.000224398
0.000219706
0.00020321
0.000178235
0.000146851
0.000115774
8.79779e-05
6.48793e-05
4.66938e-05
3.29537e-05
2.32981e-05
1.64305e-05
1.14906e-05
7.97298e-06
5.48312e-06
3.72606e-06
2.48563e-06
1.60567e-06
9.74453e-07
5.12558e-07
1.50975e-07
5.00019e-17
1.66951e-16
3.17938e-16
5.24447e-16
8.1667e-16
1.23784e-15
1.85039e-15
2.74487e-15
4.05271e-15
5.96478e-15
8.75806e-15
1.28342e-14
1.87748e-14
2.7422e-14
3.99931e-14
5.82467e-14
8.4722e-14
1.23082e-13
1.78609e-13
2.58913e-13
3.74961e-13
5.4254e-13
7.84373e-13
1.13315e-12
1.63586e-12
2.36005e-12
3.40266e-12
4.90274e-12
7.05946e-12
1.01576e-11
1.46036e-11
2.09757e-11
3.00946e-11
4.31198e-11
6.1682e-11
8.80614e-11
1.25424e-10
1.78127e-10
2.5211e-10
3.55363e-10
4.98475e-10
6.95217e-10
9.63076e-10
1.3236e-09
1.80231e-09
2.42784e-09
3.22986e-09
4.23541e-09
5.46337e-09
6.91747e-09
8.57962e-09
1.04071e-08
1.23399e-08
1.43295e-08
1.63987e-08
1.87324e-08
2.19264e-08
2.72964e-08
3.73339e-08
5.6661e-08
9.37631e-08
1.64156e-07
2.96064e-07
5.39648e-07
9.82143e-07
1.77045e-06
3.14047e-06
5.45106e-06
9.22374e-06
1.51716e-05
2.42032e-05
3.73675e-05
5.5688e-05
7.98344e-05
0.000109629
0.000143516
0.000178279
0.000208732
0.000229475
0.000238111
0.00023299
0.000215371
0.000188828
0.000155459
0.000122455
9.29723e-05
6.85006e-05
4.92535e-05
3.47226e-05
2.45134e-05
1.72646e-05
1.20584e-05
8.35649e-06
5.73994e-06
3.8961e-06
2.59627e-06
1.67552e-06
1.01602e-06
5.34098e-07
1.57269e-07
4.14138e-17
1.38078e-16
2.62303e-16
4.3122e-16
6.68781e-16
1.00907e-15
1.50102e-15
2.2151e-15
3.25298e-15
4.76136e-15
6.95174e-15
1.01288e-14
1.47312e-14
2.13896e-14
3.10099e-14
4.48929e-14
6.49044e-14
9.37196e-14
1.35172e-13
1.94752e-13
2.80322e-13
4.03138e-13
5.79308e-13
8.3188e-13
1.19382e-12
1.71225e-12
2.45453e-12
3.51681e-12
5.03628e-12
7.20836e-12
1.0311e-11
1.47387e-11
2.10496e-11
3.00313e-11
4.27899e-11
6.08713e-11
8.64232e-11
1.22406e-10
1.72867e-10
2.43275e-10
3.40926e-10
4.75397e-10
6.59011e-10
9.0723e-10
1.23884e-09
1.67571e-09
2.2419e-09
2.96171e-09
3.85658e-09
4.94094e-09
6.21809e-09
7.67849e-09
9.30559e-09
1.10977e-08
1.31182e-08
1.55954e-08
1.91029e-08
2.48684e-08
3.53137e-08
5.50375e-08
9.26206e-08
1.63918e-07
2.97853e-07
5.4663e-07
1.00171e-06
1.81726e-06
3.24274e-06
5.65944e-06
9.62072e-06
1.58853e-05
2.54204e-05
3.9342e-05
5.87369e-05
8.43075e-05
0.000115839
0.000151619
0.00018808
0.000218722
0.000240319
0.000249078
0.000243461
0.000224919
0.000197296
0.000162382
0.000127811
9.69472e-05
7.1354e-05
5.1247e-05
3.60808e-05
2.53996e-05
1.78563e-05
1.24525e-05
8.61791e-06
5.91233e-06
4.00869e-06
2.66863e-06
1.72067e-06
1.04259e-06
5.47718e-07
1.61205e-07
)
;

boundaryField
{
    fuel
    {
        type            fixedValue;
        value           uniform 0;
    }
    air
    {
        type            fixedValue;
        value           uniform 0;
    }
    outlet
    {
        type            inletOutlet;
        inletValue      uniform 0;
        value           nonuniform List<scalar> 
200
(
3.84241e-17
1.28081e-16
2.43208e-16
3.99583e-16
6.19236e-16
9.33472e-16
1.38715e-15
2.0448e-15
2.99935e-15
4.38463e-15
6.39328e-15
9.30232e-15
1.35097e-14
1.95865e-14
2.83516e-14
4.09779e-14
5.91447e-14
8.5254e-14
1.2274e-13
1.76512e-13
2.53583e-13
3.63968e-13
5.21968e-13
7.47998e-13
1.07119e-12
1.53311e-12
2.193e-12
3.13531e-12
4.48022e-12
6.39865e-12
9.13322e-12
1.30277e-11
1.85678e-11
2.64381e-11
3.75988e-11
5.33912e-11
7.56778e-11
1.07027e-10
1.50949e-10
2.12198e-10
2.97124e-10
4.14091e-10
5.73903e-10
7.90199e-10
1.07968e-09
1.46205e-09
1.95931e-09
2.59438e-09
3.38857e-09
4.35828e-09
5.51169e-09
6.84766e-09
8.3614e-09
1.0065e-08
1.20353e-08
1.45089e-08
1.80579e-08
2.38972e-08
3.44273e-08
5.42212e-08
9.18364e-08
1.63117e-07
2.97021e-07
5.45796e-07
1.00116e-06
1.81781e-06
3.24628e-06
5.67038e-06
9.64705e-06
1.59412e-05
2.55296e-05
3.95421e-05
5.90842e-05
8.48807e-05
0.000116737
0.000152949
0.000189941
0.000221314
0.00024334
0.000252437
0.000246967
0.000228344
0.000200439
0.000165072
0.000129995
9.86434e-05
7.26253e-05
5.21726e-05
3.67389e-05
2.5863e-05
1.81831e-05
1.26808e-05
8.77598e-06
6.02076e-06
4.08217e-06
2.71751e-06
1.75216e-06
1.06165e-06
5.57729e-07
1.6415e-07
4.14138e-17
1.38078e-16
2.62303e-16
4.3122e-16
6.68781e-16
1.00907e-15
1.50102e-15
2.2151e-15
3.25298e-15
4.76136e-15
6.95174e-15
1.01288e-14
1.47312e-14
2.13896e-14
3.10099e-14
4.48929e-14
6.49044e-14
9.37196e-14
1.35172e-13
1.94752e-13
2.80322e-13
4.03138e-13
5.79308e-13
8.3188e-13
1.19382e-12
1.71225e-12
2.45453e-12
3.51681e-12
5.03628e-12
7.20836e-12
1.0311e-11
1.47387e-11
2.10496e-11
3.00313e-11
4.27899e-11
6.08713e-11
8.64232e-11
1.22406e-10
1.72867e-10
2.43275e-10
3.40926e-10
4.75397e-10
6.59011e-10
9.0723e-10
1.23884e-09
1.67571e-09
2.2419e-09
2.96171e-09
3.85658e-09
4.94094e-09
6.21809e-09
7.67849e-09
9.30559e-09
1.10977e-08
1.31182e-08
1.55954e-08
1.91029e-08
2.48684e-08
3.53137e-08
5.50375e-08
9.26206e-08
1.63918e-07
2.97853e-07
5.4663e-07
1.00171e-06
1.81726e-06
3.24274e-06
5.65944e-06
9.62072e-06
1.58853e-05
2.54204e-05
3.9342e-05
5.87369e-05
8.43075e-05
0.000115839
0.000151619
0.00018808
0.000218722
0.000240319
0.000249078
0.000243461
0.000224919
0.000197296
0.000162382
0.000127811
9.69472e-05
7.1354e-05
5.1247e-05
3.60808e-05
2.53996e-05
1.78563e-05
1.24525e-05
8.61791e-06
5.91233e-06
4.00869e-06
2.66863e-06
1.72067e-06
1.04259e-06
5.47718e-07
1.61205e-07
)
;
    }
    frontAndBack
    {
        type            empty;
    }
}


// ************************************************************************* //
