/*--------------------------------*- C++ -*----------------------------------*\
| =========                 |                                                 |
| \\      /  F ield         | OpenFOAM: The Open Source CFD Toolbox           |
|  \\    /   O peration     | Version:  2312                                  |
|   \\  /    A nd           | Website:  www.openfoam.com                      |
|    \\/     M anipulation  |                                                 |
\*---------------------------------------------------------------------------*/
FoamFile
{
    version     2.0;
    format      ascii;
    arch        "LSB;label=64;scalar=64";
    class       volScalarField;
    location    "0.1";
    object      T;
}
// * * * * * * * * * * * * * * * * * * * * * * * * * * * * * * * * * * * * * //

dimensions      [0 0 0 1 0 0 0];

internalField   nonuniform List<scalar> 
4000
(
799.701
799.048
798.333
797.554
796.705
795.783
794.785
793.704
792.538
791.281
789.928
788.474
786.914
785.242
783.452
781.538
779.494
777.314
774.989
772.514
769.88
767.081
764.108
760.954
757.611
754.069
750.321
746.358
742.172
737.755
733.098
728.195
723.037
717.619
711.936
705.981
699.753
693.247
686.464
679.403
672.065
664.452
656.566
648.41
639.984
631.289
622.324
613.082
603.558
593.739
583.615
573.174
562.406
551.314
539.913
528.249
516.404
504.523
492.807
481.555
471.161
462.116
454.982
450.345
448.739
450.561
455.964
464.896
477.046
491.925
508.947
527.501
547.013
566.974
586.947
606.56
625.496
643.476
660.3
675.83
690.008
702.851
714.439
724.894
734.329
742.852
750.547
757.485
763.722
769.307
774.288
778.716
782.635
786.091
789.127
791.784
794.1
796.112
797.853
799.353
799.703
799.054
798.344
797.57
796.726
795.811
794.819
793.745
792.587
791.338
789.994
788.55
787
785.339
783.562
781.661
779.632
777.466
775.159
772.702
770.089
767.311
764.362
761.234
757.918
754.407
750.692
746.765
742.618
738.243
733.632
728.778
723.674
718.313
712.69
706.799
700.638
694.202
687.491
680.502
673.235
665.691
657.868
649.766
641.384
632.716
623.757
614.498
604.925
595.023
584.775
574.167
563.186
551.833
540.126
528.118
515.898
503.63
491.546
479.97
469.32
460.112
452.926
448.35
446.903
448.952
454.62
463.806
476.178
491.222
508.343
526.946
546.475
566.429
586.378
605.963
624.876
642.857
659.692
675.258
689.487
702.395
714.053
724.579
734.079
742.659
750.402
757.38
763.648
769.256
774.256
778.697
782.626
786.089
789.128
791.787
794.104
796.115
797.855
799.354
799.707
799.066
798.365
797.599
796.767
795.863
794.883
793.824
792.68
791.448
790.122
788.697
787.169
785.531
783.778
781.905
779.905
777.771
775.498
773.078
770.505
767.771
764.87
761.793
758.532
755.081
751.43
747.573
743.501
739.207
734.683
729.921
724.915
719.658
714.144
708.367
702.323
696.008
689.416
682.545
675.392
667.952
660.22
652.192
643.86
635.213
626.239
616.924
607.247
597.191
586.734
575.859
564.557
552.831
540.699
528.228
515.575
502.894
490.451
478.596
467.777
458.528
451.434
447.07
445.92
448.298
454.294
463.753
476.294
491.425
508.577
527.165
546.639
566.517
586.386
605.888
624.725
642.641
659.426
674.956
689.175
702.095
713.782
724.346
733.887
742.506
750.284
757.291
763.584
769.211
774.225
778.677
782.614
786.082
789.125
791.785
794.103
796.115
797.855
799.354
799.712
799.081
798.392
797.64
796.822
795.934
794.972
793.931
792.808
791.598
790.297
788.898
787.398
785.792
784.072
782.235
780.274
778.182
775.955
773.584
771.064
768.387
765.547
762.536
759.346
755.971
752.402
748.632
744.654
740.459
736.04
731.389
726.499
721.364
715.976
710.328
704.414
698.228
691.764
685.013
677.97
670.625
662.97
654.994
646.683
638.021
628.99
619.57
609.738
599.471
588.747
577.552
565.872
553.741
541.097
528.131
515.06
501.981
489.203
477.107
466.166
456.932
449.99
445.898
445.107
447.877
454.255
464.044
476.856
492.17
509.411
528.004
547.422
567.199
586.936
606.293
624.984
642.769
659.447
674.906
689.083
701.982
713.665
724.237
733.793
742.429
750.225
757.247
763.552
769.189
774.211
778.668
782.609
786.079
789.124
791.785
794.103
796.115
797.855
799.354
799.718
799.1
798.425
797.688
796.887
796.018
795.076
794.058
792.959
791.775
790.502
789.134
787.667
786.096
784.415
782.619
780.703
778.659
776.483
774.167
771.706
769.092
766.319
763.38
760.268
756.974
753.493
749.815
745.934
741.841
737.529
732.99
728.216
723.199
717.931
712.404
706.609
700.537
694.179
687.525
680.564
673.283
665.668
657.703
649.369
640.646
631.509
621.935
611.898
601.373
590.336
578.793
566.652
554.003
540.942
527.533
513.98
500.534
487.469
475.193
464.205
455.068
448.366
444.638
444.292
447.53
454.359
464.537
477.646
493.159
510.502
529.116
548.488
568.171
587.781
606.992
625.533
643.171
659.719
675.068
689.162
702.007
713.66
724.22
733.773
742.411
750.211
757.236
763.544
769.184
774.208
778.666
782.607
786.078
789.123
791.785
794.103
796.115
797.855
799.354
799.724
799.121
798.461
797.742
796.959
796.11
795.19
794.196
793.123
791.967
790.724
789.389
787.958
786.424
784.784
783.031
781.16
779.166
777.043
774.783
772.382
769.832
767.127
764.259
761.223
758.009
754.612
751.022
747.233
743.236
739.023
734.585
729.914
725
719.834
714.406
708.705
702.72
696.439
689.849
682.934
675.679
668.064
660.069
651.671
642.845
633.563
623.798
613.519
602.714
591.292
579.268
566.724
553.667
540.161
526.336
512.382
498.615
485.316
472.924
461.958
452.992
446.603
443.306
443.454
447.21
454.526
465.122
478.555
494.287
511.753
530.404
549.746
569.345
588.835
607.905
626.293
643.775
660.184
675.413
689.411
702.183
713.787
724.313
733.844
742.467
750.256
757.273
763.574
769.208
774.226
778.681
782.618
786.086
789.129
791.789
794.106
796.117
797.855
799.354
799.731
799.142
798.498
797.797
797.034
796.205
795.308
794.339
793.292
792.165
790.953
789.65
788.254
786.758
785.157
783.447
781.622
779.676
777.603
775.398
773.054
770.564
767.923
765.122
762.155
759.015
755.693
752.182
748.474
744.559
740.43
736.076
731.488
726.656
721.568
716.213
710.577
704.648
698.411
691.848
684.943
677.675
670.022
661.96
653.463
644.503
635.049
625.068
614.484
603.265
591.473
579.097
566.139
552.657
538.742
524.539
510.259
496.22
482.752
470.316
459.451
450.734
444.733
441.932
442.62
446.932
454.764
465.794
479.563
495.526
513.123
531.82
551.138
570.66
590.035
608.965
627.201
644.524
660.789
675.89
689.781
702.471
714.011
724.491
733.988
742.585
750.353
757.352
763.638
769.259
774.267
778.712
782.642
786.104
789.142
791.798
794.112
796.12
797.857
799.355
799.738
799.164
798.536
797.852
797.108
796.3
795.426
794.48
793.46
792.36
791.177
789.907
788.544
787.084
785.521
783.851
782.068
780.167
778.142
775.986
773.694
771.259
768.674
765.932
763.026
759.949
756.692
753.247
749.605
745.758
741.694
737.405
732.88
728.105
723.07
717.761
712.162
706.258
700.032
693.465
686.535
679.22
671.496
663.335
654.71
645.593
635.954
625.619
614.708
603.193
591.052
578.291
564.945
551.076
536.793
522.259
507.707
493.459
479.889
467.48
456.785
448.383
442.824
440.566
441.818
446.704
455.06
466.531
480.637
496.833
514.565
533.313
552.613
572.064
591.329
610.124
628.21
645.38
661.499
676.469
690.249
702.847
714.317
724.742
734.196
742.758
750.497
757.471
763.736
769.338
774.33
778.761
782.68
786.133
789.163
791.813
794.122
796.127
797.861
799.356
799.744
799.184
798.572
797.905
797.18
796.392
795.539
794.616
793.62
792.547
791.392
790.151
788.819
787.392
785.864
784.231
782.486
780.625
778.642
776.53
774.283
771.895
769.359
766.667
763.812
760.786
757.581
754.189
750.599
746.801
742.787
738.543
734.059
729.321
724.315
719.026
713.438
707.532
701.289
694.688
687.704
680.314
672.488
664.198
655.411
646.093
636.212
625.618
614.409
602.562
590.073
576.955
563.249
549.029
534.419
519.6
504.827
490.429
476.82
464.504
454.04
446.006
440.933
439.246
441.077
446.542
455.416
467.32
481.757
498.18
516.045
534.843
554.127
573.512
592.672
611.337
629.279
646.3
662.276
677.116
690.782
703.287
714.682
725.046
734.451
742.973
750.676
757.621
763.859
769.438
774.41
778.825
782.73
786.171
789.192
791.834
794.137
796.136
797.866
799.357
799.75
799.204
798.607
797.956
797.247
796.478
795.645
794.743
793.77
792.721
791.591
790.377
789.073
787.675
786.178
784.577
782.867
781.041
779.093
777.019
774.81
772.461
769.965
767.314
764.499
761.514
758.35
754.996
751.443
747.681
743.698
739.483
735.021
730.299
725.302
720.013
714.413
708.483
702.201
695.543
688.484
680.996
673.049
664.613
655.659
646.156
635.947
625.107
613.618
601.468
588.66
575.215
561.183
546.651
531.758
516.699
501.733
487.247
473.659
461.49
451.307
443.68
439.118
437.996
440.423
446.454
455.831
468.149
482.9
499.538
517.527
536.373
555.642
574.964
594.026
612.567
630.372
647.251
663.089
677.802
691.357
703.768
715.087
725.388
734.74
743.217
750.883
757.793
764.002
769.555
774.505
778.901
782.79
786.217
789.226
791.859
794.154
796.148
797.872
799.359
799.756
799.222
798.638
798.002
797.309
796.557
795.742
794.859
793.906
792.878
791.771
790.581
789.302
787.93
786.46
784.887
783.205
781.408
779.491
777.447
775.27
772.953
770.488
767.869
765.085
762.13
758.994
755.668
752.14
748.399
744.434
740.231
735.777
731.055
726.05
720.743
715.115
709.143
702.805
696.074
688.924
681.323
673.242
664.65
655.51
645.785
635.333
624.238
612.478
600.044
586.942
573.2
558.876
544.072
528.927
513.652
498.545
484.022
470.505
458.527
448.658
441.46
437.42
436.852
439.862
446.436
456.29
468.996
484.039
500.876
518.98
537.869
557.124
576.386
595.355
613.78
631.455
648.201
663.908
678.501
691.949
704.267
715.512
725.749
735.048
743.479
751.104
757.979
764.157
769.682
774.609
778.984
782.855
786.268
789.265
791.887
794.174
796.16
797.879
799.361
799.761
799.238
798.667
798.043
797.365
796.628
795.828
794.963
794.028
793.019
791.931
790.761
789.504
788.154
786.707
785.157
783.499
781.727
779.834
777.815
775.663
773.37
770.93
768.334
765.573
762.639
759.522
756.212
752.698
748.968
745.009
740.807
736.348
731.614
726.588
721.251
715.582
709.557
703.151
696.336
689.086
681.37
673.152
664.398
655.069
645.13
634.451
623.118
611.107
598.413
585.044
571.036
556.457
541.397
526.02
510.559
495.382
480.867
467.456
455.695
446.159
439.396
435.871
435.835
439.396
446.481
456.777
469.841
485.151
502.169
520.375
539.302
558.541
577.747
596.629
614.947
632.503
649.124
664.71
679.189
692.536
704.768
715.942
726.116
735.361
743.746
751.331
758.171
764.317
769.814
774.716
779.071
782.924
786.321
789.306
791.918
794.195
796.174
797.887
799.363
799.765
799.253
798.692
798.08
797.414
796.69
795.904
795.054
794.134
793.141
792.071
790.918
789.678
788.347
786.919
785.388
783.749
781.997
780.124
778.124
775.991
773.717
771.294
768.714
765.969
763.048
759.943
756.642
753.133
749.405
745.443
741.233
736.759
732.005
726.95
721.575
715.857
709.77
703.292
696.393
689.042
681.207
672.853
663.946
654.451
644.243
633.38
621.841
609.609
596.683
583.079
568.838
554.014
538.725
523.15
507.615
492.383
477.882
464.591
453.059
443.857
437.52
434.49
434.951
439.024
446.577
457.276
470.662
486.211
503.388
521.685
540.643
559.867
579.02
597.823
616.043
633.489
649.997
665.472
679.847
693.101
705.252
716.358
726.473
735.668
744.009
751.555
758.36
764.475
769.945
774.823
779.157
782.993
786.375
789.347
791.948
794.217
796.188
797.894
799.365
799.769
799.265
798.713
798.111
797.456
796.743
795.97
795.132
794.225
793.246
792.189
791.051
789.826
788.51
787.097
785.582
783.958
782.221
780.363
778.378
776.259
773.999
771.588
769.019
766.283
763.37
760.27
756.971
753.462
749.729
745.758
741.535
737.041
732.26
727.172
721.753
715.983
709.837
703.285
696.299
688.847
680.895
672.409
663.352
653.687
643.302
632.255
620.522
608.09
594.96
581.152
566.69
551.657
536.186
520.478
504.847
489.586
475.126
461.969
450.669
441.792
435.858
433.289
434.202
438.738
446.712
457.767
471.437
487.196
504.512
522.886
541.87
561.078
580.183
598.914
617.046
634.394
650.801
666.176
680.458
693.629
705.706
716.749
726.81
735.958
744.258
751.767
758.54
764.625
770.07
774.926
779.24
783.059
786.427
789.386
791.977
794.237
796.201
797.902
799.368
799.773
799.275
798.731
798.138
797.491
796.788
796.024
795.197
794.301
793.333
792.288
791.161
789.948
788.644
787.243
785.74
784.129
782.403
780.557
778.583
776.474
774.222
771.82
769.258
766.527
763.618
760.518
757.218
753.703
749.962
745.979
741.738
737.222
732.412
727.288
721.828
716.007
709.799
703.176
696.108
688.562
680.503
671.896
662.703
652.888
642.352
631.144
619.243
606.637
593.33
579.326
564.669
549.45
533.811
518.033
502.327
487.054
472.654
459.638
448.563
439.988
434.422
432.271
433.585
438.528
446.867
458.232
472.147
488.084
505.519
523.957
542.962
562.154
581.217
599.884
617.939
635.201
651.519
666.807
681.008
694.104
706.117
717.104
727.117
736.223
744.486
751.962
758.705
764.764
770.185
775.021
779.317
783.12
786.475
789.423
792.005
794.257
796.214
797.908
799.37
799.775
799.284
798.746
798.159
797.52
796.824
796.069
795.25
794.362
793.403
792.367
791.25
790.047
788.752
787.361
785.867
784.265
782.548
780.71
778.743
776.641
774.396
771.998
769.44
766.711
763.802
760.701
757.396
753.875
750.123
746.126
741.867
737.328
732.49
727.333
721.832
715.963
709.7
703.013
695.871
688.241
680.088
671.376
662.067
652.124
641.459
630.115
618.072
605.321
591.855
577.685
562.867
547.502
531.744
515.877
500.124
484.855
470.521
457.64
446.771
438.467
433.225
431.428
433.095
438.381
447.028
458.653
472.771
488.858
506.389
524.88
543.9
563.079
582.104
600.718
618.707
635.896
652.139
667.353
681.485
694.518
706.476
717.414
727.386
736.455
744.685
752.133
758.85
764.886
770.287
775.104
779.385
783.174
786.517
789.456
792.029
794.274
796.225
797.915
799.372
799.777
799.29
798.758
798.176
797.543
796.853
796.104
795.291
794.411
793.458
792.429
791.319
790.123
788.835
787.451
785.964
784.369
782.658
780.826
778.865
776.767
774.525
772.131
769.574
766.846
763.935
760.831
757.521
753.992
750.23
746.219
741.943
737.384
732.521
727.333
721.797
715.887
709.576
702.835
695.631
687.932
679.703
670.907
661.509
651.431
640.672
629.222
617.067
604.199
590.598
576.293
561.347
545.866
530.01
514.078
498.294
483.038
468.768
456.007
445.315
437.24
432.269
430.754
432.721
438.285
447.181
459.014
473.295
489.5
507.108
525.641
544.672
563.838
582.833
601.402
619.337
636.468
652.649
667.804
681.878
694.861
706.773
717.672
727.609
736.649
744.852
752.275
758.971
764.988
770.372
775.174
779.441
783.22
786.553
789.483
792.049
794.288
796.235
797.92
799.373
799.779
799.295
798.767
798.189
797.559
796.874
796.13
795.322
794.446
793.499
792.475
791.37
790.179
788.897
787.517
786.035
784.444
782.738
780.909
778.952
776.857
774.618
772.224
769.668
766.939
764.026
760.919
757.604
754.068
750.297
746.275
741.985
737.408
732.525
727.313
721.749
715.807
709.458
702.675
695.423
687.671
679.382
670.52
661.049
650.879
640.042
628.513
616.275
603.31
589.608
575.202
560.159
544.591
528.662
512.684
496.881
481.64
467.424
454.761
444.209
436.313
431.551
430.252
432.449
438.226
447.311
459.3
473.704
489.996
507.662
526.225
545.264
564.42
583.391
601.927
619.821
636.907
653.042
668.15
682.182
695.126
707.003
717.872
727.783
736.799
744.982
752.387
759.065
765.067
770.438
775.229
779.486
783.256
786.581
789.505
792.065
794.3
796.242
797.924
799.374
799.78
799.299
798.772
798.197
797.571
796.888
796.147
795.342
794.47
793.526
792.505
791.404
790.216
788.937
787.561
786.082
784.493
782.79
780.964
779.009
776.916
774.677
772.285
769.728
766.998
764.084
760.974
757.655
754.114
750.336
746.306
742.006
737.417
732.52
727.291
721.707
715.742
709.368
702.555
695.27
687.481
679.151
670.243
660.721
650.499
639.608
628.023
615.728
602.695
588.924
574.45
559.343
543.715
527.737
511.729
495.915
480.687
466.51
453.916
443.461
435.689
431.071
429.918
432.272
438.193
447.405
459.5
473.985
490.337
508.041
526.624
545.669
564.818
583.773
602.285
620.152
637.207
653.31
668.388
682.39
695.307
707.161
718.01
727.902
736.903
745.071
752.463
759.131
765.122
770.484
775.266
779.517
783.28
786.601
789.52
792.076
794.308
796.247
797.927
799.375
799.78
799.3
798.775
798.202
797.576
796.895
796.155
795.352
794.482
793.539
792.521
791.421
790.235
788.957
787.583
786.105
784.519
782.817
780.992
779.037
776.945
774.708
772.315
769.759
767.029
764.113
761.002
757.681
754.137
750.356
746.321
742.016
737.421
732.516
727.278
721.684
715.707
709.32
702.491
695.19
687.381
679.03
670.099
660.551
650.303
639.386
627.773
615.448
602.38
588.573
574.064
558.922
543.264
527.26
511.236
495.417
480.195
466.04
453.481
443.078
435.37
430.826
429.749
432.183
438.178
447.455
459.604
474.132
490.515
508.238
526.831
545.878
565.024
583.971
602.471
620.323
637.363
653.45
668.511
682.499
695.402
707.244
718.082
727.965
736.957
745.118
752.504
759.165
765.151
770.508
775.286
779.533
783.294
786.611
789.528
792.082
794.312
796.25
797.928
799.376
799.78
799.301
798.775
798.202
797.577
796.896
796.156
795.353
794.482
793.54
792.522
791.422
790.236
788.959
787.585
786.107
784.521
782.819
780.994
779.04
776.948
774.711
772.318
769.762
767.032
764.117
761.005
757.685
754.141
750.36
746.325
742.02
737.425
732.519
727.281
721.687
715.71
709.322
702.493
695.191
687.381
679.028
670.096
660.547
650.298
639.378
627.763
615.437
602.366
588.557
574.045
558.901
543.241
527.235
511.209
495.389
480.167
466.012
453.455
443.054
435.35
430.81
429.738
432.177
438.177
447.458
459.611
474.142
490.527
508.252
526.846
545.893
565.039
583.985
602.485
620.336
637.374
653.46
668.52
682.507
695.409
707.25
718.087
727.97
736.961
745.122
752.507
759.168
765.154
770.51
775.288
779.534
783.295
786.612
789.528
792.083
794.312
796.25
797.928
799.376
799.78
799.299
798.773
798.198
797.572
796.89
796.148
795.344
794.472
793.528
792.509
791.407
790.22
788.942
787.566
786.087
784.5
782.797
780.971
779.016
776.924
774.686
772.294
769.738
767.009
764.095
760.985
757.667
754.126
750.348
746.318
742.018
737.429
732.531
727.301
721.716
715.75
709.374
702.559
695.273
687.48
679.147
670.235
660.709
650.482
639.586
627.996
615.694
602.655
588.876
574.395
559.28
543.646
527.662
511.648
495.831
480.602
466.427
453.837
443.39
435.629
431.024
429.884
432.253
438.189
447.414
459.52
474.015
490.373
508.082
526.667
545.713
564.862
583.815
602.325
620.189
637.241
653.34
668.415
682.414
695.328
707.18
718.026
727.917
736.915
745.082
752.473
759.139
765.129
770.49
775.271
779.521
783.284
786.603
789.522
792.078
794.309
796.248
797.927
799.375
799.779
799.296
798.768
798.19
797.561
796.877
796.133
795.325
794.45
793.504
792.481
791.377
790.186
788.905
787.526
786.045
784.455
782.749
780.922
778.965
776.872
774.633
772.241
769.685
766.957
764.045
760.938
757.624
754.088
750.318
746.296
742.006
737.429
732.545
727.332
721.766
715.821
709.471
702.684
695.429
687.672
679.378
670.51
661.031
650.852
640.006
628.468
616.22
603.244
589.53
575.112
560.057
544.477
528.537
512.551
496.743
481.499
467.286
454.63
444.09
436.212
431.471
430.195
432.417
438.219
447.325
459.333
473.752
490.056
507.729
526.296
545.338
564.493
583.462
601.994
619.883
636.963
653.092
668.196
682.222
695.161
707.034
717.899
727.807
736.82
745
752.402
759.079
765.079
770.448
775.237
779.493
783.261
786.586
789.508
792.068
794.301
796.243
797.924
799.375
799.778
799.291
798.759
798.179
797.545
796.857
796.108
795.296
794.417
793.465
792.437
791.329
790.133
788.847
787.464
785.978
784.384
782.675
780.844
778.884
776.788
774.548
772.154
769.599
766.872
763.962
760.859
757.55
754.022
750.26
746.25
741.974
737.414
732.55
727.361
721.823
715.911
709.597
702.851
695.643
687.938
679.701
670.898
661.492
651.394
640.625
629.164
616.995
604.112
590.494
576.172
561.209
545.711
529.84
513.896
498.104
482.845
468.577
455.825
445.149
437.098
432.156
430.672
432.675
438.273
447.2
459.059
473.362
489.582
507.201
525.74
544.774
563.939
582.931
601.495
619.423
636.547
652.72
667.867
681.934
694.91
706.816
717.71
727.642
736.678
744.877
752.297
758.99
765.004
770.385
775.185
779.451
783.228
786.559
789.488
792.053
794.291
796.236
797.921
799.373
799.776
799.285
798.748
798.162
797.524
796.829
796.075
795.256
794.371
793.413
792.378
791.262
790.06
788.767
787.378
785.885
784.285
782.57
780.734
778.769
776.669
774.426
772.03
769.474
766.747
763.839
760.739
757.436
753.916
750.165
746.169
741.91
737.371
732.532
727.373
721.87
715.999
709.732
703.04
695.892
688.254
680.092
671.37
662.049
652.091
641.41
630.05
617.989
605.219
591.731
577.538
562.698
547.312
531.534
515.652
499.887
484.612
470.28
457.409
446.559
438.284
433.079
431.322
433.034
438.363
447.05
458.709
472.855
488.962
506.507
525.007
544.03
563.208
582.229
600.836
618.817
635.997
652.229
667.434
681.555
694.58
706.53
717.462
727.428
736.492
744.717
752.161
758.874
764.906
770.304
775.118
779.396
783.184
786.525
789.462
792.033
794.277
796.227
797.916
799.372
799.773
799.277
798.734
798.141
797.496
796.794
796.032
795.205
794.311
793.345
792.301
791.177
789.966
788.664
787.265
785.764
784.155
782.432
780.588
778.616
776.51
774.261
771.861
769.302
766.573
763.666
760.569
757.27
753.758
750.018
746.036
741.796
737.28
732.47
727.344
721.882
716.058
709.846
703.218
696.143
688.588
680.519
671.899
662.692
652.86
642.306
631.078
619.154
606.525
593.192
579.161
564.476
549.229
533.565
517.769
502.048
486.767
472.366
459.36
448.307
439.766
434.242
432.142
433.506
438.501
446.889
458.296
472.245
488.208
505.661
524.11
543.119
562.311
581.368
600.028
618.072
635.323
651.628
666.905
681.094
694.179
706.183
717.162
727.167
736.267
744.524
751.995
758.734
764.788
770.206
775.038
779.331
783.132
786.484
789.43
792.01
794.26
796.216
797.91
799.37
799.77
799.267
798.716
798.116
797.462
796.75
795.979
795.142
794.238
793.26
792.206
791.07
789.848
788.534
787.123
785.611
783.991
782.256
780.402
778.42
776.304
774.047
771.64
769.074
766.342
763.432
760.335
757.039
753.532
749.802
745.833
741.611
737.119
732.338
727.248
721.828
716.056
709.905
703.348
696.355
688.893
680.93
672.43
663.357
653.672
643.266
632.196
620.438
607.978
594.818
580.979
566.485
551.419
535.918
520.184
504.534
489.26
474.797
461.65
450.373
441.531
435.645
433.133
434.105
438.702
446.733
457.838
471.549
487.338
504.676
523.063
542.053
561.26
580.36
599.082
617.202
634.537
650.928
666.289
680.558
693.716
705.782
716.816
726.869
736.01
744.303
751.806
758.573
764.654
770.095
774.946
779.257
783.072
786.438
789.395
791.983
794.242
796.204
797.903
799.368
799.766
799.255
798.695
798.085
797.421
796.699
795.915
795.067
794.149
793.159
792.091
790.941
789.704
788.376
786.951
785.424
783.789
782.04
780.171
778.175
776.046
773.776
771.358
768.782
766.041
763.125
760.024
756.727
753.222
749.497
745.539
741.332
736.86
732.107
727.053
721.677
715.956
709.867
703.384
696.478
689.118
681.27
672.902
663.977
654.46
644.229
633.34
621.771
609.508
596.548
582.909
568.633
553.77
538.445
522.839
507.28
492.033
477.522
464.237
452.727
443.562
437.276
434.308
434.834
438.976
446.595
457.351
470.785
486.37
503.573
521.885
540.851
560.074
579.221
598.014
616.22
633.651
650.142
665.601
679.96
693.2
705.338
716.433
726.539
735.726
744.06
751.599
758.398
764.507
769.973
774.846
779.176
783.008
786.387
789.356
791.955
794.222
796.191
797.896
799.366
799.762
799.241
798.671
798.049
797.373
796.638
795.841
794.978
794.046
793.04
791.956
790.789
789.535
788.189
786.745
785.2
783.546
781.778
779.891
777.877
775.73
773.442
771.007
768.417
765.662
762.733
759.622
756.318
752.809
749.084
745.13
740.933
736.477
731.746
726.723
721.386
715.716
709.689
703.279
696.458
689.2
681.473
673.24
664.467
655.117
645.151
634.444
623.078
611.032
598.3
584.892
570.842
556.221
541.119
525.703
510.207
495.013
480.485
467.075
455.333
445.833
439.123
435.664
435.699
439.337
446.494
456.856
469.973
485.325
502.372
520.597
539.532
558.772
577.971
596.842
615.145
632.683
649.286
664.853
679.315
692.646
704.863
716.025
726.189
735.425
743.802
751.38
758.213
764.352
769.844
774.741
779.091
782.941
786.335
789.316
791.925
794.201
796.178
797.889
799.364
799.757
799.225
798.643
798.009
797.319
796.569
795.756
794.877
793.927
792.903
791.8
790.613
789.338
787.971
786.505
784.937
783.261
781.47
779.558
777.521
775.35
773.04
770.582
767.969
765.193
762.246
759.117
755.798
752.277
748.544
744.586
740.389
735.941
731.225
726.224
720.92
715.293
709.321
702.98
696.245
689.086
681.475
673.382
664.773
655.609
645.857
635.374
624.243
612.445
599.97
586.822
573.032
558.66
543.808
528.616
513.299
498.163
483.625
470.106
458.143
448.309
441.163
437.192
436.699
439.79
446.444
456.369
469.135
484.226
501.096
519.221
538.121
557.376
576.632
595.588
613.997
631.653
648.378
664.065
678.637
692.068
704.371
715.603
725.828
735.117
743.539
751.156
758.025
764.195
769.715
774.636
779.006
782.873
786.282
789.276
791.896
794.18
796.164
797.881
799.362
799.751
799.207
798.612
797.964
797.258
796.492
795.662
794.764
793.794
792.749
791.624
790.414
789.115
787.723
786.231
784.636
782.932
781.113
779.172
777.105
774.905
772.564
770.076
767.434
764.629
761.653
758.498
755.154
751.611
747.858
743.885
739.679
735.226
730.513
725.523
720.239
714.644
708.716
702.435
695.775
688.711
681.215
673.256
664.803
655.829
646.299
636.055
625.177
613.647
601.452
588.594
575.097
561.01
546.424
531.479
516.372
501.366
486.855
473.257
461.097
450.943
443.366
438.872
437.827
440.341
446.456
455.91
468.293
483.096
499.772
517.785
536.643
555.914
575.229
594.278
612.802
630.585
647.442
663.257
677.949
691.484
703.878
715.183
725.472
734.814
743.281
750.938
757.841
764.043
769.59
774.534
778.925
782.809
786.232
789.238
791.868
794.161
796.152
797.874
799.36
799.745
799.188
798.579
797.914
797.192
796.408
795.558
794.64
793.648
792.579
791.429
790.193
788.867
787.446
785.925
784.299
782.562
780.709
778.734
776.631
774.394
772.016
769.49
766.809
763.965
760.951
757.759
754.379
750.801
747.017
743.015
738.784
734.312
729.586
724.591
719.312
713.732
707.833
701.595
694.995
688.01
680.615
672.78
664.475
655.667
646.323
636.414
625.783
614.527
602.63
590.086
576.91
563.143
548.862
534.192
519.318
504.497
490.063
476.434
464.117
453.675
445.684
440.675
439.067
440.985
446.538
455.494
467.469
481.962
498.427
516.318
535.13
554.417
573.795
592.942
611.587
629.507
646.503
662.454
677.271
690.917
703.404
714.783
725.134
734.528
743.04
750.735
757.671
763.902
769.474
774.441
778.85
782.75
786.187
789.204
791.843
794.143
796.141
797.868
799.358
799.739
799.167
798.543
797.862
797.122
796.318
795.448
794.507
793.491
792.397
791.22
789.955
788.599
787.146
785.591
783.929
782.155
780.263
778.248
776.103
773.822
771.399
768.827
766.098
763.206
760.144
756.902
753.473
749.847
746.016
741.97
737.698
733.189
728.431
723.412
718.117
712.532
706.64
700.423
693.862
686.936
679.621
671.892
663.721
655.08
645.94
636.269
625.896
614.942
603.374
591.171
578.347
564.933
550.995
536.644
522.045
507.435
493.14
479.537
467.117
456.433
448.066
442.565
440.384
441.72
446.696
455.136
466.682
480.849
497.09
514.851
533.615
552.918
572.363
591.613
610.388
628.45
645.593
661.686
676.631
690.388
702.968
714.421
724.833
734.276
742.828
750.557
757.523
763.78
769.375
774.361
778.787
782.701
786.149
789.176
791.823
794.129
796.132
797.864
799.356
799.732
799.146
798.506
797.808
797.049
796.225
795.333
794.368
793.327
792.206
791
789.705
788.316
786.828
785.236
783.536
781.72
779.785
777.724
775.532
773.201
770.725
768.099
765.314
762.364
759.242
755.939
752.447
748.759
744.866
740.758
736.426
731.86
727.05
721.983
716.649
711.033
705.123
698.901
692.352
685.456
678.194
670.543
662.477
653.972
644.997
635.524
625.522
614.836
603.573
591.727
579.282
566.251
552.691
538.699
524.42
510.071
495.972
482.459
469.997
459.13
450.437
444.484
441.754
442.523
446.923
454.842
465.949
479.781
495.791
513.42
532.134
551.456
570.972
590.332
609.241
627.451
644.746
660.982
676.058
689.925
702.594
714.118
724.584
734.069
742.656
750.414
757.406
763.684
769.298
774.299
778.738
782.664
786.121
789.155
791.808
794.119
796.125
797.86
799.355
799.726
799.125
798.469
797.754
796.976
796.132
795.217
794.228
793.162
792.013
790.777
789.45
788.027
786.502
784.872
783.13
781.271
779.289
777.179
774.934
772.548
770.015
767.327
764.479
761.462
758.27
754.895
751.329
747.565
743.594
739.408
734.998
730.355
725.469
720.332
714.932
709.259
703.3
697.043
690.474
683.577
676.335
668.729
660.737
652.335
643.498
634.197
624.402
614.077
603.23
591.699
579.617
566.996
553.849
540.255
526.344
512.307
498.465
485.106
472.673
461.689
452.732
446.38
443.143
443.366
447.207
454.608
465.281
478.778
494.56
512.059
530.728
550.074
569.667
589.142
608.189
626.551
644.002
660.382
675.583
689.556
702.308
713.894
724.406
733.925
742.538
750.318
757.327
763.62
769.246
774.259
778.707
782.64
786.103
789.142
791.799
794.113
796.121
797.858
799.355
799.719
799.105
798.434
797.702
796.906
796.041
795.105
794.093
793.001
791.825
790.559
789.2
787.743
786.182
784.512
782.728
780.825
778.795
776.634
774.335
771.891
769.296
766.544
763.627
760.538
757.27
753.815
750.165
746.314
742.253
737.974
733.469
728.73
723.75
718.518
713.027
707.269
701.232
694.908
688.285
681.351
674.093
666.496
658.541
650.211
641.481
632.329
622.729
612.654
602.079
590.973
579.358
567.098
554.372
541.21
527.706
514.038
500.51
487.37
475.036
464.012
454.867
448.185
444.503
444.222
447.539
454.449
464.702
477.877
493.439
510.815
529.448
548.825
568.501
588.094
607.283
625.796
643.402
659.919
675.24
689.307
702.13
713.766
724.312
733.853
742.481
750.272
757.289
763.59
769.222
774.24
778.692
782.629
786.095
789.136
791.794
794.11
796.119
797.857
799.354
799.714
799.087
798.402
797.655
796.842
795.959
795.003
793.969
792.854
791.652
790.359
788.97
787.48
785.885
784.178
782.353
780.407
778.331
776.12
773.768
771.267
768.612
765.795
762.809
759.646
756.3
752.762
749.025
745.081
740.923
736.543
731.934
727.087
721.996
716.653
711.052
705.185
699.045
692.624
685.916
678.911
671.601
663.975
656.02
647.721
639.062
630.022
620.581
610.714
600.399
589.614
578.342
566.568
554.333
541.569
528.492
515.31
502.119
489.244
477.069
466.073
456.811
449.87
445.807
445.069
447.907
454.36
464.221
477.095
492.458
509.731
528.343
547.765
567.535
587.254
606.587
625.249
643.002
659.647
675.076
689.226
702.103
713.769
724.327
733.871
742.498
750.285
757.299
763.596
769.227
774.242
778.694
782.63
786.096
789.136
791.795
794.11
796.12
797.857
799.354
799.709
799.072
798.375
797.615
796.788
795.889
794.916
793.864
792.728
791.504
790.188
788.773
787.256
785.63
783.891
782.031
780.047
777.93
775.675
773.276
770.725
768.014
765.138
762.089
758.859
755.439
751.824
748.004
743.972
739.72
735.241
730.527
725.571
720.367
714.907
709.187
703.2
696.941
690.406
683.59
676.487
669.094
661.404
653.41
645.101
636.468
627.495
618.166
608.461
598.36
587.842
576.889
565.493
553.657
541.395
528.799
516.018
503.218
490.661
478.706
467.81
458.511
451.396
447.041
445.928
448.36
454.419
463.944
476.544
491.721
508.905
527.509
546.986
566.856
586.706
606.183
624.989
642.872
659.623
675.123
689.315
702.212
713.882
724.432
733.962
742.572
750.342
757.341
763.627
769.247
774.256
778.703
782.635
786.098
789.137
791.795
794.11
796.12
797.857
799.354
799.705
799.061
798.355
797.586
796.748
795.839
794.853
793.787
792.637
791.397
790.062
788.629
787.091
785.443
783.679
781.794
779.781
777.634
775.346
772.91
770.32
767.568
764.647
761.548
758.265
754.789
751.112
747.226
743.123
738.795
734.234
729.433
724.386
719.084
713.523
707.697
701.602
695.234
688.59
681.667
674.464
666.979
659.211
651.156
642.81
634.168
625.221
615.958
606.364
596.424
586.12
575.435
564.36
552.896
541.065
528.921
516.565
504.154
491.939
480.245
469.497
460.216
452.987
448.399
446.969
449.056
454.776
464.017
476.44
491.526
508.676
527.294
546.824
566.768
586.697
606.256
625.139
643.083
659.885
675.419
689.622
702.507
714.148
724.661
734.151
742.721
750.458
757.428
763.69
769.292
774.286
778.722
782.646
786.104
789.141
791.796
794.11
796.119
797.857
799.354
799.703
799.054
798.344
797.57
796.727
795.812
794.82
793.747
792.589
791.341
789.998
788.555
787.007
785.348
783.573
781.674
779.647
777.485
775.181
772.728
770.118
767.346
764.402
761.279
757.969
754.464
750.755
746.835
742.695
738.328
733.724
728.878
723.78
718.426
712.81
706.925
700.768
694.337
687.628
680.641
673.375
665.83
658.008
649.908
641.529
632.869
623.925
614.69
605.153
595.304
585.13
574.618
563.76
552.56
541.036
529.236
517.248
505.223
493.364
481.98
471.473
462.339
455.144
450.477
448.869
450.713
456.155
465.132
477.326
492.24
509.285
527.851
547.361
567.311
587.263
606.849
625.753
643.696
660.486
675.985
690.136
702.957
714.528
724.972
734.397
742.911
750.6
757.532
763.763
769.341
774.317
778.74
782.655
786.107
789.139
791.793
794.107
796.116
797.855
799.354
)
;

boundaryField
{
    fuel
    {
        type            fixedValue;
        value           uniform 800;
    }
    air
    {
        type            fixedValue;
        value           uniform 800;
    }
    outlet
    {
        type            inletOutlet;
        inletValue      uniform 293;
        value           nonuniform List<scalar> 
200
(
799.698
799.038
798.316
797.529
796.671
795.74
794.731
793.639
792.46
791.19
789.823
788.353
786.776
785.086
783.276
781.341
779.275
777.069
774.718
772.215
769.551
766.719
763.712
760.521
757.137
753.553
749.76
745.75
741.513
737.043
732.33
727.368
722.15
716.669
710.921
704.9
698.605
692.033
685.185
678.061
670.663
662.996
655.061
646.864
638.406
629.69
620.714
611.474
601.962
592.167
582.077
571.676
560.956
549.912
538.56
526.937
515.125
503.258
491.541
480.265
469.825
460.712
453.494
448.764
447.068
448.814
454.162
463.069
475.224
490.134
507.206
525.825
545.409
565.445
585.492
605.177
624.187
642.251
659.162
674.789
689.072
702.024
713.719
724.277
733.805
742.409
750.176
757.176
763.465
769.095
774.114
778.575
782.522
786.002
789.058
791.732
794.063
796.088
797.839
799.349
799.7
799.045
798.328
797.545
796.693
795.768
794.766
793.682
792.512
791.251
789.894
788.435
786.87
785.193
783.398
781.479
779.43
777.243
774.913
772.432
769.793
766.989
764.011
760.851
757.502
753.956
750.204
746.237
742.049
737.629
732.972
728.068
722.912
717.497
711.818
705.87
699.649
693.154
686.383
679.335
672.013
664.416
656.548
648.409
640
631.32
622.366
613.131
603.606
593.779
583.636
573.162
562.348
551.193
539.712
527.95
515.989
503.976
492.111
480.7
470.143
460.938
453.656
448.894
447.195
448.963
454.349
463.302
475.5
490.445
507.542
526.172
545.756
565.78
585.807
605.466
624.444
642.472
659.35
674.947
689.202
702.132
713.811
724.356
733.874
742.47
750.23
757.222
763.506
769.129
774.144
778.599
782.542
786.017
789.07
791.741
794.07
796.092
797.842
799.35
)
;
    }
    frontAndBack
    {
        type            empty;
    }
}


// ************************************************************************* //
