/*--------------------------------*- C++ -*----------------------------------*\
| =========                 |                                                 |
| \\      /  F ield         | OpenFOAM: The Open Source CFD Toolbox           |
|  \\    /   O peration     | Version:  2312                                  |
|   \\  /    A nd           | Website:  www.openfoam.com                      |
|    \\/     M anipulation  |                                                 |
\*---------------------------------------------------------------------------*/
FoamFile
{
    version     2.0;
    format      ascii;
    arch        "LSB;label=64;scalar=64";
    class       volVectorField;
    location    "1.75";
    object      U;
}
// * * * * * * * * * * * * * * * * * * * * * * * * * * * * * * * * * * * * * //

dimensions      [0 1 -1 0 0 0 0];

internalField   nonuniform List<vector> 
150
(
(4.7087e-06 0 0)
(1.29652e-05 0 0)
(2.0051e-05 0 0)
(2.70182e-05 0 0)
(3.48964e-05 0 0)
(4.20813e-05 0 0)
(5.00002e-05 0 0)
(5.70646e-05 0 0)
(6.50612e-05 0 0)
(7.20043e-05 0 0)
(8.00359e-05 0 0)
(8.68279e-05 0 0)
(9.48877e-05 0 0)
(0.000101508 0 0)
(0.000109581 0 0)
(0.000116014 0 0)
(0.000124089 0 0)
(0.00013032 0 0)
(0.000138383 0 0)
(0.000144397 0 0)
(0.000152437 0 0)
(0.000158222 0 0)
(0.000166225 0 0)
(0.000171771 0 0)
(0.000179722 0 0)
(0.00018502 0 0)
(0.000192902 0 0)
(0.000197945 0 0)
(0.000205741 0 0)
(0.000210526 0 0)
(0.000218217 0 0)
(0.000222739 0 0)
(0.000230306 0 0)
(0.000234567 0 0)
(0.000241986 0 0)
(0.000245986 0 0)
(0.000253237 0 0)
(0.00025698 0 0)
(0.000264039 0 0)
(0.000267525 0 0)
(0.000274371 0 0)
(0.000277607 0 0)
(0.000284217 0 0)
(0.000287205 0 0)
(0.000293557 0 0)
(0.000296306 0 0)
(0.000302376 0 0)
(0.000304892 0 0)
(0.00031066 0 0)
(0.000312946 0 0)
(0.000318391 0 0)
(0.000320457 0 0)
(0.000325559 0 0)
(0.000327409 0 0)
(0.00033215 0 0)
(0.000333791 0 0)
(0.000338155 0 0)
(0.00033959 0 0)
(0.000343561 0 0)
(0.000344797 0 0)
(0.000348359 0 0)
(0.000349402 0 0)
(0.000352543 0 0)
(0.000353396 0 0)
(0.000356103 0 0)
(0.000356774 0 0)
(0.000359035 0 0)
(0.00035953 0 0)
(0.000361338 0 0)
(0.000361646 0 0)
(0.00036299 0 0)
(0.000363165 0 0)
(0.000364112 0 0)
(0.000363938 0 0)
(0.00036458 0 0)
(0.000364067 0 0)
(0.000364411 0 0)
(0.000363523 0 0)
(0.000363625 0 0)
(0.000362285 0 0)
(0.000362251 0 0)
(0.000360442 0 0)
(0.000360223 0 0)
(0.000357977 0 0)
(0.000357552 0 0)
(0.000354895 0 0)
(0.000354243 0 0)
(0.000351206 0 0)
(0.000350302 0 0)
(0.000346912 0 0)
(0.000345738 0 0)
(0.000342019 0 0)
(0.000340559 0 0)
(0.000336538 0 0)
(0.000334772 0 0)
(0.000330479 0 0)
(0.00032839 0 0)
(0.000323851 0 0)
(0.000321426 0 0)
(0.000316663 0 0)
(0.000313893 0 0)
(0.000308925 0 0)
(0.000305808 0 0)
(0.000300651 0 0)
(0.000297185 0 0)
(0.000291852 0 0)
(0.000288043 0 0)
(0.000282541 0 0)
(0.000278396 0 0)
(0.000272735 0 0)
(0.000268265 0 0)
(0.00026245 0 0)
(0.000257667 0 0)
(0.000251703 0 0)
(0.000246622 0 0)
(0.000240514 0 0)
(0.000235148 0 0)
(0.0002289 0 0)
(0.000223268 0 0)
(0.000216884 0 0)
(0.000211001 0 0)
(0.000204486 0 0)
(0.000198368 0 0)
(0.000191726 0 0)
(0.000185392 0 0)
(0.000178629 0 0)
(0.000172097 0 0)
(0.000165217 0 0)
(0.000158507 0 0)
(0.000151514 0 0)
(0.000144643 0 0)
(0.000137546 0 0)
(0.000130531 0 0)
(0.000123338 0 0)
(0.000116196 0 0)
(0.000108915 0 0)
(0.000101664 0 0)
(9.43068e-05 0 0)
(8.69627e-05 0 0)
(7.9539e-05 0 0)
(7.21235e-05 0 0)
(6.46414e-05 0 0)
(5.71756e-05 0 0)
(4.96604e-05 0 0)
(4.21754e-05 0 0)
(3.46485e-05 0 0)
(2.70908e-05 0 0)
(1.98899e-05 0 0)
(1.30244e-05 0 0)
(4.65279e-06 0 0)
)
;

boundaryField
{
    leftAndRight
    {
        type            fixedValue;
        value           uniform (0 0 0);
    }
    frontAndBack
    {
        type            empty;
    }
    topAndBottom
    {
        type            empty;
    }
}


// ************************************************************************* //
