/*--------------------------------*- C++ -*----------------------------------*\
  =========                 |
  \\      /  F ield         | OpenFOAM: The Open Source CFD Toolbox
   \\    /   O peration     | Website:  https://openfoam.org
    \\  /    A nd           | Version:  12
     \\/     M anipulation  |
\*---------------------------------------------------------------------------*/
FoamFile
{
    format      ascii;
    class       volScalarField;
    location    "0.002";
    object      rho;
}
// * * * * * * * * * * * * * * * * * * * * * * * * * * * * * * * * * * * * * //

dimensions      [1 -3 0 0 0 0 0];

internalField   nonuniform List<scalar> 
3584
(
1.15862
1.15862
1.15862
1.15862
1.15862
1.15862
1.15862
1.15862
1.15862
1.15862
1.15862
1.15862
1.15862
1.15862
1.15862
1.15862
1.15862
1.15862
1.15862
1.15862
1.15862
1.15862
1.15862
1.15862
1.15862
1.15862
1.15862
1.15862
1.15862
1.15862
1.15862
1.15862
1.15862
1.15862
1.15862
1.15862
1.15862
1.15862
1.15862
1.15862
1.15862
1.15862
1.15862
1.15862
1.15862
1.15862
1.15862
1.15862
1.15862
1.15862
1.15862
1.15862
1.15862
1.15862
1.15862
1.15862
1.15862
1.15862
1.15862
1.15862
1.15862
1.15862
1.15862
1.15862
1.15862
1.15862
1.15862
1.15862
1.15862
1.15862
1.15862
1.15862
1.15862
1.15862
1.15862
1.15862
1.15862
1.15862
1.15862
1.15862
1.15862
1.15862
1.15862
1.15862
1.15862
1.15862
1.15862
1.15862
1.15862
1.15862
1.15862
1.15862
1.15862
1.15862
1.15862
1.15862
1.15862
1.15862
1.15862
1.15862
1.15862
1.15862
1.15862
1.15862
1.15862
1.15862
1.15862
1.15862
1.15862
1.15862
1.15862
1.15862
1.15862
1.15862
1.15862
1.15862
1.15862
1.15862
1.15862
1.15862
1.15862
1.15862
1.15862
1.15862
1.15862
1.15862
1.15862
1.15862
1.15862
1.15862
1.15862
1.15862
1.15862
1.15862
1.15862
1.15862
1.15862
1.15862
1.15862
1.15862
1.15862
1.15862
1.15862
1.15862
1.15862
1.15862
1.15862
1.15862
1.15862
1.15862
1.15862
1.15862
1.15862
1.15862
1.15862
1.15862
1.15862
1.15862
1.15862
1.15862
1.15862
1.15862
1.15862
1.15862
1.15862
1.15862
1.15862
1.15862
1.15862
1.15862
1.15862
1.15862
1.15862
1.15862
1.15862
1.15862
1.15862
1.15862
1.15862
1.15862
1.15862
1.15862
1.15862
1.15862
1.15862
1.15862
1.15862
1.15862
1.15862
1.15862
1.15862
1.15862
1.15862
1.15862
1.15862
1.15862
1.15862
1.15862
1.15862
1.15862
1.15862
1.15862
1.15862
1.15862
1.15862
1.15862
1.15862
1.15862
1.15862
1.15862
1.15862
1.15862
1.15862
1.15862
1.15862
1.15862
1.15862
1.15862
1.15862
1.15862
1.15862
1.15862
1.15862
1.15862
1.15862
1.15862
1.15862
1.15862
1.15862
1.15862
1.15862
1.15862
1.15862
1.15862
1.15862
1.15862
1.15862
1.15862
1.15862
1.15862
1.15862
1.15862
1.15862
1.15862
1.15862
1.15862
1.15862
1.15862
1.15862
1.15862
1.15862
1.15862
1.15862
1.15862
1.15862
1.15862
1.15862
1.15862
1.15862
1.15862
1.15862
1.15862
1.15862
1.15862
1.15862
1.15862
1.15862
1.15862
1.15862
1.15862
1.15862
1.15862
1.15862
1.15862
1.15862
1.15862
1.15862
1.15862
1.15862
1.15862
1.15862
1.15862
1.15862
1.15862
1.15862
1.15862
1.15862
1.15862
1.15862
1.15862
1.15862
1.15862
1.15862
1.15862
1.15862
1.15862
1.15862
1.15862
1.15862
1.15862
1.15862
1.15862
1.15862
1.15862
1.15862
1.15862
1.15862
1.15862
1.15862
1.15862
1.15862
1.15862
1.15862
1.15862
1.15862
1.15862
1.15862
1.15862
1.15862
1.15862
1.1586
1.1586
1.1586
1.1586
1.1586
1.1586
1.1586
1.1586
1.1586
1.1586
1.1586
1.1586
1.1586
1.1586
1.1586
1.1586
1.1586
1.1586
1.1586
1.1586
1.1586
1.1586
1.15862
1.15862
1.15863
1.15862
1.15862
1.15862
1.15862
1.15862
1.15862
1.15862
1.15831
1.15831
1.1583
1.1583
1.1583
1.15829
1.15828
1.15825
1.15821
1.15814
1.15804
1.15792
1.15782
1.15774
1.15764
1.15764
1.15764
1.15766
1.15777
1.15802
1.15817
1.15844
1.15858
1.15863
1.15862
1.15862
1.15862
1.15862
1.15862
1.15862
1.15862
1.15862
1.15764
1.15764
1.15764
1.15763
1.15763
1.15761
1.15759
1.15756
1.15752
1.15748
1.15742
1.15734
1.15724
1.15712
1.15704
1.15684
1.15611
1.1534
1.15229
1.1527
1.1544
1.15705
1.15853
1.15862
1.15862
1.15862
1.15862
1.15862
1.15862
1.15862
1.15862
1.15862
1.164
1.16399
1.16397
1.16395
1.1639
1.16384
1.16374
1.16359
1.16341
1.16319
1.1629
1.1625
1.16203
1.16144
1.16081
1.15862
1.15695
1.15104
1.13141
1.13199
1.13771
1.1559
1.15851
1.15862
1.15862
1.15862
1.15862
1.15862
1.15862
1.15862
1.15862
1.15862
1.16733
1.16733
1.16733
1.16733
1.16734
1.16734
1.16733
1.1673
1.16719
1.16693
1.16657
1.16616
1.1658
1.16541
1.16502
1.16383
1.16107
1.1505
1.12654
1.1212
1.13226
1.15588
1.15849
1.15862
1.15862
1.15862
1.15862
1.15862
1.15862
1.15862
1.15862
1.15862
1.16421
1.16422
1.16425
1.16432
1.1644
1.16449
1.16461
1.16477
1.16496
1.16516
1.16526
1.16525
1.16519
1.16504
1.16501
1.16504
1.16337
1.15202
1.12826
1.08448
1.13169
1.15586
1.15849
1.15862
1.15862
1.15862
1.15862
1.15862
1.15862
1.15862
1.15862
1.15862
1.13751
1.13759
1.13769
1.13782
1.13799
1.1382
1.13848
1.13879
1.13909
1.1394
1.13982
1.14042
1.14252
1.14355
1.14831
1.16303
1.16289
1.15625
1.01342
1.07276
1.13194
1.15586
1.15848
1.15862
1.15862
1.15862
1.15862
1.15862
1.15862
1.15862
1.15862
1.15862
1.10504
1.10506
1.10509
1.10514
1.10521
1.10535
1.10548
1.10566
1.10593
1.10623
1.10736
1.10801
1.11232
1.11944
1.134
1.13396
1.11273
0.928283
0.967288
1.06933
1.13242
1.15586
1.15847
1.15862
1.15862
1.15862
1.15862
1.15862
1.15862
1.15862
1.15862
1.15862
1.07504
1.07499
1.07494
1.07488
1.07487
1.07485
1.0748
1.07475
1.07452
1.07395
1.07228
1.07157
1.07713
1.10892
1.11043
1.063
0.833048
0.840883
0.950574
1.06839
1.13423
1.15585
1.15847
1.15862
1.15862
1.15862
1.15862
1.15862
1.15862
1.15862
1.15862
1.15862
1.07271
1.07264
1.07256
1.07246
1.07232
1.07217
1.07191
1.07138
1.0702
1.06661
1.05695
1.05703
1.07502
1.07727
1.01021
0.776573
0.722399
0.804297
0.94766
1.06819
1.137
1.15622
1.15848
1.15862
1.15862
1.15862
1.15862
1.15862
1.15862
1.15862
1.15862
1.15862
1.07769
1.07766
1.07767
1.0777
1.07778
1.07791
1.07783
1.07739
1.07456
1.05922
1.04743
1.0521
1.04053
0.966195
0.735541
0.662475
0.674598
0.796548
0.947223
1.07393
1.13996
1.15662
1.1585
1.15862
1.15862
1.15862
1.15862
1.15862
1.15862
1.15862
1.15862
1.15862
1.08837
1.08851
1.08874
1.08901
1.08926
1.08942
1.08859
1.08473
1.0687
1.02949
1.01112
0.981285
0.90301
0.69235
0.626311
0.617945
0.65844
0.795792
0.967075
1.08412
1.14351
1.15698
1.15852
1.15862
1.15862
1.15862
1.15862
1.15862
1.15862
1.15862
1.15862
1.15862
1.08798
1.08813
1.08835
1.08859
1.08885
1.08891
1.08422
1.05194
0.996985
0.934214
0.878769
0.714784
0.640983
0.597339
0.593317
0.600924
0.653342
0.811683
0.989263
1.09853
1.14709
1.15734
1.15854
1.15862
1.15862
1.15862
1.15862
1.15862
1.15862
1.15862
1.15862
1.15862
1.07458
1.07354
1.07223
1.06827
1.06056
1.04002
0.988253
0.896274
0.814983
0.719335
0.61394
0.577417
0.577127
0.571602
0.58175
0.594541
0.652244
0.839695
1.00657
1.10546
1.1491
1.1576
1.15855
1.15862
1.15862
1.15862
1.15862
1.15862
1.15862
1.15862
1.15862
1.15862
0.695684
0.686909
0.674652
0.65525
0.628054
0.594162
0.578987
0.583868
0.588614
0.585273
0.565926
0.552152
0.551744
0.559351
0.576795
0.592747
0.651854
0.859504
1.0376
1.11816
1.15125
1.15782
1.15856
1.15862
1.15862
1.15862
1.15862
1.15862
1.15862
1.15862
1.15862
1.15862
0.577153
0.576892
0.57653
0.576353
0.576093
0.574637
0.572564
0.568745
0.567098
0.553748
0.538124
0.532916
0.538035
0.552529
0.57441
0.591653
0.659386
0.885975
1.0513
1.12636
1.15311
1.15801
1.15857
1.15862
1.15862
1.15862
1.15862
1.15862
1.15862
1.15862
1.15862
1.15862
0.542297
0.542057
0.541522
0.540612
0.539468
0.537833
0.535547
0.53328
0.532175
0.528739
0.524711
0.523443
0.530067
0.547697
0.57328
0.591629
0.659764
0.905142
1.06651
1.13327
1.15425
1.15816
1.15858
1.15862
1.15862
1.15862
1.15862
1.15862
1.15862
1.15862
1.15862
1.15862
0.525102
0.524978
0.524681
0.524146
0.523325
0.522185
0.520512
0.518524
0.517141
0.515845
0.515391
0.51707
0.524346
0.543307
0.572334
0.592485
0.686549
0.912073
1.08138
1.13983
1.15556
1.15828
1.15859
1.15862
1.15862
1.15862
1.15862
1.15862
1.15862
1.15862
1.15862
1.15862
0.516481
0.516404
0.516217
0.515861
0.515263
0.51434
0.513167
0.511563
0.509944
0.509381
0.509764
0.511047
0.517709
0.53504
0.569726
0.594319
0.708401
0.931638
1.09454
1.14344
1.15637
1.15839
1.15859
1.15862
1.15862
1.15862
1.15862
1.15862
1.15862
1.15862
1.15862
1.15862
0.513694
0.513609
0.513408
0.513036
0.512403
0.511388
0.509957
0.508587
0.507382
0.506727
0.506853
0.507936
0.513995
0.527195
0.564428
0.594844
0.717949
0.950894
1.10952
1.1493
1.1571
1.15848
1.1586
1.15862
1.15862
1.15862
1.15862
1.15862
1.15862
1.15862
1.15862
1.15862
0.512111
0.512027
0.511831
0.511472
0.51087
0.509916
0.50856
0.507008
0.505864
0.505279
0.505269
0.506332
0.510855
0.524997
0.553278
0.594928
0.734653
0.965151
1.11799
1.15316
1.1578
1.15853
1.1586
1.15862
1.15862
1.15862
1.15862
1.15862
1.15862
1.15862
1.15862
1.15862
0.511343
0.511282
0.511137
0.510864
0.510398
0.509642
0.508537
0.507221
0.506026
0.505297
0.505154
0.506304
0.509893
0.521605
0.544453
0.589093
0.746715
0.99233
1.13438
1.15619
1.15822
1.15857
1.15861
1.15862
1.15862
1.15862
1.15862
1.15862
1.15862
1.15862
1.15862
1.15862
0.512288
0.512211
0.512034
0.511718
0.51119
0.510349
0.50914
0.507663
0.506294
0.505538
0.505456
0.50639
0.509521
0.520368
0.541149
0.579586
0.750797
1.01637
1.14501
1.15759
1.15843
1.15859
1.15861
1.15862
1.15862
1.15862
1.15862
1.15862
1.15862
1.15862
1.15862
1.15862
0.511646
0.511589
0.511459
0.511224
0.510825
0.510167
0.50916
0.507829
0.506495
0.5056
0.505751
0.506736
0.509867
0.519847
0.53994
0.577675
0.748422
1.04172
1.1539
1.15822
1.15854
1.1586
1.15861
1.15862
1.15862
1.15862
1.15862
1.15862
1.15862
1.15862
1.15862
1.15862
0.518513
0.518457
0.518333
0.51811
0.517732
0.517109
0.516162
0.514897
0.513655
0.512824
0.512817
0.513751
0.515174
0.522758
0.540282
0.578512
0.747184
1.06989
1.15781
1.15851
1.15859
1.15861
1.15861
1.15862
1.15862
1.15862
1.15862
1.15862
1.15862
1.15862
1.15862
1.15862
0.537094
0.537036
0.536907
0.536674
0.536278
0.535628
0.534632
0.533347
0.532123
0.531606
0.531648
0.533525
0.538343
0.548558
0.571184
0.606124
0.774906
1.09435
1.15939
1.15863
1.15861
1.15861
1.15862
1.15862
1.15862
1.15862
1.15862
1.15862
1.15862
1.15862
1.15862
1.15862
0.560269
0.560207
0.560077
0.559847
0.559464
0.558844
0.557911
0.556778
0.555909
0.555979
0.556833
0.559556
0.563102
0.576923
0.598436
0.667203
0.845762
1.14451
1.16004
1.15868
1.15862
1.15862
1.15862
1.15862
1.15862
1.15862
1.15862
1.15862
1.15862
1.15862
1.15862
1.15862
0.606434
0.606373
0.606254
0.606057
0.605744
0.60527
0.604658
0.604177
0.604276
0.605227
0.607089
0.610482
0.617431
0.632908
0.662811
0.76859
0.974054
1.1782
1.16025
1.15871
1.15863
1.15862
1.15862
1.15862
1.15862
1.15862
1.15862
1.15862
1.15862
1.15862
1.15862
1.15862
0.64634
0.64633
0.646303
0.646253
0.646184
0.646118
0.646217
0.64683
0.648395
0.650823
0.653968
0.658878
0.669598
0.69026
0.742293
0.911417
1.08347
1.19321
1.16034
1.15872
1.15863
1.15862
1.15862
1.15862
1.15862
1.15862
1.15862
1.15862
1.15862
1.15862
1.15862
1.15862
0.711582
0.711674
0.711835
0.712112
0.712569
0.71335
0.714678
0.716957
0.720111
0.723933
0.728898
0.738178
0.753667
0.778027
0.877316
1.06092
1.21355
1.20496
1.16035
1.15872
1.15863
1.15862
1.15862
1.15862
1.15862
1.15862
1.15862
1.15862
1.15862
1.15862
1.15862
1.15862
0.803223
0.803463
0.803919
0.804677
0.805919
0.807932
0.811039
0.815301
0.820428
0.826174
0.835802
0.84917
0.867107
0.916459
1.05604
1.23702
1.26705
1.20854
1.16035
1.15873
1.15864
1.15863
1.15862
1.15862
1.15862
1.15862
1.15862
1.15862
1.15862
1.15862
1.15862
1.15862
0.88013
0.880451
0.881018
0.882035
0.883791
0.886787
0.891603
0.898037
0.904825
0.912924
0.925658
0.945334
0.984162
1.08733
1.2413
1.34498
1.28828
1.20774
1.16035
1.15873
1.15865
1.15863
1.15863
1.15862
1.15862
1.15862
1.15862
1.15862
1.15862
1.15862
1.15862
1.15862
1.01199
1.01242
1.0133
1.01499
1.01814
1.02368
1.03172
1.04047
1.04862
1.0633
1.08418
1.11833
1.18158
1.32317
1.44289
1.3866
1.28837
1.18337
1.16033
1.15873
1.15865
1.15863
1.15863
1.15862
1.15862
1.15862
1.15862
1.15862
1.15862
1.15862
1.15862
1.15862
1.07033
1.07103
1.07246
1.07547
1.08112
1.08992
1.10043
1.11068
1.12771
1.1523
1.19377
1.26756
1.4011
1.54978
1.51194
1.38692
1.22103
1.1714
1.16029
1.15873
1.15865
1.15863
1.15863
1.15862
1.15862
1.15862
1.15862
1.15862
1.15862
1.15862
1.15862
1.15862
1.18962
1.19115
1.19444
1.20097
1.21108
1.22366
1.23608
1.25186
1.27818
1.31685
1.37921
1.50154
1.6399
1.6364
1.5124
1.26245
1.18814
1.16505
1.15994
1.15873
1.15866
1.15863
1.15863
1.15862
1.15862
1.15862
1.15862
1.15862
1.15862
1.15862
1.15862
1.15862
1.33766
1.34119
1.3485
1.36059
1.37537
1.38917
1.40587
1.43142
1.46854
1.51583
1.58442
1.70074
1.77084
1.63102
1.30711
1.20541
1.17281
1.16189
1.15949
1.15873
1.15866
1.15863
1.15863
1.15862
1.15862
1.15862
1.15862
1.15862
1.15862
1.15862
1.15862
1.15862
1.58966
1.59729
1.61094
1.62764
1.64036
1.65214
1.6738
1.7037
1.75082
1.77358
1.78907
1.89579
1.77703
1.45254
1.22163
1.18108
1.16553
1.16035
1.15913
1.15873
1.15866
1.15863
1.15863
1.15862
1.15862
1.15862
1.15862
1.15862
1.15862
1.15862
1.15862
1.15862
1.88856
1.89756
1.90948
1.91632
1.92334
1.94266
1.96887
2.00367
2.01734
1.9761
1.98337
1.94369
1.76723
1.28323
1.1888
1.16954
1.16219
1.15963
1.15897
1.15873
1.15866
1.15863
1.15863
1.15862
1.15862
1.15862
1.15862
1.15862
1.15862
1.15862
1.15862
1.15862
2.19956
2.20188
2.20538
2.21259
2.21871
2.23928
2.25277
2.26888
2.14838
2.1151
2.11724
1.95587
1.40719
1.21259
1.17323
1.1645
1.16068
1.1593
1.15889
1.15873
1.15866
1.15864
1.15863
1.15862
1.15862
1.15862
1.15862
1.15862
1.15862
1.15862
1.15862
1.15862
2.51624
2.52005
2.51829
2.51525
2.52501
2.53112
2.51995
2.45404
2.23673
2.31952
2.15966
1.46431
1.25953
1.18519
1.16738
1.16227
1.16003
1.15917
1.15885
1.15872
1.15866
1.15864
1.15863
1.15863
1.15862
1.15862
1.15862
1.15862
1.15862
1.15862
1.15862
1.15862
2.87311
2.87161
2.86402
2.85796
2.84537
2.82619
2.73714
2.53325
2.44177
2.41311
1.53182
1.29486
1.21147
1.17485
1.16499
1.16139
1.15977
1.15912
1.15884
1.15872
1.15867
1.15864
1.15863
1.15863
1.15862
1.15862
1.15862
1.15862
1.15862
1.15862
1.15862
1.15862
3.2223
3.21415
3.19768
3.19036
3.1414
3.08706
2.81578
2.5697
2.55779
2.42304
1.37657
1.24324
1.19115
1.17183
1.16437
1.16111
1.15971
1.15911
1.15884
1.15872
1.15867
1.15864
1.15863
1.15863
1.15862
1.15862
1.15862
1.15862
1.15862
1.15862
1.15862
1.15862
3.56417
3.55088
3.52581
3.49092
3.38333
3.24813
2.79827
2.80301
2.58274
1.70244
1.36218
1.22256
1.18528
1.17068
1.164
1.16102
1.15969
1.1591
1.15884
1.15872
1.15867
1.15864
1.15863
1.15863
1.15862
1.15862
1.15862
1.15862
1.15862
1.15862
1.15862
1.15862
3.79615
3.77514
3.73567
3.67517
3.50564
3.24974
2.77449
3.021
2.42284
1.46137
1.28568
1.21315
1.18297
1.16975
1.16372
1.16095
1.15968
1.1591
1.15884
1.15872
1.15867
1.15864
1.15863
1.15863
1.15862
1.15862
1.15862
1.15862
1.15862
1.15862
1.15862
1.15862
3.97281
3.94551
3.89177
3.7842
3.54676
3.21473
2.87087
3.07115
1.95809
1.47904
1.28349
1.21159
1.18221
1.1695
1.16365
1.16093
1.15968
1.1591
1.15884
1.15872
1.15867
1.15864
1.15863
1.15863
1.15862
1.15862
1.15862
1.15862
1.15862
1.15862
1.15862
1.15862
4.08617
4.05051
3.97542
3.83353
3.57735
3.20739
2.96529
3.06895
1.90548
1.46497
1.28012
1.21023
1.18183
1.16939
1.16361
1.16092
1.15968
1.1591
1.15884
1.15872
1.15867
1.15864
1.15863
1.15863
1.15862
1.15862
1.15862
1.15862
1.15862
1.15862
1.15862
1.15862
4.17074
4.13375
4.05493
3.9184
3.63055
3.26116
3.03538
3.07791
1.89257
1.46085
1.27908
1.2099
1.18173
1.16935
1.1636
1.16092
1.15967
1.1591
1.15884
1.15872
1.15867
1.15865
1.15863
1.15863
1.15862
1.15862
1.15862
1.15862
1.15862
1.15862
1.15862
1.15862
4.26731
4.23288
4.16338
4.02524
3.7424
3.37033
3.11708
3.15275
1.98498
1.48095
1.28354
1.21084
1.18188
1.16936
1.16359
1.16092
1.15968
1.15911
1.15885
1.15873
1.15867
1.15865
1.15863
1.15863
1.15862
1.15862
1.15862
1.15862
1.15862
1.15862
1.15862
1.15862
4.31672
4.28878
4.23425
4.123
3.9024
3.51915
3.19525
3.23406
2.20431
1.54806
1.30119
1.21719
1.18415
1.17029
1.16399
1.1611
1.15977
1.15916
1.15887
1.15874
1.15868
1.15865
1.15864
1.15863
1.15862
1.15862
1.15862
1.15862
1.15862
1.15862
1.15862
1.15862
4.31431
4.29406
4.25746
4.17648
4.03456
3.72187
3.29261
3.09697
2.67621
1.63149
1.32731
1.22522
1.18697
1.17133
1.16441
1.16128
1.15985
1.1592
1.1589
1.15876
1.15869
1.15865
1.15864
1.15863
1.15862
1.15862
1.15862
1.15862
1.15862
1.15862
1.15862
1.15862
4.28193
4.26648
4.24113
4.18889
4.08162
3.88757
3.51029
3.08846
3.00516
1.86544
1.38129
1.23389
1.18963
1.17223
1.16475
1.16142
1.15992
1.15924
1.15892
1.15877
1.15869
1.15865
1.15863
1.15863
1.15862
1.15862
1.15862
1.15862
1.15862
1.15862
1.15862
1.15862
4.25091
4.23921
4.22189
4.1899
4.1231
3.9976
3.72589
3.27048
3.01848
2.78363
1.40944
1.2654
1.19375
1.17358
1.16515
1.16154
1.15997
1.15926
1.15894
1.15878
1.1587
1.15865
1.15863
1.15863
1.15862
1.15862
1.15862
1.15862
1.15862
1.15862
1.15862
1.15862
4.20849
4.2003
4.189
4.16859
4.12849
4.04491
3.88705
3.5338
3.07093
2.90734
1.75593
1.29507
1.21184
1.17758
1.16635
1.16199
1.16014
1.15934
1.15897
1.1588
1.1587
1.15865
1.15863
1.15863
1.15862
1.15862
1.15862
1.15862
1.15862
1.15862
1.15862
1.15862
4.07857
4.07365
4.06696
4.05544
4.03364
3.9854
3.89092
3.6936
3.21821
2.88983
2.85899
1.40999
1.26013
1.18427
1.1698
1.16281
1.1604
1.15944
1.15902
1.15882
1.1587
1.15865
1.15863
1.15863
1.15862
1.15862
1.15862
1.15862
1.15862
1.15862
1.15862
1.15862
3.83972
3.83901
3.83693
3.8332
3.82668
3.81239
3.77201
3.69255
3.4429
2.98354
2.82909
1.66834
1.36483
1.2043
1.17808
1.16466
1.16089
1.1596
1.15909
1.15886
1.15871
1.15865
1.15863
1.15863
1.15862
1.15862
1.15862
1.15862
1.15862
1.15862
1.15862
1.15862
3.51132
3.51483
3.51675
3.51835
3.51822
3.51938
3.51548
3.49561
3.44075
3.16833
2.74887
2.70708
1.66886
1.25208
1.19692
1.16903
1.16194
1.15992
1.15924
1.1589
1.15871
1.15866
1.15864
1.15863
1.15862
1.15862
1.15862
1.15862
1.15862
1.15862
1.15862
1.15862
3.24586
3.24864
3.25198
3.25591
3.26002
3.26857
3.27932
3.29064
3.29372
3.25647
3.01354
2.79408
2.55532
1.37353
1.2424
1.17871
1.16423
1.16058
1.15953
1.15893
1.15872
1.15866
1.15864
1.15863
1.15862
1.15862
1.15862
1.15862
1.15862
1.15862
1.15862
1.15862
2.9821
2.98777
2.99459
3.00083
3.00795
3.01634
3.0316
3.04973
3.07168
3.096
3.05282
2.90735
2.59053
1.64451
1.345
1.2006
1.16909
1.16194
1.15998
1.15898
1.15874
1.15867
1.15864
1.15863
1.15863
1.15862
1.15862
1.15862
1.15862
1.15862
1.15862
1.15862
2.71602
2.72151
2.72952
2.73773
2.74725
2.75762
2.77012
2.78919
2.80971
2.84029
2.8523
2.84831
2.65409
2.46404
1.61839
1.24813
1.17913
1.16464
1.16073
1.15907
1.15877
1.15868
1.15864
1.15863
1.15863
1.15862
1.15862
1.15862
1.15862
1.15862
1.15862
1.15862
2.47815
2.48123
2.48689
2.49436
2.5029
2.51225
2.5221
2.53761
2.55563
2.57772
2.60197
2.62376
2.618
2.56321
2.32529
1.35591
1.2002
1.16995
1.16189
1.15927
1.15883
1.15869
1.15865
1.15863
1.15863
1.15862
1.15862
1.15862
1.15862
1.15862
1.15862
1.15862
2.36597
2.36779
2.37126
2.37666
2.38407
2.39249
2.40124
2.4092
2.42378
2.43692
2.45615
2.48225
2.49962
2.53952
2.34881
1.58737
1.24236
1.18036
1.16285
1.15969
1.15895
1.15873
1.15865
1.15863
1.15863
1.15862
1.15862
1.15862
1.15862
1.15862
1.15862
1.15862
2.20422
2.2056
2.20804
2.21193
2.21779
2.22499
2.23202
2.23927
2.24641
2.2579
2.26725
2.29337
2.29981
2.30626
2.36978
2.19368
1.32827
1.19931
1.16302
1.15982
1.15898
1.15873
1.15865
1.15863
1.15863
1.15862
1.15862
1.15862
1.15862
1.15862
1.15862
1.15862
2.0263
2.02732
2.02909
2.03185
2.03599
2.04151
2.04764
2.05372
2.05945
2.06898
2.07675
2.09391
2.10656
2.10997
2.21057
2.19555
1.51024
1.2269
1.16315
1.15987
1.15899
1.15873
1.15865
1.15863
1.15863
1.15862
1.15862
1.15862
1.15862
1.15862
1.15862
1.15862
1.88959
1.89037
1.89172
1.89387
1.89708
1.9015
1.90673
1.91138
1.9163
1.92075
1.92813
1.93572
1.95315
1.9434
2.00021
2.14741
2.00193
1.25799
1.16344
1.15993
1.159
1.15873
1.15865
1.15863
1.15863
1.15862
1.15862
1.15862
1.15862
1.15862
1.15862
1.15862
1.75311
1.75375
1.75486
1.75663
1.75929
1.76298
1.76754
1.77227
1.77582
1.78004
1.78564
1.79296
1.80411
1.79813
1.82561
2.00581
2.01028
1.276
1.16421
1.16004
1.15902
1.15873
1.15865
1.15863
1.15863
1.15862
1.15862
1.15862
1.15862
1.15862
1.15862
1.15862
1.66273
1.66324
1.66411
1.66552
1.66766
1.67079
1.67476
1.67888
1.68174
1.68609
1.68952
1.69658
1.70168
1.70399
1.70737
1.84188
1.97577
1.32786
1.16593
1.16024
1.15904
1.15873
1.15865
1.15863
1.15863
1.15862
1.15862
1.15862
1.15862
1.15862
1.15862
1.15862
1.5827
1.58305
1.58365
1.58462
1.58613
1.58838
1.59143
1.59503
1.59784
1.6013
1.60338
1.61083
1.61189
1.62198
1.60854
1.71429
1.88936
1.36844
1.16854
1.16054
1.15907
1.15873
1.15865
1.15863
1.15863
1.15862
1.15862
1.15862
1.15862
1.15862
1.15862
1.15862
1.5178
1.51809
1.5186
1.51943
1.5207
1.52265
1.52533
1.52866
1.5315
1.53443
1.53617
1.54201
1.54305
1.54925
1.54487
1.61808
1.77752
1.36591
1.17476
1.16119
1.1591
1.15873
1.15865
1.15863
1.15863
1.15862
1.15862
1.15862
1.15862
1.15862
1.15862
1.15862
1.45044
1.45069
1.45113
1.45183
1.45292
1.45459
1.45696
1.45988
1.46287
1.46527
1.46748
1.47208
1.47618
1.47783
1.50247
1.5859
1.66973
1.37366
1.17809
1.16147
1.1591
1.15873
1.15865
1.15863
1.15863
1.15862
1.15862
1.15862
1.15862
1.15862
1.15862
1.15862
1.41208
1.41226
1.41257
1.41307
1.41385
1.4151
1.41697
1.41949
1.42257
1.42493
1.42719
1.43127
1.4366
1.43809
1.47835
1.55081
1.60706
1.37514
1.17884
1.16154
1.1591
1.15873
1.15865
1.15863
1.15863
1.15862
1.15862
1.15862
1.15862
1.15862
1.15862
1.15862
1.38513
1.38536
1.38575
1.3864
1.38741
1.38898
1.39125
1.39407
1.39751
1.39966
1.40124
1.40564
1.4074
1.41703
1.46276
1.52619
1.57679
1.37602
1.18385
1.16161
1.1591
1.15873
1.15865
1.15863
1.15863
1.15862
1.15862
1.15862
1.15862
1.15862
1.15862
1.15862
1.36444
1.36461
1.36491
1.36541
1.36624
1.3676
1.36976
1.37301
1.37653
1.37803
1.38047
1.3835
1.38861
1.39953
1.45029
1.51561
1.56386
1.37028
1.1965
1.16171
1.1591
1.15873
1.15865
1.15863
1.15863
1.15862
1.15862
1.15862
1.15862
1.15862
1.15862
1.15862
1.35023
1.35033
1.3505
1.3508
1.35136
1.35246
1.35466
1.35849
1.36028
1.36184
1.36523
1.36853
1.37778
1.385
1.4498
1.51097
1.5518
1.35664
1.19656
1.16186
1.15911
1.15873
1.15865
1.15863
1.15863
1.15862
1.15862
1.15862
1.15862
1.15862
1.15862
1.15862
1.33438
1.33453
1.33479
1.33524
1.33601
1.33749
1.34099
1.34308
1.345
1.34882
1.35298
1.35861
1.36356
1.37827
1.44562
1.50338
1.53729
1.35508
1.20816
1.16231
1.15912
1.15873
1.15865
1.15863
1.15863
1.15862
1.15862
1.15862
1.15862
1.15862
1.15862
1.15862
1.32569
1.32588
1.32623
1.32686
1.32804
1.33051
1.33234
1.33552
1.33619
1.33543
1.34188
1.34561
1.3481
1.36814
1.4376
1.49593
1.5329
1.35993
1.22966
1.16306
1.15915
1.15873
1.15865
1.15863
1.15863
1.15862
1.15862
1.15862
1.15862
1.15862
1.15862
1.15862
1.30457
1.30497
1.30583
1.30762
1.31146
1.31584
1.31735
1.31724
1.32167
1.32572
1.32749
1.32692
1.33943
1.35461
1.42438
1.48786
1.53272
1.36514
1.23499
1.16444
1.15922
1.15873
1.15865
1.15863
1.15862
1.15862
1.15862
1.15862
1.15862
1.15862
1.15862
1.15862
1.27203
1.27379
1.27895
1.2838
1.28771
1.29075
1.29317
1.29418
1.30131
1.31025
1.31565
1.31803
1.32387
1.34009
1.40484
1.47387
1.53231
1.37212
1.23544
1.16542
1.15932
1.15874
1.15865
1.15863
1.15862
1.15862
1.15862
1.15862
1.15862
1.15862
1.15862
1.15862
1.40585
1.381
1.34071
1.29436
1.24597
1.22736
1.23694
1.25306
1.27115
1.28774
1.29753
1.30114
1.30763
1.31563
1.3815
1.4549
1.52977
1.38491
1.23415
1.1668
1.15942
1.15874
1.15865
1.15863
1.15862
1.15862
1.15862
1.15862
1.15862
1.15862
1.15862
1.15862
1.07491
1.0756
1.07629
1.0799
1.08671
1.10219
1.12918
1.16534
1.20182
1.23871
1.26827
1.28243
1.28439
1.29734
1.35648
1.43407
1.52277
1.40273
1.23428
1.16779
1.15952
1.15874
1.15865
1.15863
1.15862
1.15862
1.15862
1.15862
1.15862
1.15862
1.15862
1.15862
1.08775
1.08733
1.08694
1.08665
1.0868
1.08858
1.09225
1.09998
1.12022
1.1556
1.21306
1.24045
1.26071
1.27162
1.32621
1.40082
1.5078
1.43304
1.23474
1.16872
1.15962
1.15874
1.15865
1.15863
1.15862
1.15862
1.15862
1.15862
1.15862
1.15862
1.15862
1.15862
1.08825
1.08808
1.08763
1.08714
1.08681
1.08664
1.08656
1.09082
1.09384
1.10321
1.13056
1.17952
1.20654
1.23336
1.28963
1.37347
1.4861
1.43356
1.23794
1.16982
1.15974
1.15873
1.15865
1.15863
1.15862
1.15862
1.15862
1.15862
1.15862
1.15862
1.15862
1.15862
1.07768
1.07763
1.07755
1.0773
1.077
1.07684
1.07687
1.07716
1.07807
1.08516
1.091
1.11651
1.15463
1.1828
1.24255
1.32356
1.46115
1.43093
1.24838
1.17049
1.15989
1.15874
1.15865
1.15862
1.15862
1.15862
1.15862
1.15862
1.15862
1.15862
1.15862
1.15862
1.07273
1.07274
1.07276
1.0728
1.07287
1.07301
1.07326
1.07365
1.07442
1.07623
1.08167
1.09068
1.10296
1.13925
1.19194
1.27426
1.4332
1.42566
1.26446
1.17118
1.16004
1.15873
1.15865
1.15862
1.15862
1.15862
1.15862
1.15862
1.15862
1.15862
1.15862
1.15862
1.07505
1.07506
1.07507
1.07508
1.07511
1.07515
1.07516
1.0752
1.07544
1.07592
1.07796
1.08315
1.09438
1.11315
1.14727
1.21714
1.38479
1.41608
1.29948
1.17299
1.16015
1.15873
1.15864
1.15862
1.15862
1.15862
1.15862
1.15862
1.15862
1.15862
1.15862
1.15862
1.10502
1.10501
1.10495
1.1049
1.10472
1.1045
1.10393
1.1028
1.10157
1.10065
1.10009
1.10004
1.10064
1.11225
1.13503
1.18534
1.34254
1.40016
1.3329
1.17693
1.16039
1.15873
1.15863
1.15862
1.15862
1.15862
1.15862
1.15862
1.15862
1.15862
1.15862
1.15862
1.13747
1.13746
1.13745
1.13744
1.13742
1.13734
1.13716
1.13673
1.13577
1.13401
1.13261
1.13155
1.13081
1.13054
1.13929
1.18529
1.29384
1.36031
1.33196
1.18478
1.16074
1.15872
1.15863
1.15862
1.15862
1.15862
1.15862
1.15862
1.15862
1.15862
1.15862
1.15862
1.1642
1.16419
1.16419
1.16419
1.16419
1.1642
1.1642
1.1642
1.16419
1.16419
1.16422
1.16434
1.16452
1.16488
1.1665
1.20616
1.27317
1.32349
1.32313
1.18786
1.1608
1.15872
1.15863
1.15862
1.15862
1.15862
1.15862
1.15862
1.15862
1.15862
1.15862
1.15862
1.16733
1.16733
1.16733
1.16733
1.16733
1.16732
1.16731
1.16731
1.16735
1.16751
1.16779
1.16836
1.16946
1.17249
1.18554
1.20037
1.21225
1.21741
1.21955
1.18664
1.16079
1.15873
1.15862
1.15862
1.15862
1.15862
1.15862
1.15862
1.15862
1.15862
1.15862
1.15862
1.164
1.164
1.16401
1.16403
1.16406
1.16413
1.16423
1.16443
1.16473
1.16528
1.16587
1.16638
1.16681
1.16716
1.16739
1.16746
1.16716
1.16691
1.16527
1.1635
1.16062
1.15873
1.15862
1.15862
1.15863
1.15862
1.15862
1.15862
1.15862
1.15862
1.15862
1.15862
1.15764
1.15764
1.15765
1.15765
1.15766
1.15767
1.15769
1.15773
1.1578
1.15793
1.15812
1.15828
1.15842
1.15854
1.15864
1.15871
1.15877
1.1588
1.15882
1.15882
1.1588
1.15872
1.15863
1.15862
1.15862
1.15862
1.15862
1.15862
1.15862
1.15862
1.15862
1.15862
1.15831
1.15831
1.15831
1.15831
1.15832
1.15832
1.15833
1.15836
1.15841
1.15845
1.15849
1.15852
1.15855
1.15857
1.15859
1.1586
1.15861
1.15862
1.15862
1.15862
1.15862
1.15862
1.15862
1.15862
1.15862
1.15862
1.15862
1.15862
1.15862
1.15862
1.15862
1.15862
1.1586
1.1586
1.1586
1.1586
1.1586
1.1586
1.15861
1.15861
1.15861
1.15861
1.15861
1.15861
1.15861
1.15861
1.15861
1.15861
1.15862
1.15862
1.15862
1.15862
1.15862
1.15862
1.15862
1.15862
1.15863
1.15862
1.15862
1.15862
1.15862
1.15862
1.15862
1.15862
1.15862
1.15862
1.15862
1.15862
1.15862
1.15862
1.15862
1.15862
1.15862
1.15862
1.15862
1.15862
1.15862
1.15862
1.15862
1.15862
1.15862
1.15862
1.15862
1.15862
1.15862
1.15862
1.15862
1.15862
1.15862
1.15862
1.15862
1.15862
1.15862
1.15862
1.15862
1.15862
1.15862
1.15862
1.15862
1.15862
1.15862
1.15862
1.15862
1.15862
1.15862
1.15862
1.15862
1.15862
1.15862
1.15862
1.15862
1.15862
1.15862
1.15862
1.15862
1.15862
1.15862
1.15862
1.15862
1.15862
1.15862
1.15862
1.15862
1.15862
1.15862
1.15862
1.15862
1.15862
1.15862
1.15862
1.15862
1.15862
1.15862
1.15862
1.15862
1.15862
1.15862
1.15862
1.15862
1.15862
1.15862
1.15862
1.15862
1.15862
1.15862
1.15862
1.15862
1.15862
1.15862
1.15862
1.15862
1.15862
1.15862
1.15862
1.15862
1.15862
1.15862
1.15862
1.15862
1.15862
1.15862
1.15862
1.15862
1.15862
1.15862
1.15862
1.15862
1.15862
1.15862
1.15862
1.15862
1.15862
1.15862
1.15862
1.15862
1.15862
1.15862
1.15862
1.15862
1.15862
1.15862
1.15862
1.15862
1.15862
1.15862
1.15862
1.15862
1.15862
1.15862
1.15862
1.15862
1.15862
1.15862
1.15862
1.15862
1.15862
1.15862
1.15862
1.15862
1.15862
1.15862
1.15862
1.15862
1.15862
1.15862
1.15862
1.15862
1.15862
1.15862
1.15862
1.15862
1.15862
1.15862
1.15862
1.15862
1.15862
1.15862
1.15862
1.15862
1.15862
1.15862
1.15862
1.15862
1.15862
1.15862
1.15862
1.15862
1.15862
1.15862
1.15862
1.15862
1.15862
1.15862
1.15862
1.15862
1.15862
1.15862
1.15862
1.15862
1.15862
1.15862
1.15862
1.15862
1.15862
1.15862
1.15862
1.15862
1.15862
1.15862
1.15862
1.15862
1.15862
1.15862
1.15862
1.15862
1.15862
1.15862
1.15862
1.15862
1.15862
1.15862
1.15862
1.15862
1.15862
1.15862
1.15862
1.15862
1.15862
1.15862
1.15862
1.15862
1.15862
1.15862
1.15862
1.15862
1.15862
1.15862
1.15862
1.15862
1.15862
1.15862
1.15862
1.15862
1.15862
1.15862
1.15862
1.15862
1.15862
1.15862
1.15862
1.15862
1.15862
1.15862
1.15862
1.15862
1.15862
1.15862
1.15862
1.15862
1.15862
1.15862
1.15862
1.15862
1.15862
1.15862
1.15862
1.15862
1.15862
1.15862
1.15862
1.15862
1.15862
1.15862
1.15862
1.15862
1.15862
1.15862
1.15862
1.15862
1.15862
1.15862
1.15862
1.15862
1.15862
1.15862
1.15862
1.15862
1.15862
1.15862
1.15862
1.15862
1.15862
1.15862
1.15862
1.15862
1.15862
1.15862
1.15862
1.15862
1.15862
1.15862
1.15862
1.15862
1.15862
1.15862
1.15862
1.15862
1.15862
1.15862
1.15862
1.15862
1.15862
1.15862
1.15862
1.15862
1.15862
1.15862
1.15862
1.15862
1.15862
1.15862
1.15862
1.15862
1.15862
1.15862
1.15862
1.15862
1.15862
1.15862
1.15862
1.15862
1.15862
1.15862
1.15862
1.15862
1.15862
1.15862
1.15862
1.15862
1.15862
1.15862
1.15862
1.15862
1.15862
)
;

boundaryField
{
    QUAD_bdy____1
    {
        type            empty;
    }
    QUAD_bdy____2
    {
        type            empty;
    }
    QUAD_bdy____3
    {
        type            calculated;
        value           uniform 1.15862;
    }
    QUAD_bdy____4
    {
        type            calculated;
        value           uniform 1.15862;
    }
    QUAD_bdy____5
    {
        type            calculated;
        value           nonuniform List<scalar> 
64
(
0.695684
0.577153
0.542297
0.525102
0.516481
0.513694
0.512111
0.511343
0.512288
0.511646
0.518513
0.537094
0.560269
0.606434
0.64634
0.711582
0.803223
0.88013
1.01199
1.07033
1.18962
1.33766
1.58966
1.88856
2.19956
2.51624
2.87311
3.2223
3.56417
3.79615
3.97281
4.08617
4.17074
4.26731
4.31672
4.31431
4.28193
4.25091
4.20849
4.07857
3.83972
3.51132
3.24586
2.9821
2.71602
2.47815
2.36597
2.20422
2.0263
1.88959
1.75311
1.66273
1.5827
1.5178
1.45044
1.41208
1.38513
1.36444
1.35023
1.33438
1.32569
1.30457
1.27203
1.40585
)
;
    }
    QUAD_bdy____6
    {
        type            calculated;
        value           uniform 1.15862;
    }
}


// ************************************************************************* //
