/*--------------------------------*- C++ -*----------------------------------*\
  =========                 |
  \\      /  F ield         | OpenFOAM: The Open Source CFD Toolbox
   \\    /   O peration     | Website:  https://openfoam.org
    \\  /    A nd           | Version:  12
     \\/     M anipulation  |
\*---------------------------------------------------------------------------*/
FoamFile
{
    format      ascii;
    class       volScalarField;
    location    "0.002";
    object      T;
}
// * * * * * * * * * * * * * * * * * * * * * * * * * * * * * * * * * * * * * //

dimensions      [0 0 0 1 0 0 0];

internalField   nonuniform List<scalar> 
3584
(
300
300
300
300
300
300
300
300
300
300
300
300
300
300
300
300
300
300
300
300
300
300
300
300
300
300
300
300
300
300
300
300
300
300
300
300
300
300
300
300
300
300
300
300
300
300
300
300
300
300
300
300
300
300
300
300
300
300
300
300
300
300
300
300
300
300
300
300
300
300
300
300
300
300
300
300
300
300
300
300
300
300
300
300
300
300
300
300
300
300
300
300
300
300
300
300
300
300
300
300
300
300
300
300
300
300
300
300
300
300
300
300
300
300
300
300
300
300
300
300
300
300
300
300
300
300
300
300
300
300
300
300
300
300
300
300
300
300
300
300
300
300
300
300
300
300
300
300
300
300
300
300
300
300
300
300
300
300
300
300
300
300
300
300
300
300
300
300
300
300
300
300
300
300
300
300
300
300
300
300
300
300
300
300
300
300
300
300
300
300
300
300
300
300
300
300
300
300
300
300
300
300
300
300
300
300
300
300
300
300
300
300
300
300
300
300
300
300
300
300
300
300
300
300
300
300
300
300
300
300
300
300
300
300
300
300
300
300
300
300
300
300
300
300
300
300
300
300
300
300
300
300
300
300
300
300
300
300
300
300
300
300
300
300
300
300
300
300
300
300
300
300
300
300
300
300
300
300
300
300
300
300
300
300
300
300
300
300
300
300
300
300
300
300
300
300
300
300
300
300
300
300
300
300
300
300
300
300
300
300
300
300
300
300
300
300
300
300
300
300
300
300
300
300
300
300
300
300
300
300
300
300
300
300
300
300
300
300
300
300
300
300
300
300
300
300
300
300
300
300
300
300
300
300
300
300
300
300
300
300
300
300
300
300
300
300
300
300
300
299.999
299.999
299.999
300
300
300
299.999
300
300
300
300
300
300
300
300
300.001
300.001
300.001
300.001
300.001
300.001
300.001
300.001
300.001
300.001
300.001
300.001
300.001
300.001
300.001
300.002
300.003
299.995
299.992
299.993
299.996
299.999
300
300.001
300.001
300
300
300
300
300
300
300
300.015
300.015
300.015
300.015
300.015
300.015
300.015
300.015
300.015
300.016
300.016
300.017
300.018
300.018
300.018
300.013
300.001
299.971
299.949
299.962
299.982
299.997
299.999
300
300
300
300
300
300
300
300
300
300.13
300.13
300.13
300.13
300.13
300.13
300.13
300.129
300.129
300.13
300.132
300.136
300.14
300.143
300.134
300.109
299.997
299.812
299.805
299.885
299.966
299.996
300
299.999
300
300
300
300
300
300
300
300
300.342
300.342
300.342
300.342
300.341
300.341
300.339
300.337
300.334
300.331
300.33
300.332
300.341
300.356
300.301
300.069
299.608
299.342
299.513
299.82
299.968
299.997
300
300
300
300
300
300
300
300
300
300
300.688
300.688
300.688
300.689
300.689
300.69
300.69
300.689
300.688
300.689
300.697
300.723
300.801
300.717
300.158
299.026
298.381
298.856
299.371
299.842
299.968
299.997
299.999
300.001
300
300
300
300
300
300
300
300
301.196
301.197
301.199
301.201
301.204
301.21
301.219
301.233
301.259
301.307
301.394
301.527
301.459
300.635
297.694
296.474
297.678
298.725
299.56
299.87
299.972
299.996
300
299.999
300
300
300
300
300
300
300
300
301.074
301.077
301.078
301.082
301.091
301.108
301.138
301.191
301.287
301.473
301.996
302.416
301.741
296.745
293.817
295.558
297.452
299.25
299.653
299.89
299.977
299.999
300.001
300
300
300
300
300
300
300
300
300
298.972
298.977
298.979
298.988
299.007
299.045
299.119
299.263
299.569
300.513
303.013
303.023
298.689
295.048
296.155
296.054
298.717
299.376
299.716
299.907
299.981
299.998
299.999
300
300
300
300
300
300
300
300
300
296.08
296.082
296.086
296.091
296.1
296.114
296.139
296.26
297.023
301.236
304.281
303.177
305.462
304.899
297.94
298.5
299.002
299.412
299.77
299.923
299.984
299.998
300
299.999
300
300
300
300
300
300
300
300
289.936
289.94
289.944
289.948
289.955
289.998
290.293
291.324
295.65
306.758
311.615
319.812
317.62
307.89
300.524
298.147
298.573
299.456
299.803
299.947
299.989
299.999
300
300
300
300
300
300
300
300
300
300
287.595
287.625
287.669
287.762
288.008
288.537
290.328
299.144
314.619
332.584
337.574
325.66
322.155
306.407
297.422
297.167
298.72
299.406
299.783
299.943
299.992
299.999
299.999
300
300
300
300
300
300
300
300
300
285.653
286.028
286.483
287.725
290.3
298.609
312.718
334.649
340.907
338.725
338.565
323.091
307.678
298.607
295.32
296.836
298.541
299.494
299.857
299.953
299.993
300
300
299.999
300
300
300
300
300
300
300
300
292.239
295.56
300.58
308.146
320.051
335.964
345.875
344.876
342.31
322.952
311.354
305.259
299.948
295.222
294.64
296.434
298.598
299.525
299.888
299.966
299.995
299.999
300
300
300
300
300
300
300
300
300
300
303.261
303.404
303.609
303.739
303.989
304.918
306.382
307.995
308.617
307.192
305.826
302.332
297.457
293.825
294.225
296.35
298.496
299.627
299.923
299.974
299.996
300
300
300
300
300
300
300
300
300
300
300
298.424
298.556
298.854
299.363
300.017
300.946
302.325
303.609
304.388
304.307
303.557
301.578
297.011
293.417
293.517
296.157
298.58
299.646
299.923
299.987
299.997
300
300
300
300
300
300
300
300
300
300
300
297.438
297.509
297.677
297.983
298.465
299.133
300.152
301.353
302.343
302.725
302.619
301.46
297.644
293.713
292.698
295.703
298.481
299.7
299.902
299.987
299.998
300
300
300
300
300
300
300
300
300
300
300
297.348
297.392
297.501
297.707
298.059
298.612
299.323
300.333
301.396
301.998
302.158
301.822
299.78
295.234
292.673
295.114
298.198
299.756
299.938
299.993
299.999
300
300
300
300
300
300
300
300
300
300
300
296.988
297.037
297.154
297.372
297.744
298.346
299.201
300.081
300.931
301.516
301.781
301.814
301.054
298.037
293.97
294.86
297.846
299.706
299.937
299.994
299.999
300
300
300
300
300
300
300
300
300
300
300
296.845
296.893
297.008
297.218
297.572
298.139
298.956
299.921
300.701
301.363
301.729
301.803
301.17
299.055
296.378
294.674
297.668
299.629
299.948
299.991
299.999
300
300
300
300
300
300
300
300
300
300
300
296.985
297.021
297.106
297.266
297.541
297.992
298.659
299.477
300.256
300.859
301.283
301.377
301.041
298.768
296.085
295.579
297.484
299.382
299.955
299.995
299.999
300
300
300
300
300
300
300
300
300
300
300
296.323
296.368
296.47
296.655
296.964
297.456
298.17
299.056
299.91
300.48
300.939
301.191
301.043
298.832
295.862
296.082
297.552
299.266
299.936
299.996
300
300
300
300
300
300
300
300
300
300
300
300
296.544
296.577
296.653
296.791
297.027
297.419
298.028
298.85
299.729
300.441
300.76
300.924
300.792
299.12
296.45
296.659
298.51
299.18
299.954
299.996
300
300
300
300
300
300
300
300
300
300
300
300
296.921
296.953
297.025
297.155
297.376
297.744
298.315
299.09
299.922
300.581
301.033
301.216
301.163
299.769
296.737
295.741
299.275
299.046
299.946
299.997
300
300
300
300
300
300
300
300
300
300
300
300
296.814
296.846
296.918
297.049
297.273
297.646
298.224
299.002
299.792
300.353
300.776
300.94
300.951
299.784
296.841
295.577
297.627
299.409
299.969
299.998
300
300
300
300
300
300
300
300
300
300
300
300
297.247
297.28
297.35
297.475
297.685
298.031
298.56
299.248
299.849
300.186
300.305
300.539
300.513
299.653
297.506
296.155
297.852
299.259
299.976
299.999
300
300
300
300
300
300
300
300
300
300
300
300
298.476
298.506
298.565
298.666
298.829
299.083
299.43
299.762
299.915
299.862
299.794
299.81
299.901
299.576
297.855
297.037
298.475
299.982
299.991
299.999
300
300
300
300
300
300
300
300
300
300
300
300
298.949
298.954
298.968
298.996
299.041
299.099
299.118
298.961
298.53
297.965
297.729
297.65
297.908
298.218
297.301
297.163
298.477
299.874
299.993
300
300
300
300
300
300
300
300
300
300
300
300
300
296.79
296.752
296.685
296.577
296.405
296.122
295.653
294.918
293.973
293.382
292.744
292.522
293.138
294.282
294.575
297.071
299.542
299.684
299.997
300
300
300
300
300
300
300
300
300
300
300
300
300
292.894
292.807
292.649
292.384
291.959
291.29
290.309
289.055
287.866
286.996
286.267
286.351
287.408
289.425
293.375
297.932
299.425
299.938
299.997
300
300
300
300
300
300
300
300
300
300
300
300
300
288.368
288.267
288.085
287.768
287.238
286.357
285.016
283.38
282.197
281.254
280.61
280.777
281.717
285.251
293.066
297.814
299.514
299.978
299.996
300
300
300
300
300
300
300
300
300
300
300
300
300
285.612
285.494
285.263
284.813
283.992
282.591
280.677
278.967
277.915
276.549
275.474
275.214
277.265
284.175
293.124
298.261
299.952
300.024
299.994
300
300
300
300
300
300
300
300
300
300
300
300
300
283.534
283.351
282.98
282.228
280.867
278.832
276.706
275.152
273.346
271.645
271.119
272.831
276.97
287.774
296.231
300.454
300.115
299.998
299.998
300
300
300
300
300
300
300
300
300
300
300
300
300
281.276
280.915
280.171
278.729
276.584
274.185
272.335
270.737
268.727
267.908
270.151
275.092
287.732
297.728
302.545
300.943
300.193
300.012
300
300
300
300
300
300
300
300
300
300
300
300
300
300
276.48
275.748
274.312
272.016
269.482
267.532
266.1
264.321
264.358
266.583
274.525
290.029
305.577
308.438
303.916
300.916
300.101
300.008
300.001
300
300
300
300
300
300
300
300
300
300
300
300
300
268.982
267.744
265.594
263.252
261.815
261.319
260.616
261.14
263.893
273.076
294.646
317.68
319.137
311.862
302.741
300.363
300.06
300.006
300.001
300
300
300
300
300
300
300
300
300
300
300
300
300
263.399
262.211
260.915
260.408
260.397
260.183
260.851
264.202
276.137
301.785
331.732
334.881
323.772
305.16
301.012
300.206
300.031
300.003
300.001
300
300
300
300
300
300
300
300
300
300
300
300
300
265.29
265.094
264.915
265.052
265.76
267.081
270.961
282.107
313.417
350.854
353.779
341.236
311.851
302.486
300.6
300.094
300.016
300.003
300.001
300
300
300
300
300
300
300
300
300
300
300
300
300
275.583
275.403
275.93
277.283
278.639
282.531
291.833
315.637
361.839
373.952
363.318
327.117
307.207
301.183
300.26
300.053
300.01
300.002
300.001
300
300
300
300
300
300
300
300
300
300
300
300
300
285.767
286.195
287.316
289.209
293.039
301.051
318.29
354.939
388.119
380.409
353.252
314.909
303.001
300.698
300.164
300.032
300.008
300.002
300.001
300
300
300
300
300
300
300
300
300
300
300
300
300
297.146
298.183
299.984
302.379
308.087
320.579
346.827
386.193
398.167
383.568
325.338
307.004
301.985
300.478
300.109
300.03
300.009
300.003
300.001
300
300
300
300
300
300
300
300
300
300
300
300
300
304.12
305.467
307.61
311.885
320.695
339.066
374.087
400.847
402.032
363.312
317.982
305.408
301.588
300.421
300.116
300.033
300.01
300.003
300.001
300
300
300
300
300
300
300
300
300
300
300
300
300
309.854
311.591
314.245
319.823
331.795
356.526
392.37
408.385
404.322
353.964
316.073
304.754
301.47
300.432
300.125
300.037
300.011
300.004
300.001
300
300
300
300
300
300
300
300
300
300
300
300
300
312.94
314.998
318.439
325.927
341.954
371.942
402.279
415.445
404.085
342.369
313.747
304.504
301.462
300.439
300.131
300.04
300.012
300.004
300.001
300
300
300
300
300
300
300
300
300
300
300
300
300
315.018
317.509
322
331.432
349.964
380.621
406.857
419.256
399.212
342.12
313.899
304.555
301.473
300.448
300.136
300.042
300.013
300.004
300.001
300.001
300
300
300
300
300
300
300
300
300
300
300
300
317.956
320.346
324.611
333.617
351.837
382.935
408.939
421.029
402.346
343.09
314.159
304.639
301.499
300.458
300.14
300.043
300.013
300.004
300.001
300.001
300
300
300
300
300
300
300
300
300
300
300
300
318.265
320.401
324.2
332.23
348.867
379.609
408.135
421.45
408.881
347.085
315.128
304.855
301.554
300.471
300.143
300.045
300.014
300.005
300.002
300.001
300
300
300
300
300
300
300
300
300
300
300
300
319.195
320.879
323.679
329.47
342.22
369.392
402.829
419.535
420.422
355.827
317.201
305.254
301.665
300.501
300.152
300.048
300.015
300.005
300.002
300.001
300
300
300
300
300
300
300
300
300
300
300
300
319.032
320.315
322.352
326.46
335.078
354.007
390.658
419.63
429.213
371.8
321.313
306.028
301.82
300.534
300.159
300.049
300.016
300.005
300.002
300.001
300
300
300
300
300
300
300
300
300
300
300
300
316.368
317.409
318.973
322.016
328.254
341.467
369.836
411.749
432.494
393.494
325.916
307.116
302.023
300.568
300.161
300.048
300.015
300.005
300.002
300.001
300
300
300
300
300
300
300
300
300
300
300
300
310.196
311
312.123
314.194
318.329
326.984
346.004
386.278
427.08
411.408
345.36
309.155
302.64
300.668
300.175
300.049
300.015
300.005
300.002
300.001
300
300
300
300
300
300
300
300
300
300
300
300
303.266
303.829
304.558
305.775
308.224
313.372
324.902
352.13
402.438
416.99
368.66
316.158
304.088
300.939
300.231
300.058
300.017
300.006
300.002
300.001
300
300
300
300
300
300
300
300
300
300
300
300
295.515
295.867
296.305
297.015
298.418
301.355
307.926
323.923
363.917
412.817
398.58
326.8
307.381
301.658
300.376
300.076
300.02
300.006
300.002
300.001
300
300
300
300
300
300
300
300
300
300
300
300
289.748
289.825
289.978
290.258
290.694
291.808
294.459
301.181
320.156
369.495
393.164
376.768
318.375
303.034
300.693
300.127
300.025
300.007
300.002
300.001
300
300
300
300
300
300
300
300
300
300
300
300
287.143
286.878
286.73
286.663
286.674
286.849
287.495
289.545
296.182
318.402
368.431
376.297
334.815
306.754
301.448
300.232
300.036
300.009
300.003
300.001
300
300
300
300
300
300
300
300
300
300
300
300
287.118
286.914
286.623
286.356
286.044
285.472
284.918
284.654
285.755
292.141
316.283
357.171
350.541
313.557
302.726
300.481
300.065
300.014
300.005
300.001
300
300
300
300
300
300
300
300
300
300
300
300
288.272
287.729
287.096
286.537
285.933
285.248
284.132
282.982
282.005
282.328
288.567
310.979
342.471
332.379
306.856
300.866
300.115
300.024
300.007
300.001
300
300
300
300
300
300
300
300
300
300
300
300
290.069
289.484
288.634
287.786
286.88
285.88
284.739
283.34
281.881
280.853
281.621
288.594
314.078
327.797
311.226
301.931
300.229
300.048
300.011
300.002
300
300
300
300
300
300
300
300
300
300
300
300
289.883
289.526
288.888
288.058
287.115
286.148
285.19
283.804
282.411
281.239
280.988
282.545
292.868
312.844
315.382
303.473
300.341
300.087
300.011
300.003
300.001
300
300
300
300
300
300
300
300
300
300
300
289.146
288.924
288.507
287.868
287.008
286.062
285.126
284.281
283.131
282.292
281.768
282.304
285.517
299.235
312.358
306.288
300.693
300.219
300.011
300.003
300.001
300
300
300
300
300
300
300
300
300
300
300
291.337
291.155
290.836
290.332
289.594
288.721
287.885
287.151
286.406
285.801
285.323
285.071
286.58
296.263
302.734
306.342
300.892
300.381
300.014
300.002
300.001
300
300
300
300
300
300
300
300
300
300
300
294.959
294.811
294.56
294.165
293.581
292.821
292.017
291.291
290.66
289.901
289.475
289.343
289.922
297.59
301.884
304.292
302.804
300.322
300.018
300.002
300.001
300
300
300
300
300
300
300
300
300
300
300
297.275
297.152
296.942
296.611
296.118
295.458
294.724
294.08
293.561
293.09
292.815
292.697
292.981
299.426
301.941
301.158
302.91
299.985
300.025
300.002
300.001
300
300
300
300
300
300
300
300
300
300
300
299.589
299.479
299.291
298.994
298.548
297.93
297.189
296.5
296.029
295.57
295.232
295.092
295.221
300.326
302.787
301.803
301.026
300.092
300.027
300.003
300.001
300
300
300
300
300
300
300
300
300
300
300
300.813
300.722
300.566
300.314
299.932
299.387
298.702
298.039
297.644
297.141
296.854
296.705
296.728
300.555
303.225
302.058
300.834
300.453
300.049
300.003
300.001
300
300
300
300
300
300
300
300
300
300
300
301.162
301.096
300.983
300.8
300.52
300.107
299.551
298.94
298.48
298.125
297.865
297.706
297.698
300.822
303.306
302.131
300.504
300.368
300.054
300.004
300.001
300
300
300
300
300
300
300
300
300
300
300
301.269
301.211
301.111
300.949
300.701
300.328
299.813
299.222
298.717
298.415
298.195
298.118
298.173
301.156
302.99
301.938
300.645
300.962
300.04
300.003
300.001
300
300
300
300
300
300
300
300
300
300
300
301.281
301.229
301.14
300.996
300.774
300.438
299.966
299.411
298.874
298.587
298.378
298.297
298.431
301.451
302.676
301.603
301.038
300.841
300.024
300.003
300.001
300
300
300
300
300
300
300
300
300
300
300
301.083
301.044
300.979
300.874
300.711
300.455
300.076
299.583
299.023
298.734
298.529
298.459
298.708
301.668
302.315
301.21
300.988
300.515
300.036
300.003
300.001
300
300
300
300
300
300
300
300
300
300
300
301.359
301.31
301.225
301.086
300.87
300.538
300.068
299.497
298.865
298.666
298.549
298.537
298.978
301.779
301.964
301.539
300.578
300.317
300.021
300.003
300.001
300
300
300
300
300
300
300
300
300
300
300
301.304
301.267
301.201
301.092
300.915
300.624
300.171
299.512
298.869
298.704
298.639
298.685
299.282
301.569
301.788
301.696
300.306
300.179
300.163
300.002
300
300
300
300
300
300
300
300
300
300
300
300
300.92
300.899
300.862
300.798
300.678
300.443
299.982
299.209
298.987
298.819
298.73
298.839
299.442
301.481
301.843
301.233
300.322
300.087
300.172
300.002
300
300
300
300
300
300
300
300
300
300
300
300
300.837
300.804
300.747
300.647
300.479
300.159
299.41
299.066
298.833
298.549
298.566
298.95
300.204
301.625
301.842
300.867
300.455
300.078
300.115
300.002
300.001
300
300
300
300
300
300
300
300
300
300
300
300.518
300.474
300.395
300.253
299.988
299.451
299.082
298.393
298.254
298.416
298.566
299.277
300.989
301.746
301.637
300.829
300.675
300.119
300.07
300.001
300.001
300
300
300
300
300
300
300
300
300
300
300
300.352
300.26
300.064
299.657
298.785
297.821
297.529
298.108
297.983
298.071
298.831
300.236
301.283
301.766
301.304
300.726
300.601
300.143
300.049
300.002
300
300
300
300
300
300
300
300
300
300
300
300
301.49
301.075
299.863
298.739
297.852
297.141
296.655
296.716
297.093
297.734
298.898
300.464
301.569
301.867
301.425
300.618
300.415
300.141
300.048
300.002
300.001
300
300
300
300
300
300
300
300
300
300
300
251.518
256.157
263.95
273.949
285.541
292.147
293.859
294.526
295.671
296.901
298.44
300.349
301.736
301.889
301.48
300.509
300.306
300.149
300.046
300.006
300
300
300
300
300
300
300
300
300
300
300
300
285.553
285.574
285.95
286.377
287.043
287.694
288.157
289.64
291.743
293.733
296.516
299.216
301.68
301.848
301.446
300.596
300.326
300.157
300.041
300.006
300.001
300
300
300
300
300
300
300
300
300
300
300
287.566
287.528
287.513
287.547
287.507
287.374
287.304
287.596
288.494
290.592
293.387
297.016
300.757
301.61
301.312
300.853
300.418
300.192
300.037
300.006
300
300
300
300
300
300
300
300
300
300
300
300
289.931
289.907
289.888
289.89
289.897
289.909
289.928
290.022
290.411
291.406
292.884
296.062
299.214
301.096
301.173
300.887
300.42
300.184
300.047
300.007
300.001
300
300
300
300
300
300
300
300
300
300
300
296.076
296.055
296.033
296.009
295.983
295.95
295.9
295.806
295.586
295.276
295.14
295.651
297.186
299.824
300.708
301.01
300.372
300.191
300.062
300.008
300.001
300
300
300
300
300
300
300
300
300
300
300
298.969
298.958
298.945
298.925
298.895
298.85
298.781
298.674
298.505
298.213
297.726
297.279
297.358
298.784
300.574
300.387
300.528
300.261
300.077
300.009
300
300
300
300
300
300
300
300
300
300
300
300
301.072
301.068
301.062
301.052
301.037
301.014
300.978
300.923
300.838
300.703
300.478
300.09
299.697
299.618
300.015
300.408
300.256
300.316
300.104
300.01
300.001
300.001
300
300
300
300
300
300
300
300
300
300
301.196
301.195
301.194
301.191
301.187
301.179
301.169
301.153
301.127
301.081
301.001
300.871
300.675
300.359
300.152
300.171
300.402
300.152
300.092
300.011
300.002
299.999
300
300
300
300
300
300
300
300
300
300
300.687
300.687
300.687
300.687
300.686
300.684
300.682
300.679
300.675
300.663
300.629
300.574
300.515
300.462
300.338
300.224
300.167
300.245
300.083
300.019
300.001
300
300
300
300
300
300
300
300
300
300
300
300.342
300.342
300.342
300.343
300.343
300.344
300.345
300.347
300.348
300.348
300.34
300.317
300.289
300.264
300.239
300.217
300.177
300.116
300.116
300.022
300.002
300.001
300
300
300
300
300
300
300
300
300
300
300.131
300.131
300.131
300.132
300.132
300.133
300.135
300.137
300.139
300.14
300.138
300.13
300.119
300.111
300.113
300.117
300.099
300.073
300.043
300.026
300.002
300
300
300
300
300
300
300
300
300
300
300
300.015
300.015
300.015
300.016
300.016
300.016
300.017
300.018
300.019
300.02
300.02
300.021
300.023
300.025
300.025
300.022
300.02
300.015
300.009
300.004
300.002
300
300
300
299.999
300
300
300
300
300
300
300
300.001
300.001
300.001
300.001
300.001
300.001
300.001
300.001
300.001
300.001
300.001
300.001
300.001
300.002
300.002
300.002
300.002
300.001
300.001
300
300
300
300
300.001
300
300
300
300
300
300
300
300
300
300
300
300
300
300
300
300
300
300
300
300
300
300
300
300
300
300
300
300
300
300
300
300
300.001
300
300
300
300
300
300
300
300
300
300
300
300
300
300
300
300
300
300
300
300
300
300
300
300
300
300
300
300
300
300
300
299.999
300
300
300
300
300
300
300
300
300
300
300
300
300
300
300
300
300
300
300
300
300
300
300
300
300
300
300
300
300
300
300
300
300
300
300
300
300
300
300
300
300
300
300
300
300
300
300
300
300
300
300
300
300
300
300
300
300
300
300
300
300
300
300
300
300
300
300
300
300
300
300
300
300
300
300
300
300
300
300
300
300
300
300
300
300
300
300
300
300
300
300
300
300
300
300
300
300
300
300
300
300
300
300
300
300
300
300
300
300
300
300
300
300
300
300
300
300
300
300
300
300
300
300
300
300
300
300
300
300
300
300
300
300
300
300
300
300
300
300
300
300
300
300
300
300
300
300
300
300
300
300
300
300
300
300
300
300
300
300
300
300
300
300
300
300
300
300
300
300
300
300
300
300
300
300
300
300
300
300
300
300
300
300
300
300
300
300
300
300
300
300
300
300
300
300
300
300
300
300
300
300
300
300
300
300
300
300
300
300
300
300
300
300
300
300
300
300
300
300
300
300
300
300
300
300
300
300
300
300
300
300
300
300
300
300
300
300
300
300
300
300
300
300
300
300
300
300
300
300
300
300
300
300
300
300
300
300
300
300
300
300
300
300
300
300
300
300
300
300
300
300
300
300
300
300
300
300
300
300
300
300
300
300
300
300
300
300
300
300
300
300
300
300
300
300
300
300
300
300
300
300
300
300
300
300
300
300
300
300
300
300
300
300
300
300
300
300
300
300
300
300
300
300
300
300
300
300
)
;

boundaryField
{
    QUAD_bdy____1
    {
        type            empty;
    }
    QUAD_bdy____2
    {
        type            empty;
    }
    QUAD_bdy____3
    {
        type            inletOutlet;
        inletValue      uniform 300;
        value           uniform 300;
    }
    QUAD_bdy____4
    {
        type            inletOutlet;
        inletValue      uniform 300;
        value           uniform 300;
    }
    QUAD_bdy____5
    {
        type            zeroGradient;
    }
    QUAD_bdy____6
    {
        type            inletOutlet;
        inletValue      uniform 300;
        value           uniform 300;
    }
}


// ************************************************************************* //
