/*--------------------------------*- C++ -*----------------------------------*\
| =========                 |                                                 |
| \\      /  F ield         | OpenFOAM: The Open Source CFD Toolbox           |
|  \\    /   O peration     | Version:  2312                                  |
|   \\  /    A nd           | Website:  www.openfoam.com                      |
|    \\/     M anipulation  |                                                 |
\*---------------------------------------------------------------------------*/
FoamFile
{
    version     2.0;
    format      ascii;
    arch        "LSB;label=64;scalar=64";
    class       volVectorField;
    location    "1.9";
    object      U;
}
// * * * * * * * * * * * * * * * * * * * * * * * * * * * * * * * * * * * * * //

dimensions      [0 1 -1 0 0 0 0];

internalField   nonuniform List<vector> 
150
(
(3.67162e-06 0 0)
(1.00775e-05 0 0)
(1.56226e-05 0 0)
(2.10089e-05 0 0)
(2.71824e-05 0 0)
(3.27278e-05 0 0)
(3.89444e-05 0 0)
(4.43845e-05 0 0)
(5.06733e-05 0 0)
(5.60069e-05 0 0)
(6.23339e-05 0 0)
(6.754e-05 0 0)
(7.38978e-05 0 0)
(7.89618e-05 0 0)
(8.53388e-05 0 0)
(9.02481e-05 0 0)
(9.66357e-05 0 0)
(0.000101379 0 0)
(0.000107766 0 0)
(0.000112333 0 0)
(0.00011871 0 0)
(0.000123091 0 0)
(0.000129447 0 0)
(0.000133635 0 0)
(0.000139956 0 0)
(0.000143946 0 0)
(0.000150219 0 0)
(0.000154006 0 0)
(0.000160217 0 0)
(0.000163798 0 0)
(0.000169931 0 0)
(0.000173306 0 0)
(0.000179344 0 0)
(0.000182512 0 0)
(0.000188438 0 0)
(0.000191402 0 0)
(0.000197199 0 0)
(0.000199961 0 0)
(0.00020561 0 0)
(0.000208172 0 0)
(0.000213655 0 0)
(0.000216022 0 0)
(0.000221321 0 0)
(0.000223496 0 0)
(0.000228594 0 0)
(0.000230584 0 0)
(0.000235463 0 0)
(0.00023727 0 0)
(0.000241913 0 0)
(0.000243545 0 0)
(0.000247933 0 0)
(0.000249397 0 0)
(0.000253515 0 0)
(0.000254814 0 0)
(0.000258646 0 0)
(0.000259789 0 0)
(0.000263321 0 0)
(0.000264312 0 0)
(0.000267529 0 0)
(0.000268373 0 0)
(0.000271264 0 0)
(0.000271967 0 0)
(0.000274521 0 0)
(0.000275085 0 0)
(0.000277292 0 0)
(0.000277721 0 0)
(0.000279572 0 0)
(0.00027988 0 0)
(0.000281365 0 0)
(0.000281543 0 0)
(0.000282664 0 0)
(0.000282713 0 0)
(0.000283535 0 0)
(0.000283321 0 0)
(0.000283901 0 0)
(0.000283429 0 0)
(0.000283775 0 0)
(0.000283036 0 0)
(0.00028314 0 0)
(0.000282074 0 0)
(0.000282076 0 0)
(0.000280644 0 0)
(0.000280501 0 0)
(0.000278721 0 0)
(0.00027843 0 0)
(0.00027632 0 0)
(0.000275863 0 0)
(0.000273445 0 0)
(0.000272804 0 0)
(0.000270101 0 0)
(0.000269259 0 0)
(0.00026629 0 0)
(0.000265234 0 0)
(0.000262021 0 0)
(0.000260735 0 0)
(0.000257302 0 0)
(0.000255772 0 0)
(0.00025214 0 0)
(0.000250355 0 0)
(0.000246542 0 0)
(0.000244494 0 0)
(0.000240518 0 0)
(0.000238201 0 0)
(0.000234077 0 0)
(0.000231489 0 0)
(0.000227227 0 0)
(0.000224371 0 0)
(0.000219981 0 0)
(0.000216859 0 0)
(0.00021235 0 0)
(0.00020897 0 0)
(0.000204345 0 0)
(0.000200715 0 0)
(0.000195982 0 0)
(0.000192112 0 0)
(0.000187273 0 0)
(0.000183175 0 0)
(0.000178234 0 0)
(0.000173919 0 0)
(0.00016888 0 0)
(0.000164363 0 0)
(0.000159228 0 0)
(0.000154523 0 0)
(0.000149296 0 0)
(0.000144414 0 0)
(0.000139101 0 0)
(0.000134057 0 0)
(0.00012866 0 0)
(0.000123469 0 0)
(0.000117993 0 0)
(0.000112668 0 0)
(0.000107117 0 0)
(0.000101676 0 0)
(9.60541e-05 0 0)
(9.05093e-05 0 0)
(8.48233e-05 0 0)
(7.91893e-05 0 0)
(7.34471e-05 0 0)
(6.77381e-05 0 0)
(6.19465e-05 0 0)
(5.61791e-05 0 0)
(5.03454e-05 0 0)
(4.45351e-05 0 0)
(3.86781e-05 0 0)
(3.28514e-05 0 0)
(2.69849e-05 0 0)
(2.11029e-05 0 0)
(1.54902e-05 0 0)
(1.01468e-05 0 0)
(3.62325e-06 0 0)
)
;

boundaryField
{
    leftAndRight
    {
        type            fixedValue;
        value           uniform (0 0 0);
    }
    frontAndBack
    {
        type            empty;
    }
    topAndBottom
    {
        type            empty;
    }
}


// ************************************************************************* //
