/*--------------------------------*- C++ -*----------------------------------*\
| =========                 |                                                 |
| \\      /  F ield         | OpenFOAM: The Open Source CFD Toolbox           |
|  \\    /   O peration     | Version:  2312                                  |
|   \\  /    A nd           | Website:  www.openfoam.com                      |
|    \\/     M anipulation  |                                                 |
\*---------------------------------------------------------------------------*/
FoamFile
{
    version     2.0;
    format      ascii;
    arch        "LSB;label=64;scalar=64";
    class       volScalarField;
    location    "500";
    object      T;
}
// * * * * * * * * * * * * * * * * * * * * * * * * * * * * * * * * * * * * * //

dimensions      [0 0 0 1 0 0 0];

internalField   nonuniform List<scalar> 
5100
(
0.985812
0.986063
0.986537
0.987173
0.987887
0.988599
0.98925
0.989813
0.990283
0.990671
0.990993
0.991265
0.991504
0.99172
0.991918
0.992097
0.99225
0.992368
0.992439
0.992479
0.992523
0.992856
0.992898
0.993025
0.993132
0.993238
0.99334
0.993438
0.993534
0.993626
0.993718
0.993808
0.993898
0.993986
0.994072
0.994157
0.99424
0.994323
0.994403
0.994483
0.994559
0.994634
0.994699
0.994755
0.994802
0.99482
0.99528
0.995231
0.995207
0.995208
0.995235
0.995279
0.995331
0.995387
0.995445
0.995504
0.995562
0.995622
0.995682
0.995743
0.995805
0.995868
0.995932
0.995995
0.996054
0.996107
0.996145
0.996156
0.99611
0.995995
0.995696
0.996086
0.99632
0.996455
0.996508
0.99653
0.996536
0.996533
0.996527
0.996523
0.996521
0.996521
0.996524
0.99653
0.996536
0.996544
0.996552
0.996561
0.99657
0.996578
0.996585
0.99659
0.996585
0.996564
0.996522
0.996439
0.996727
0.996894
0.996991
0.997037
0.99706
0.997072
0.997082
0.997098
0.997126
0.997167
0.997219
0.997278
0.997341
0.997407
0.997472
0.997536
0.997597
0.997653
0.997706
0.997753
0.997792
0.997819
0.997825
0.997795
0.997723
0.997583
0.997864
0.998041
0.998141
0.998179
0.998188
0.998177
0.998157
0.998136
0.99812
0.998114
0.998117
0.998128
0.998147
0.998171
0.998201
0.998234
0.99827
0.998306
0.998342
0.998375
0.998408
0.998441
0.998463
0.998451
0.998403
0.998323
0.998594
0.998785
0.998926
0.999015
0.999073
0.999103
0.999122
0.999134
0.999146
0.99916
0.999179
0.999202
0.999229
0.999256
0.999282
0.999306
0.999328
0.999344
0.999356
0.999358
0.999353
0.99934
0.999316
0.999286
0.999281
0.999572
0.99966
0.999702
0.999713
0.999715
0.99971
0.999706
0.999703
0.999707
0.999718
0.999739
0.999768
0.999802
0.99984
0.99988
0.99992
0.999959
0.999996
1.00003
1.00006
1.00008
1.00009
1.0001
1.0001
1.0001
1.00014
1.00048
1.00056
1.0006
1.00059
1.00058
1.00056
1.00054
1.00052
1.00051
1.00051
1.00053
1.00055
1.00058
1.00062
1.00066
1.00071
1.00075
1.00079
1.00083
1.00087
1.0009
1.00092
1.00092
1.00089
1.00084
1.00114
1.00134
1.00149
1.00161
1.00168
1.00172
1.00175
1.00178
1.0018
1.00184
1.00188
1.00193
1.00198
1.00203
1.00209
1.00214
1.00219
1.00224
1.00229
1.00233
1.00236
1.00239
1.00241
1.00239
1.00229
1.00205
0.985889
0.986153
0.986655
0.987325
0.988065
0.988785
0.98943
0.989974
0.990421
0.990785
0.991086
0.991342
0.991568
0.991772
0.991958
0.992123
0.99226
0.99236
0.992422
0.992469
0.992544
0.992856
0.992882
0.993004
0.993104
0.993206
0.993305
0.993401
0.993495
0.993587
0.99368
0.993774
0.993866
0.993956
0.994045
0.994134
0.994221
0.994308
0.994392
0.994473
0.994551
0.994622
0.994687
0.99473
0.994769
0.994727
0.995244
0.995197
0.995172
0.995156
0.995161
0.995179
0.995206
0.995238
0.995272
0.995308
0.995346
0.995386
0.995429
0.995474
0.995522
0.995574
0.995629
0.995687
0.995747
0.995807
0.99586
0.995897
0.995881
0.9958
0.995511
0.995802
0.996064
0.99627
0.996392
0.996473
0.996527
0.996566
0.996593
0.996614
0.996631
0.996645
0.996658
0.996669
0.996678
0.996685
0.996691
0.996694
0.996695
0.996691
0.996686
0.996676
0.996657
0.996622
0.996565
0.996399
0.996606
0.996753
0.996856
0.996912
0.996942
0.996954
0.996955
0.996955
0.996962
0.99698
0.997011
0.997052
0.997103
0.99716
0.997222
0.997288
0.997355
0.997422
0.997488
0.997552
0.997612
0.997665
0.997703
0.997711
0.997681
0.997512
0.997739
0.997927
0.998071
0.998156
0.998211
0.998233
0.998234
0.998225
0.99821
0.998195
0.998182
0.998172
0.998167
0.998166
0.998168
0.998175
0.998186
0.998199
0.998212
0.998225
0.998237
0.998253
0.998271
0.998264
0.998223
0.998092
0.998292
0.998462
0.998622
0.998749
0.998851
0.998922
0.998975
0.999017
0.999051
0.999081
0.999112
0.999144
0.999178
0.999213
0.999248
0.999281
0.999311
0.999337
0.999357
0.999368
0.999367
0.999358
0.99934
0.999318
0.99929
0.999558
0.999627
0.99967
0.999687
0.999698
0.9997
0.999699
0.999694
0.999689
0.999688
0.999691
0.9997
0.999717
0.999739
0.999768
0.999802
0.999839
0.999878
0.999916
0.999951
0.999981
1
1.00002
1.00003
1.00004
1.00006
1.0004
1.0005
1.00056
1.00058
1.0006
1.0006
1.0006
1.00059
1.00058
1.00057
1.00057
1.00057
1.00058
1.0006
1.00062
1.00065
1.00068
1.0007
1.00073
1.00075
1.00077
1.00079
1.00079
1.00075
1.00066
1.00088
1.00104
1.0012
1.00134
1.00145
1.00154
1.00159
1.00163
1.00166
1.0017
1.00173
1.00177
1.00181
1.00186
1.00191
1.00196
1.00202
1.00207
1.00212
1.00216
1.0022
1.00223
1.00226
1.00226
1.00219
1.00196
0.986027
0.986304
0.986836
0.987539
0.988298
0.989016
0.989639
0.990153
0.990567
0.9909
0.991176
0.991411
0.99162
0.991809
0.99198
0.99213
0.992252
0.992344
0.992408
0.992475
0.992579
0.992868
0.992874
0.992987
0.993085
0.993187
0.993289
0.99339
0.993492
0.993594
0.993697
0.993799
0.993902
0.994007
0.994113
0.994217
0.99432
0.994422
0.99452
0.994613
0.9947
0.994778
0.994846
0.994888
0.994913
0.994831
0.995275
0.995273
0.995254
0.995217
0.995185
0.99516
0.995141
0.995124
0.99511
0.995097
0.995084
0.995074
0.995066
0.995063
0.995065
0.995075
0.995093
0.995119
0.995154
0.995196
0.995243
0.99529
0.995305
0.995264
0.995034
0.995249
0.995492
0.995749
0.995956
0.996125
0.996265
0.996386
0.996491
0.996583
0.996662
0.996731
0.996789
0.996839
0.996879
0.996911
0.996934
0.996949
0.996955
0.996952
0.996941
0.99692
0.996884
0.996832
0.99675
0.996513
0.996644
0.996724
0.996787
0.996819
0.996832
0.996823
0.996798
0.996763
0.996731
0.996707
0.996697
0.996699
0.996714
0.996741
0.99678
0.996829
0.996888
0.996954
0.997027
0.997105
0.997187
0.997268
0.997344
0.997407
0.997441
0.997298
0.997497
0.997694
0.997879
0.998021
0.998142
0.998231
0.998289
0.998323
0.998335
0.998333
0.998324
0.998305
0.998281
0.998253
0.998222
0.99819
0.998158
0.998128
0.998097
0.998065
0.998033
0.998005
0.997986
0.99796
0.997905
0.997722
0.997858
0.997972
0.998106
0.998239
0.998372
0.998481
0.998578
0.998665
0.998743
0.998812
0.998875
0.998934
0.998993
0.999051
0.999108
0.999163
0.999215
0.999262
0.999303
0.999334
0.999348
0.99935
0.999346
0.999344
0.999333
0.999601
0.999629
0.999655
0.999659
0.999666
0.999669
0.999669
0.999663
0.999655
0.999645
0.99963
0.999611
0.999594
0.999584
0.999586
0.999595
0.999613
0.99964
0.999672
0.999708
0.999743
0.999772
0.999796
0.999818
0.999854
0.999892
1.00025
1.00034
1.00043
1.00048
1.00053
1.00057
1.0006
1.00061
1.00063
1.00063
1.00063
1.00063
1.00062
1.00061
1.00061
1.00061
1.00061
1.00061
1.00061
1.0006
1.00059
1.00059
1.00058
1.00054
1.0004
1.00057
1.00065
1.00076
1.00089
1.00102
1.00114
1.00123
1.00131
1.00136
1.0014
1.00144
1.00148
1.00152
1.00156
1.0016
1.00165
1.00169
1.00175
1.00179
1.00184
1.00188
1.00192
1.00196
1.00198
1.00195
1.00176
0.986211
0.986492
0.98704
0.987757
0.988515
0.989213
0.989803
0.990279
0.990658
0.990963
0.991217
0.991436
0.991632
0.991811
0.991975
0.992119
0.99224
0.99234
0.992423
0.992519
0.992643
0.992937
0.992935
0.993033
0.993133
0.993244
0.99336
0.993479
0.993601
0.993727
0.993856
0.993988
0.994122
0.994258
0.994395
0.994533
0.99467
0.994805
0.994936
0.99506
0.995176
0.99528
0.995369
0.995428
0.995461
0.995381
0.995712
0.995755
0.995742
0.995693
0.995628
0.995551
0.995469
0.995384
0.995295
0.995206
0.995116
0.995028
0.994941
0.994856
0.994775
0.994699
0.994629
0.994567
0.994517
0.994482
0.99446
0.994454
0.994442
0.994402
0.99422
0.994378
0.994571
0.994818
0.995064
0.995301
0.995525
0.99574
0.995947
0.996144
0.99633
0.996502
0.99666
0.996803
0.99693
0.997041
0.997134
0.99721
0.99727
0.997311
0.997332
0.99733
0.997311
0.997269
0.997188
0.996965
0.997046
0.99704
0.997037
0.997014
0.996971
0.996907
0.996822
0.996725
0.996625
0.996532
0.996451
0.996385
0.996335
0.996301
0.996284
0.996283
0.996298
0.996332
0.996382
0.996446
0.996524
0.996611
0.996707
0.996816
0.996933
0.996865
0.997062
0.997277
0.997504
0.997703
0.997894
0.998062
0.998203
0.998314
0.998397
0.998455
0.998489
0.998499
0.998494
0.998475
0.998438
0.998387
0.998324
0.998253
0.998175
0.998091
0.998002
0.99791
0.997823
0.997738
0.997633
0.997393
0.997467
0.997506
0.997572
0.997655
0.997758
0.997857
0.997959
0.998066
0.998174
0.99828
0.998383
0.998484
0.998583
0.998681
0.998779
0.998874
0.998965
0.999052
0.999131
0.9992
0.999253
0.999288
0.999309
0.999337
0.999359
0.999654
0.999679
0.999702
0.999699
0.999696
0.999689
0.999675
0.99966
0.999647
0.999631
0.999603
0.999563
0.999515
0.999466
0.999423
0.99939
0.99937
0.999364
0.999367
0.999378
0.999397
0.999414
0.999433
0.999462
0.99951
0.999564
0.999922
1.00003
1.00015
1.00023
1.00032
1.0004
1.00046
1.00051
1.00056
1.00061
1.00064
1.00066
1.00066
1.00066
1.00065
1.00064
1.00062
1.0006
1.00057
1.00053
1.00048
1.00045
1.00042
1.00036
1.00019
1.00031
1.00031
1.00037
1.00044
1.00054
1.00065
1.00075
1.00083
1.00091
1.00097
1.00103
1.00107
1.00111
1.00115
1.00119
1.00124
1.00128
1.00133
1.00138
1.00142
1.00146
1.00151
1.00156
1.00161
1.00161
1.00147
0.986438
0.986705
0.987242
0.987942
0.98867
0.98933
0.989882
0.990326
0.990682
0.990971
0.991214
0.991427
0.991619
0.991796
0.99196
0.992109
0.992243
0.992361
0.992466
0.992579
0.992703
0.993048
0.993063
0.99316
0.993274
0.993403
0.993542
0.993686
0.993838
0.993993
0.994155
0.994321
0.994492
0.994668
0.994849
0.995032
0.995216
0.9954
0.995582
0.995759
0.99593
0.996089
0.996236
0.996357
0.996457
0.996424
0.996675
0.996774
0.996794
0.996766
0.996704
0.99661
0.99649
0.99635
0.996193
0.996023
0.995842
0.995652
0.995455
0.995253
0.99505
0.994848
0.994651
0.994462
0.994282
0.994114
0.993957
0.993817
0.993683
0.99354
0.993293
0.993366
0.993461
0.99362
0.993818
0.994045
0.994293
0.994557
0.994837
0.995127
0.995423
0.995717
0.996006
0.996284
0.996547
0.996792
0.997017
0.997218
0.997396
0.997547
0.99767
0.99776
0.997813
0.997824
0.997804
0.99769
0.997768
0.997742
0.997707
0.99764
0.997542
0.997409
0.997247
0.997064
0.996873
0.996682
0.996498
0.996328
0.996173
0.996038
0.995923
0.995831
0.995764
0.995723
0.995708
0.995714
0.995743
0.995797
0.995872
0.995978
0.996129
0.996135
0.99637
0.996619
0.996891
0.997149
0.99741
0.997661
0.997895
0.998104
0.998285
0.998437
0.99856
0.998654
0.998719
0.99875
0.998749
0.998729
0.99868
0.998606
0.998509
0.998392
0.99826
0.998111
0.997954
0.997794
0.99761
0.997283
0.997294
0.997245
0.997216
0.997211
0.997228
0.997258
0.997308
0.997379
0.997467
0.997569
0.997682
0.997804
0.997933
0.998069
0.99821
0.998353
0.998496
0.998637
0.998772
0.998898
0.999009
0.999105
0.999178
0.99925
0.999317
0.999649
0.999727
0.999788
0.999807
0.999816
0.999811
0.999792
0.999763
0.999735
0.999704
0.999663
0.999607
0.999537
0.999456
0.999371
0.999289
0.999215
0.999153
0.999103
0.999068
0.999045
0.999026
0.999021
0.999027
0.99906
0.999112
0.999445
0.999561
0.999694
0.999814
0.999937
1.00006
1.00016
1.00025
1.00034
1.00043
1.00052
1.00059
1.00064
1.00067
1.00068
1.00069
1.00068
1.00066
1.00063
1.00057
1.00051
1.00045
1.00039
1.00031
1.00011
1.00017
1.00014
1.00014
1.00014
1.00018
1.00024
1.0003
1.00036
1.00042
1.00048
1.00054
1.00059
1.00064
1.00069
1.00073
1.00077
1.00082
1.00086
1.00091
1.00096
1.001
1.00105
1.00111
1.00118
1.00122
1.00112
0.986715
0.986949
0.987445
0.988093
0.988764
0.989371
0.989882
0.990302
0.990645
0.990929
0.991171
0.991385
0.99158
0.991762
0.991933
0.992094
0.992246
0.992387
0.992516
0.992642
0.992754
0.993148
0.993205
0.99331
0.993432
0.993572
0.993723
0.993882
0.994048
0.99422
0.994397
0.99458
0.994769
0.994963
0.995163
0.995368
0.995577
0.995791
0.996008
0.996227
0.996449
0.996671
0.996893
0.997106
0.997316
0.997397
0.997696
0.997897
0.998045
0.998109
0.998122
0.998098
0.998027
0.997906
0.997748
0.997555
0.997329
0.997074
0.996793
0.996491
0.99617
0.995835
0.99549
0.99514
0.994788
0.99444
0.9941
0.993778
0.99347
0.99316
0.992768
0.992659
0.992576
0.992567
0.992605
0.992705
0.992869
0.993084
0.993347
0.993656
0.994002
0.994376
0.994768
0.995171
0.995576
0.995976
0.996364
0.996734
0.997079
0.997396
0.99768
0.997927
0.998132
0.998287
0.998397
0.998406
0.998579
0.998602
0.998596
0.998548
0.998449
0.998291
0.998085
0.997838
0.997565
0.997274
0.996978
0.996685
0.996403
0.996136
0.99589
0.995667
0.995472
0.995307
0.995177
0.995083
0.995029
0.995008
0.995016
0.995059
0.995153
0.995218
0.995495
0.995759
0.996055
0.996353
0.996672
0.996997
0.997319
0.99763
0.997921
0.998187
0.998425
0.998632
0.998807
0.998945
0.999041
0.999088
0.999088
0.999062
0.998998
0.998895
0.998758
0.998587
0.998391
0.998172
0.997925
0.997555
0.997436
0.997275
0.997146
0.997028
0.996939
0.996864
0.996817
0.996806
0.996817
0.996857
0.996929
0.997027
0.997148
0.99729
0.99745
0.997624
0.997809
0.998
0.998192
0.998382
0.998563
0.998733
0.998879
0.999019
0.999145
0.999531
0.999676
0.999813
0.999903
0.999956
0.999974
0.999969
0.999948
0.999916
0.999875
0.999823
0.999755
0.999671
0.999569
0.999455
0.999332
0.999206
0.999083
0.998967
0.998865
0.998777
0.998698
0.998637
0.998598
0.998602
0.998626
0.998903
0.998998
0.999125
0.999258
0.999402
0.999547
0.999686
0.999819
0.999953
1.00009
1.00022
1.00034
1.00046
1.00055
1.00062
1.00068
1.00071
1.00071
1.0007
1.00067
1.00062
1.00056
1.00049
1.00039
1.00016
1.00019
1.00014
1.00009
1.00004
1.00002
1.00002
1.00002
1.00002
1.00002
1.00004
1.00008
1.00012
1.00016
1.0002
1.00024
1.00028
1.00032
1.00037
1.00042
1.00046
1.00051
1.00057
1.00064
1.00073
1.00081
1.00074
0.987054
0.987239
0.987661
0.988223
0.988809
0.989346
0.989811
0.9902
0.990526
0.990803
0.991044
0.991258
0.991454
0.991637
0.99181
0.991975
0.992132
0.992281
0.99242
0.99254
0.992681
0.992993
0.993125
0.993245
0.993368
0.993502
0.993644
0.993795
0.993952
0.994115
0.994283
0.994456
0.994635
0.994821
0.995015
0.995217
0.995429
0.995652
0.995887
0.996134
0.996393
0.996662
0.996942
0.997224
0.997515
0.997717
0.998105
0.998429
0.998733
0.998992
0.999207
0.999359
0.999432
0.999434
0.999391
0.999279
0.999105
0.998875
0.998592
0.998259
0.997881
0.997462
0.997009
0.996528
0.996028
0.995514
0.994994
0.994475
0.993958
0.993447
0.992881
0.992527
0.9922
0.991954
0.991787
0.99171
0.991712
0.991768
0.991907
0.992131
0.99243
0.992794
0.993212
0.993675
0.994171
0.994688
0.995217
0.995747
0.996267
0.996767
0.997239
0.997675
0.998071
0.998412
0.998702
0.998874
0.999222
0.999396
0.999477
0.999469
0.99942
0.999302
0.999116
0.998864
0.998559
0.998211
0.997832
0.997434
0.997029
0.996628
0.996239
0.995871
0.995529
0.995218
0.994943
0.994709
0.994522
0.994384
0.994302
0.994269
0.994281
0.994321
0.99458
0.994818
0.995109
0.995423
0.995774
0.996151
0.996543
0.996939
0.997329
0.997706
0.998062
0.998392
0.998691
0.998953
0.999171
0.999337
0.999444
0.999482
0.999473
0.999427
0.999332
0.999187
0.998997
0.998759
0.998475
0.998086
0.997885
0.997621
0.997385
0.997154
0.996945
0.996752
0.996583
0.996447
0.996352
0.996307
0.996307
0.996333
0.996399
0.996504
0.996644
0.996814
0.997009
0.997225
0.997456
0.997695
0.997935
0.998174
0.998395
0.998614
0.998815
0.999273
0.99949
0.999708
0.999886
1.00002
1.0001
1.00013
1.00013
1.00012
1.00008
1.00003
0.999965
0.999877
0.999767
0.999637
0.999487
0.999323
0.999149
0.998972
0.998799
0.998636
0.998483
0.998352
0.998246
0.998188
0.998182
0.998391
0.998438
0.998533
0.998648
0.998786
0.998939
0.999098
0.99926
0.999427
0.999598
0.999771
0.999944
1.00011
1.00027
1.00041
1.00053
1.00062
1.00069
1.00072
1.00071
1.0007
1.00067
1.00062
1.00053
1.00031
1.00033
1.00026
1.00019
1.0001
1.00002
0.999961
0.999904
0.999845
0.999791
0.999747
0.999731
0.999734
0.999748
0.999767
0.999791
0.999817
0.999847
0.999883
0.999925
0.999972
1.00002
1.00009
1.00017
1.00027
1.00039
1.00035
0.987471
0.987603
0.987926
0.988365
0.988824
0.989255
0.989638
0.989969
0.990252
0.990496
0.990708
0.990895
0.991064
0.991218
0.991361
0.991495
0.991623
0.991742
0.991856
0.99192
0.992104
0.992274
0.992404
0.992511
0.992613
0.992717
0.992824
0.992934
0.993049
0.99317
0.993296
0.993428
0.993568
0.993718
0.993881
0.99406
0.994259
0.99448
0.994727
0.995003
0.995311
0.995649
0.996021
0.996416
0.996838
0.997211
0.997746
0.998241
0.998712
0.999141
0.999533
0.999886
1.00019
1.00043
1.00056
1.00058
1.00054
1.00043
1.00024
0.999958
0.999601
0.999171
0.998676
0.998126
0.997531
0.996902
0.996248
0.995584
0.994908
0.994231
0.993508
0.992955
0.992408
0.991935
0.991533
0.991218
0.991003
0.990913
0.99092
0.990992
0.99116
0.991428
0.991788
0.992229
0.99274
0.993307
0.993916
0.994554
0.995207
0.995859
0.996499
0.997112
0.99769
0.998217
0.998691
0.999035
0.999526
0.999881
1.00014
1.00024
1.00023
1.00018
1.00005
0.999848
0.999567
0.999216
0.998806
0.998349
0.99786
0.997355
0.996847
0.996349
0.99587
0.995419
0.995003
0.994627
0.9943
0.994029
0.993825
0.993682
0.993626
0.993628
0.993824
0.994004
0.994259
0.994557
0.994911
0.995309
0.995741
0.996194
0.996658
0.997121
0.997575
0.998011
0.998421
0.998798
0.999131
0.999413
0.999635
0.999785
0.999852
0.99985
0.999813
0.99972
0.999568
0.999351
0.99907
0.998689
0.998446
0.998116
0.997801
0.997482
0.997168
0.996864
0.996582
0.996328
0.996116
0.995955
0.995854
0.995818
0.995826
0.995867
0.995953
0.996085
0.996258
0.996467
0.996705
0.996967
0.997242
0.997528
0.997808
0.998093
0.998362
0.998884
0.999174
0.999467
0.99972
0.999933
1.0001
1.0002
1.00025
1.00025
1.00024
1.00021
1.00015
1.00007
0.999966
0.999834
0.999675
0.999488
0.99928
0.999056
0.998826
0.998597
0.998376
0.998179
0.998008
0.997876
0.997791
0.997957
0.997943
0.997989
0.998069
0.998185
0.998326
0.998486
0.998659
0.998844
0.999038
0.999242
0.99945
0.999662
0.999871
1.00007
1.00025
1.00041
1.00053
1.00062
1.00067
1.0007
1.0007
1.00069
1.00063
1.00045
1.00047
1.00041
1.00033
1.00022
1.00011
1.00001
0.999909
0.9998
0.999691
0.999591
0.99952
0.999475
0.999455
0.999441
0.999433
0.999433
0.99944
0.999457
0.999484
0.999524
0.999574
0.999643
0.999737
0.999853
0.999998
0.999978
0.988108
0.988176
0.988351
0.988602
0.988871
0.989134
0.989375
0.989589
0.989769
0.989921
0.990046
0.990151
0.99024
0.990317
0.990381
0.990435
0.990483
0.990522
0.990561
0.990547
0.990635
0.990711
0.990769
0.990808
0.990849
0.990892
0.990942
0.990995
0.991056
0.991124
0.991203
0.991295
0.991405
0.991536
0.991692
0.991879
0.992099
0.992358
0.99266
0.99301
0.993409
0.993856
0.994352
0.994886
0.995463
0.996014
0.996708
0.997382
0.998039
0.998679
0.999284
0.999846
1.00034
1.00077
1.0011
1.00132
1.00139
1.00137
1.00129
1.00111
1.00083
1.00044
0.999949
0.999379
0.998742
0.998052
0.997323
0.99657
0.995799
0.995019
0.99419
0.993519
0.992838
0.992223
0.991666
0.991191
0.990807
0.990543
0.990419
0.990415
0.990468
0.990618
0.99088
0.991254
0.991727
0.992286
0.992917
0.993604
0.994329
0.995076
0.995826
0.996564
0.997274
0.997939
0.998551
0.999038
0.999635
1.00012
1.0005
1.00072
1.0008
1.00078
1.00071
1.00056
1.00032
0.999998
0.999594
0.99912
0.998594
0.998031
0.997449
0.996864
0.996289
0.995734
0.99521
0.994725
0.994288
0.993908
0.9936
0.993361
0.993223
0.99319
0.993361
0.993489
0.993693
0.993959
0.994296
0.994688
0.995132
0.995612
0.996116
0.996631
0.997146
0.997651
0.998137
0.998593
0.99901
0.999376
0.999683
0.999921
1.00007
1.00013
1.00012
1.00007
0.999958
0.999773
0.999511
0.99916
0.998905
0.99854
0.998176
0.997799
0.997417
0.997035
0.996671
0.996332
0.996033
0.995784
0.995595
0.995476
0.995432
0.995437
0.995473
0.995555
0.995689
0.99587
0.996093
0.996352
0.996637
0.996943
0.997259
0.997585
0.9979
0.998462
0.998805
0.999153
0.999462
0.999737
0.999967
1.00014
1.00024
1.00028
1.00028
1.00027
1.00023
1.00017
1.00007
0.99995
0.999792
0.999599
0.999372
0.999119
0.998846
0.998565
0.9983
0.998058
0.997838
0.997645
0.997478
0.99758
0.997542
0.997542
0.997579
0.997665
0.997791
0.997943
0.998114
0.998303
0.998508
0.998729
0.998961
0.999202
0.999447
0.999688
0.999917
1.00012
1.0003
1.00044
1.00053
1.00061
1.00067
1.00067
1.00065
1.00052
1.00054
1.00049
1.00042
1.00031
1.0002
1.00008
0.999951
0.999814
0.999674
0.999533
0.999417
0.999327
0.999261
0.999213
0.999176
0.999152
0.99914
0.999136
0.999143
0.999171
0.999222
0.999293
0.999389
0.999511
0.999677
0.999664
0.98969
0.989534
0.989402
0.989349
0.98934
0.989354
0.989382
0.98941
0.989434
0.989449
0.98945
0.98944
0.989414
0.989371
0.989314
0.989247
0.989172
0.989084
0.988988
0.988845
0.988817
0.988757
0.988691
0.988609
0.98854
0.988482
0.988444
0.988425
0.988426
0.988445
0.988489
0.988562
0.988672
0.988825
0.989025
0.989277
0.989586
0.989956
0.990389
0.990884
0.991438
0.992047
0.992711
0.993412
0.99416
0.994877
0.995726
0.996545
0.997355
0.998138
0.998885
0.999582
1.00022
1.00077
1.00123
1.00156
1.00174
1.00177
1.00173
1.00161
1.00137
1.00101
1.00053
0.99996
0.999308
0.998596
0.997839
0.997055
0.996252
0.995441
0.994581
0.99388
0.993164
0.992509
0.991906
0.991379
0.990936
0.990605
0.990411
0.990356
0.990374
0.990462
0.990661
0.99098
0.991414
0.99195
0.992573
0.993267
0.994015
0.994796
0.995591
0.996381
0.997148
0.997873
0.998544
0.999124
0.999631
1.00021
1.00063
1.00092
1.00104
1.00104
1.001
1.00088
1.00067
1.00037
0.999973
0.999502
0.998967
0.998386
0.997778
0.997158
0.996543
0.995943
0.99537
0.994832
0.994343
0.99391
0.99355
0.993265
0.993091
0.993039
0.9932
0.993311
0.993493
0.993739
0.994064
0.994445
0.994886
0.995368
0.99588
0.996409
0.996943
0.997471
0.997982
0.998468
0.998915
0.999314
0.999657
0.999931
1.00012
1.00021
1.00021
1.00018
1.00009
0.999917
0.999654
0.999327
0.999059
0.998689
0.998311
0.997912
0.997502
0.997088
0.996691
0.996315
0.995977
0.995686
0.995455
0.995292
0.995207
0.995192
0.995207
0.995259
0.995361
0.995515
0.995715
0.995962
0.996241
0.99655
0.996877
0.997218
0.997549
0.998115
0.99848
0.998852
0.999183
0.99949
0.999757
0.999964
1.0001
1.00017
1.00019
1.00019
1.00016
1.00011
1.00003
0.999914
0.999761
0.999568
0.999336
0.999069
0.998776
0.998476
0.998189
0.997924
0.99768
0.997451
0.997219
0.997265
0.997207
0.997184
0.997201
0.997269
0.997386
0.997535
0.997704
0.997892
0.9981
0.998328
0.998574
0.998833
0.999098
0.999363
0.999618
0.99985
1.00005
1.00022
1.00036
1.00047
1.00055
1.00059
1.00057
1.00048
1.00052
1.00047
1.00042
1.00032
1.00021
1.00009
0.999956
0.99981
0.99966
0.999507
0.999367
0.999247
0.999152
0.999076
0.999017
0.998972
0.998944
0.998932
0.998939
0.998965
0.999014
0.999085
0.999182
0.999302
0.999466
0.999485
1.0013
1.00205
1.00195
1.00141
1.0005
0.999415
0.998286
0.997186
0.996149
0.995208
1.00069
1.00155
1.00188
1.00185
1.00163
1.00118
1.00053
0.999753
0.998893
0.998065
1.00045
1.00108
1.00152
1.00169
1.00169
1.0016
1.0014
1.00106
1.00062
1.00011
1.00035
1.00085
1.00124
1.00147
1.00154
1.00153
1.00146
1.00133
1.00111
1.00083
1.00032
1.00077
1.00112
1.00136
1.00144
1.00145
1.00142
1.00134
1.0012
1.001
1.00032
1.00077
1.00112
1.00137
1.00146
1.00147
1.00145
1.00138
1.00124
1.00104
1.00035
1.00085
1.00125
1.0015
1.00158
1.00157
1.00152
1.00139
1.00117
1.00084
1.00044
1.00108
1.00153
1.00173
1.00173
1.00165
1.00143
1.00106
1.00054
0.999882
1.00069
1.00155
1.00189
1.00185
1.00161
1.00109
1.00034
0.999406
0.99836
0.997259
1.0013
1.00203
1.0019
1.00129
1.00027
0.999045
0.997734
0.99641
0.995128
0.993934
0.99386
0.992892
0.992199
0.991696
0.991305
0.990988
0.990717
0.990477
0.990255
0.990044
0.989841
0.989643
0.989449
0.98926
0.98907
0.988874
0.988672
0.988455
0.988228
0.987945
0.987722
0.987471
0.987225
0.986969
0.986734
0.986513
0.98633
0.986193
0.986117
0.986099
0.986115
0.986177
0.986304
0.986508
0.986789
0.987151
0.987602
0.988135
0.98874
0.989414
0.990149
0.990936
0.991772
0.99264
0.993532
0.994372
0.995321
0.996223
0.997105
0.997949
0.998753
0.999496
1.00017
1.00075
1.00123
1.00157
1.00175
1.00178
1.00174
1.00161
1.00136
1.00098
1.00049
0.999891
0.99922
0.998497
0.997737
0.996962
0.996178
0.995397
0.994573
0.99392
0.99326
0.992669
0.99213
0.991666
0.991277
0.99099
0.990825
0.990785
0.990807
0.990903
0.991106
0.991425
0.991854
0.992382
0.992995
0.993677
0.99441
0.995175
0.995951
0.996719
0.997458
0.998153
0.998786
0.999342
0.999776
1.0003
1.00067
1.00091
1.00098
1.00098
1.00092
1.00078
1.00056
1.00025
0.999855
0.999388
0.998862
0.998293
0.9977
0.997097
0.996499
0.995917
0.995361
0.994841
0.994369
0.993953
0.993612
0.993345
0.993194
0.993162
0.993334
0.99346
0.993655
0.993911
0.994239
0.994616
0.995047
0.995514
0.996008
0.996515
0.997026
0.997528
0.998014
0.998474
0.998894
0.999266
0.999586
0.999842
1.00002
1.00009
1.00008
1.00004
0.99993
0.999738
0.999414
0.999159
0.998836
0.998486
0.998117
0.99773
0.997329
0.996931
0.996547
0.996188
0.995865
0.995587
0.995367
0.995213
0.995132
0.995118
0.995132
0.995181
0.995276
0.995416
0.995602
0.995838
0.996109
0.996408
0.996726
0.997058
0.997374
0.997913
0.998264
0.998622
0.998939
0.999238
0.999501
0.999708
0.99985
0.999928
0.999953
0.999951
0.999932
0.999884
0.999806
0.999694
0.999544
0.999354
0.999122
0.998855
0.998573
0.99828
0.997993
0.997731
0.99749
0.997261
0.99698
0.997011
0.996949
0.996929
0.996945
0.997019
0.997144
0.997299
0.997472
0.997663
0.997874
0.998106
0.998358
0.998625
0.998897
0.999167
0.999425
0.999663
0.999876
1.00006
1.0002
1.00032
1.00041
1.00045
1.00044
1.00036
1.0004
1.00037
1.00032
1.00024
1.00014
1.00002
0.999892
0.999752
0.99961
0.999464
0.999325
0.9992
0.999096
0.99901
0.998943
0.998895
0.998871
0.998874
0.998891
0.998923
0.998974
0.999043
0.999142
0.999264
0.99943
0.999457
0.997337
0.996657
0.99597
0.995322
0.994716
0.994153
0.993628
0.993134
0.992664
0.992212
0.991774
0.991347
0.990928
0.990514
0.990105
0.989695
0.989288
0.988873
0.988455
0.987997
0.987607
0.987197
0.986794
0.986362
0.985942
0.985539
0.985192
0.984919
0.984748
0.984698
0.984713
0.984785
0.984952
0.985233
0.985631
0.986145
0.986749
0.987425
0.988165
0.988964
0.989821
0.990726
0.991669
0.992629
0.993604
0.994522
0.995549
0.996505
0.997426
0.998261
0.99903
0.999705
1.00029
1.00077
1.00113
1.00134
1.00139
1.00135
1.00124
1.001
1.00066
1.0002
0.999662
0.999054
0.998398
0.997715
0.997019
0.996327
0.995646
0.994981
0.994281
0.993773
0.993267
0.992836
0.992457
0.992146
0.991903
0.991748
0.991694
0.991707
0.991779
0.991937
0.992193
0.992546
0.992989
0.993512
0.994101
0.994743
0.99542
0.996112
0.9968
0.997467
0.998092
0.998665
0.999167
0.999597
0.999879
1.00028
1.0005
1.00061
1.00061
1.00057
1.00046
1.00027
1.00001
0.999682
0.999285
0.998831
0.998335
0.99781
0.997272
0.996734
0.996206
0.995698
0.99522
0.994778
0.994386
0.994052
0.993794
0.993606
0.993532
0.993541
0.993753
0.993923
0.994158
0.994439
0.994771
0.995138
0.995543
0.995973
0.996419
0.996869
0.997315
0.997748
0.998162
0.998547
0.998889
0.999183
0.99943
0.999618
0.999723
0.999739
0.999713
0.999634
0.999482
0.999257
0.998879
0.998626
0.998303
0.997975
0.997635
0.997286
0.996933
0.996589
0.996264
0.995967
0.995707
0.995491
0.995329
0.995228
0.99519
0.995195
0.995225
0.995294
0.995405
0.995553
0.99574
0.995965
0.996217
0.996494
0.996785
0.997092
0.997354
0.997823
0.998128
0.99844
0.998713
0.998972
0.999197
0.999374
0.999493
0.999555
0.999572
0.999569
0.999548
0.999499
0.999418
0.999305
0.999156
0.998971
0.99875
0.998504
0.998246
0.997977
0.997717
0.997486
0.997276
0.99708
0.996805
0.996835
0.99679
0.996796
0.996834
0.996936
0.997083
0.997255
0.997441
0.99764
0.997855
0.99809
0.998343
0.998607
0.998873
0.999131
0.999372
0.999592
0.999786
0.999956
1.0001
1.00019
1.00025
1.00028
1.00027
1.0002
1.00021
1.0002
1.00015
1.00008
0.999996
0.999898
0.999786
0.999667
0.999547
0.999426
0.99931
0.999203
0.999109
0.999032
0.998975
0.998953
0.998953
0.998967
0.999003
0.999049
0.999103
0.999178
0.999281
0.999408
0.999577
0.999588
0.99959
0.999069
0.998511
0.997943
0.997371
0.9968
0.996232
0.995666
0.995099
0.994529
0.993953
0.993371
0.992785
0.992196
0.991608
0.99102
0.990435
0.989841
0.989253
0.988623
0.988063
0.987471
0.9869
0.986314
0.985779
0.985272
0.984848
0.984523
0.984346
0.984289
0.984312
0.984418
0.98465
0.985019
0.985522
0.986146
0.986886
0.987733
0.988673
0.98968
0.990722
0.991778
0.992832
0.99386
0.994846
0.995727
0.996674
0.9975
0.998258
0.998906
0.99947
0.999939
1.00032
1.00057
1.00069
1.00069
1.00062
1.00046
1.00021
0.999855
0.999427
0.998936
0.9984
0.997835
0.997259
0.996686
0.996128
0.995596
0.995091
0.994611
0.9941
0.993808
0.99352
0.993304
0.993129
0.993006
0.99294
0.992935
0.992969
0.993067
0.993231
0.993463
0.993769
0.994147
0.994584
0.995073
0.995599
0.99615
0.996708
0.997259
0.997786
0.998275
0.998711
0.999089
0.999395
0.999633
0.999712
0.999919
0.999959
0.999958
0.999915
0.999812
0.999639
0.999404
0.999114
0.998776
0.998396
0.997982
0.997546
0.997103
0.996662
0.996231
0.995818
0.99543
0.995074
0.994759
0.994493
0.994285
0.994146
0.994065
0.994067
0.994114
0.9944
0.994619
0.994887
0.995177
0.995493
0.995829
0.996185
0.996551
0.99692
0.997282
0.997631
0.997962
0.998269
0.998544
0.99878
0.998971
0.999115
0.999196
0.999207
0.999181
0.999104
0.998968
0.998765
0.99851
0.998096
0.997863
0.997564
0.997282
0.996996
0.996716
0.996445
0.996189
0.995955
0.995753
0.995588
0.995464
0.995387
0.995361
0.995368
0.9954
0.995466
0.995566
0.995696
0.995855
0.996041
0.99625
0.996476
0.996714
0.996961
0.997229
0.997398
0.997752
0.997993
0.998235
0.99845
0.99866
0.998834
0.998969
0.999052
0.999083
0.999087
0.99908
0.999053
0.998999
0.998916
0.998803
0.998659
0.998484
0.998284
0.998074
0.997858
0.997638
0.99743
0.997252
0.997096
0.996954
0.996727
0.99677
0.996769
0.996816
0.996901
0.997042
0.997216
0.997409
0.997611
0.997818
0.998036
0.998269
0.998512
0.998759
0.999001
0.999227
0.999433
0.999614
0.999771
0.999904
1.00001
1.00008
1.0001
1.0001
1.00009
1.00004
0.999967
1.00001
0.999971
0.99992
0.999857
0.999785
0.999702
0.999616
0.999528
0.999444
0.999364
0.999291
0.999227
0.99918
0.999159
0.99916
0.999176
0.999217
0.999269
0.99932
0.999385
0.99947
0.999576
0.999704
0.999864
0.999849
1.00049
1.00011
0.999677
0.999193
0.998677
0.998138
0.997584
0.997015
0.996431
0.995826
0.995197
0.994542
0.993864
0.993169
0.992466
0.991763
0.991069
0.99038
0.98969
0.988968
0.988342
0.987701
0.987095
0.986479
0.985919
0.985405
0.985
0.98473
0.984663
0.984709
0.984873
0.985185
0.985653
0.986267
0.987012
0.987865
0.988805
0.989804
0.990834
0.991871
0.992896
0.99389
0.994837
0.995716
0.996494
0.997175
0.997882
0.998449
0.998935
0.999325
0.999637
0.999834
0.999913
0.999905
0.99984
0.999692
0.999466
0.999175
0.99883
0.998441
0.998021
0.997583
0.997142
0.996708
0.996292
0.995903
0.995544
0.995225
0.994941
0.994673
0.994379
0.994342
0.994271
0.994245
0.99424
0.99426
0.994314
0.994404
0.994533
0.994705
0.994921
0.995182
0.995487
0.995832
0.996206
0.9966
0.997002
0.997399
0.99778
0.998135
0.998453
0.998726
0.998946
0.999115
0.999206
0.999208
0.999117
0.999151
0.999116
0.99906
0.998955
0.998803
0.998599
0.998353
0.998072
0.997767
0.997443
0.997108
0.99677
0.99644
0.996122
0.995823
0.995546
0.995298
0.995082
0.994906
0.994777
0.994696
0.994667
0.994668
0.994712
0.994818
0.995153
0.995393
0.995656
0.995914
0.996182
0.996458
0.99674
0.997019
0.997288
0.997542
0.997777
0.99799
0.998179
0.998337
0.998457
0.998536
0.998564
0.998555
0.998513
0.998425
0.99829
0.998109
0.997882
0.997623
0.997197
0.997021
0.99679
0.996581
0.996374
0.996193
0.996028
0.995881
0.995757
0.995662
0.995598
0.995571
0.995572
0.995593
0.995641
0.995715
0.995811
0.995928
0.996064
0.996218
0.996388
0.996571
0.996759
0.996944
0.997136
0.997354
0.997406
0.997651
0.997817
0.997987
0.998141
0.9983
0.998426
0.998516
0.998565
0.998575
0.998571
0.998554
0.99852
0.998465
0.998385
0.99828
0.998151
0.998003
0.997844
0.997683
0.997524
0.99737
0.997227
0.997116
0.997026
0.99695
0.996794
0.996874
0.996923
0.997021
0.997153
0.997333
0.997534
0.997744
0.997955
0.998162
0.998375
0.998593
0.998812
0.999025
0.999222
0.999398
0.999551
0.999681
0.999789
0.999876
0.999941
0.999966
0.999962
0.99995
0.999925
0.999877
0.999801
0.999896
0.999858
0.999823
0.999785
0.999746
0.999703
0.99966
0.999616
0.999575
0.999539
0.99951
0.999487
0.999476
0.999478
0.999499
0.999539
0.999594
0.999656
0.99972
0.999791
0.999874
0.999976
1.00009
1.00022
1.00019
1.00074
1.00041
1.00001
0.999552
0.999051
0.998517
0.997962
0.997387
0.99679
0.996165
0.995508
0.994816
0.994094
0.993349
0.992592
0.991834
0.991085
0.990355
0.98966
0.988963
0.988384
0.987797
0.987271
0.986768
0.986362
0.986057
0.985954
0.985982
0.986123
0.98641
0.986853
0.987434
0.98814
0.988945
0.989827
0.990758
0.991712
0.992666
0.993598
0.994487
0.995316
0.996074
0.996751
0.997334
0.99774
0.998168
0.998536
0.998839
0.999049
0.99915
0.999163
0.999132
0.999038
0.998881
0.998676
0.998433
0.99816
0.997864
0.997555
0.997242
0.996934
0.996638
0.996363
0.996115
0.995897
0.995712
0.995559
0.995439
0.995346
0.995272
0.995182
0.995285
0.995363
0.995459
0.995549
0.995645
0.995752
0.99588
0.996031
0.996208
0.996408
0.996629
0.996867
0.997115
0.997367
0.997615
0.99785
0.998064
0.998251
0.998407
0.99853
0.998617
0.998652
0.998647
0.998599
0.99848
0.998177
0.99817
0.998106
0.998038
0.997921
0.997773
0.997589
0.997379
0.997152
0.996917
0.996681
0.996449
0.996226
0.996018
0.995826
0.995654
0.995505
0.995381
0.995288
0.99523
0.995206
0.995208
0.995234
0.995285
0.995373
0.99549
0.995819
0.996035
0.996245
0.996436
0.996632
0.99683
0.997025
0.997208
0.997373
0.997518
0.997644
0.997748
0.997828
0.997879
0.997892
0.997883
0.997848
0.997782
0.997685
0.997558
0.997402
0.997218
0.997007
0.996776
0.996374
0.9963
0.99617
0.996062
0.995954
0.995874
0.995812
0.99577
0.995748
0.995746
0.995757
0.995788
0.995836
0.995898
0.995974
0.996061
0.996162
0.996274
0.996397
0.99653
0.99667
0.996814
0.996954
0.99708
0.997207
0.997334
0.997288
0.997452
0.997569
0.99769
0.997801
0.997921
0.998009
0.99807
0.998101
0.998106
0.998102
0.998086
0.998053
0.998003
0.997934
0.997847
0.997748
0.997642
0.997537
0.997438
0.997348
0.997269
0.997202
0.997156
0.997132
0.997113
0.997048
0.997169
0.997264
0.997408
0.99758
0.997786
0.998003
0.998215
0.998414
0.998607
0.998799
0.998987
0.999164
0.999322
0.99946
0.999577
0.999673
0.999752
0.999814
0.999862
0.999888
0.999886
0.999871
0.999848
0.999819
0.99978
0.999726
0.99988
0.99986
0.999856
0.999856
0.999859
0.999861
0.999861
0.999859
0.999859
0.999861
0.999868
0.999881
0.999898
0.999924
0.999961
1.00001
1.00007
1.00012
1.00018
1.00025
1.00033
1.00042
1.00052
1.00061
1.00055
1.00076
1.00041
0.999982
0.999486
0.998934
0.998336
0.997709
0.997047
0.996355
0.995627
0.994866
0.994079
0.99328
0.992487
0.991718
0.990994
0.990332
0.989733
0.989192
0.988647
0.988244
0.987876
0.987627
0.987515
0.987534
0.987631
0.987859
0.98822
0.988704
0.989291
0.989966
0.990704
0.991487
0.992292
0.9931
0.99389
0.994645
0.995351
0.995997
0.996575
0.997071
0.997485
0.997817
0.998086
0.998139
0.998345
0.998451
0.998501
0.998488
0.99843
0.998319
0.998171
0.997998
0.997807
0.997604
0.997396
0.997188
0.996985
0.996794
0.996619
0.996465
0.996335
0.99623
0.99615
0.996093
0.996061
0.996046
0.996051
0.996076
0.996123
0.996101
0.996296
0.996444
0.996576
0.99667
0.996756
0.996844
0.996942
0.997053
0.997174
0.997302
0.997433
0.997563
0.997686
0.9978
0.997899
0.997982
0.998047
0.998089
0.998102
0.998094
0.998062
0.997998
0.997908
0.997783
0.997593
0.997192
0.997203
0.997159
0.997125
0.997052
0.996954
0.996826
0.996681
0.99653
0.996379
0.996236
0.996102
0.995981
0.995873
0.995781
0.995705
0.995648
0.995613
0.995599
0.995603
0.995626
0.995667
0.99572
0.995781
0.995865
0.995936
0.996204
0.99636
0.996499
0.996621
0.996748
0.996875
0.996991
0.997087
0.997161
0.997217
0.997254
0.99727
0.997268
0.997251
0.997213
0.997155
0.99708
0.99699
0.996885
0.996765
0.996631
0.996482
0.996322
0.996148
0.995822
0.995851
0.995829
0.995814
0.995796
0.9958
0.995819
0.995854
0.995897
0.995947
0.996001
0.996058
0.99612
0.996187
0.996259
0.996337
0.996422
0.996515
0.996613
0.996716
0.996821
0.996923
0.997015
0.997089
0.997152
0.997188
0.997079
0.997217
0.997299
0.997394
0.997484
0.997585
0.997662
0.997719
0.997752
0.997764
0.997764
0.997755
0.997733
0.997696
0.997649
0.997595
0.99754
0.997488
0.997446
0.997415
0.997398
0.997392
0.997391
0.997402
0.997429
0.99744
0.997469
0.997639
0.997782
0.997955
0.998146
0.998352
0.998555
0.998741
0.998911
0.999073
0.999227
0.999366
0.999487
0.999586
0.999666
0.999731
0.999784
0.999827
0.999861
0.999885
0.999896
0.999892
0.999876
0.999858
0.999839
0.999822
0.999801
1.00001
1.00003
1.00008
1.00012
1.00016
1.0002
1.00023
1.00025
1.00028
1.0003
1.00033
1.00036
1.00039
1.00043
1.00047
1.00051
1.00056
1.0006
1.00066
1.00073
1.0008
1.00088
1.00095
1.001
1.0009
1.00041
0.999887
0.999276
0.998597
0.997869
0.997104
0.996317
0.995512
0.9947
0.993893
0.993106
0.992357
0.991675
0.991081
0.990582
0.990144
0.989757
0.989429
0.989207
0.989072
0.989137
0.98924
0.989437
0.989707
0.990071
0.990503
0.991003
0.991552
0.99214
0.992751
0.993372
0.993989
0.994591
0.995164
0.9957
0.996189
0.996621
0.996992
0.997304
0.997561
0.997767
0.997913
0.997968
0.997941
0.99778
0.997875
0.997855
0.997816
0.997734
0.997627
0.997502
0.997371
0.997238
0.997109
0.996986
0.996873
0.996774
0.996689
0.996622
0.996572
0.996539
0.996522
0.996517
0.996526
0.996548
0.996581
0.996617
0.996663
0.996714
0.996774
0.996735
0.997002
0.997159
0.99725
0.997285
0.997313
0.997343
0.997379
0.997419
0.997462
0.997505
0.997544
0.997579
0.997606
0.997622
0.997624
0.997616
0.997591
0.997551
0.997497
0.99743
0.997351
0.997257
0.99715
0.997013
0.996812
0.996391
0.996448
0.99648
0.996516
0.996495
0.99645
0.996379
0.996297
0.996212
0.996131
0.996057
0.995992
0.995937
0.995892
0.995859
0.995839
0.995832
0.995836
0.995853
0.99588
0.995915
0.995954
0.995992
0.996029
0.996077
0.996068
0.996246
0.996349
0.996443
0.996523
0.996606
0.996677
0.996726
0.996752
0.996756
0.996751
0.996735
0.996707
0.996669
0.996621
0.996565
0.996503
0.996436
0.996364
0.996289
0.99621
0.996123
0.99603
0.995934
0.995832
0.995598
0.995699
0.995758
0.995817
0.995862
0.995918
0.995985
0.996054
0.996115
0.996171
0.996223
0.996271
0.99632
0.996371
0.996428
0.996489
0.996557
0.99663
0.996705
0.996782
0.996856
0.996924
0.99698
0.997015
0.997033
0.997023
0.99687
0.997006
0.997087
0.997188
0.99729
0.997396
0.997481
0.997545
0.997584
0.997602
0.997609
0.997608
0.997601
0.997588
0.997575
0.997567
0.997569
0.997578
0.997597
0.997628
0.99767
0.997717
0.997765
0.997824
0.997891
0.99788
0.998025
0.998194
0.998369
0.998555
0.998746
0.99893
0.999094
0.999239
0.999367
0.999483
0.999586
0.999672
0.99974
0.999795
0.999841
0.99988
0.999915
0.999947
0.999975
0.999999
1.00002
1.00003
1.00003
1.00002
1.00003
1.00003
1.00004
1.00031
1.00039
1.00048
1.00054
1.0006
1.00065
1.00069
1.00072
1.00075
1.00078
1.00081
1.00084
1.00087
1.0009
1.00094
1.00098
1.00102
1.00106
1.00112
1.00118
1.00124
1.00131
1.00136
1.00138
1.00124
0.999115
0.99827
0.997377
0.996463
0.995553
0.994664
0.993814
0.993031
0.992341
0.991764
0.991297
0.990922
0.990631
0.990456
0.990419
0.990453
0.990562
0.990746
0.990995
0.99124
0.991659
0.99207
0.992503
0.99293
0.993372
0.993814
0.994254
0.994684
0.9951
0.995496
0.995869
0.996212
0.996521
0.996793
0.997027
0.997223
0.997383
0.997504
0.997584
0.997623
0.997623
0.997598
0.997521
0.997383
0.997129
0.997282
0.997256
0.997229
0.997174
0.99711
0.997042
0.996976
0.996918
0.996868
0.99683
0.996803
0.996785
0.996777
0.996778
0.996787
0.996805
0.996827
0.996851
0.996878
0.996906
0.996935
0.996963
0.996993
0.997017
0.997041
0.996968
0.997294
0.997405
0.997413
0.997383
0.997347
0.997318
0.997297
0.99728
0.997266
0.997252
0.997235
0.997214
0.997187
0.997154
0.997114
0.997068
0.997015
0.996956
0.996892
0.996822
0.996748
0.996665
0.996571
0.996449
0.996267
0.995871
0.996012
0.996132
0.996228
0.996229
0.996213
0.996175
0.996128
0.99608
0.996036
0.995998
0.995968
0.995946
0.995933
0.995927
0.995929
0.995938
0.995952
0.995971
0.995991
0.99601
0.996025
0.996032
0.996028
0.996014
0.995946
0.996104
0.996178
0.996246
0.996299
0.996345
0.996366
0.996361
0.996345
0.996318
0.996286
0.996251
0.996215
0.996177
0.99614
0.996104
0.996069
0.996036
0.996004
0.995972
0.995937
0.9959
0.995858
0.995814
0.995763
0.995614
0.995772
0.995883
0.995976
0.996043
0.996107
0.996172
0.996229
0.996272
0.996306
0.996335
0.996366
0.996401
0.996443
0.996491
0.996545
0.996603
0.996663
0.996724
0.996783
0.996837
0.996882
0.996916
0.996935
0.996934
0.996909
0.996748
0.996909
0.997024
0.997157
0.997281
0.997393
0.997477
0.997536
0.997572
0.997592
0.997608
0.997624
0.997643
0.997669
0.997703
0.997747
0.997801
0.997863
0.997934
0.998009
0.998085
0.998162
0.998241
0.99832
0.99839
0.998365
0.99858
0.998754
0.998941
0.999117
0.999281
0.999424
0.99954
0.999635
0.999715
0.999785
0.999845
0.999895
0.999939
0.999981
1.00002
1.00006
1.0001
1.00014
1.00018
1.00022
1.00025
1.00028
1.0003
1.00031
1.00034
1.00037
1.0004
1.00073
1.00086
1.00096
1.00101
1.00106
1.00109
1.00112
1.00114
1.00117
1.00119
1.00121
1.00124
1.00127
1.00131
1.00135
1.00139
1.00144
1.00149
1.00153
1.00158
1.00164
1.0017
1.00174
1.00172
1.00153
0.99615
0.995076
0.994072
0.993167
0.992387
0.991746
0.991256
0.990941
0.9908
0.990796
0.990869
0.991067
0.991379
0.991768
0.992197
0.992639
0.993078
0.993498
0.993892
0.994193
0.994657
0.995033
0.995368
0.995656
0.995921
0.996158
0.996372
0.996565
0.996736
0.996887
0.997015
0.997121
0.997204
0.997266
0.997307
0.997326
0.997326
0.997312
0.997282
0.99724
0.997186
0.997118
0.997019
0.996878
0.996663
0.996926
0.996918
0.996933
0.996925
0.996914
0.9969
0.996889
0.996885
0.996887
0.996896
0.996909
0.996926
0.996943
0.996961
0.996979
0.996995
0.99701
0.997021
0.997029
0.997035
0.997039
0.99704
0.99704
0.997032
0.997024
0.996933
0.997291
0.997324
0.997272
0.997184
0.997103
0.997035
0.99698
0.996935
0.996895
0.996858
0.996822
0.996784
0.996745
0.996703
0.996659
0.996613
0.996564
0.996514
0.996463
0.996409
0.996353
0.996288
0.996212
0.996104
0.995945
0.995616
0.995846
0.99602
0.99612
0.996122
0.996105
0.99607
0.996032
0.995997
0.995968
0.995947
0.995934
0.995927
0.995925
0.995928
0.995935
0.995942
0.995951
0.995958
0.995961
0.995957
0.995947
0.995926
0.995891
0.995831
0.995738
0.995906
0.995996
0.996051
0.996075
0.996078
0.996061
0.99603
0.995995
0.995962
0.995934
0.995912
0.995895
0.995882
0.995873
0.995869
0.995867
0.995868
0.995869
0.995869
0.995867
0.995862
0.995853
0.995835
0.995801
0.995722
0.995931
0.996066
0.996152
0.996202
0.996239
0.99627
0.996294
0.996308
0.996322
0.996342
0.99637
0.996408
0.996453
0.996504
0.996558
0.996613
0.996668
0.996721
0.996771
0.996814
0.99685
0.996879
0.996898
0.996894
0.996861
0.996744
0.996959
0.997126
0.997283
0.997405
0.997496
0.997556
0.997596
0.997625
0.997654
0.997691
0.997738
0.997796
0.997866
0.997946
0.998032
0.998123
0.998218
0.998315
0.998409
0.9985
0.998588
0.99867
0.99874
0.998786
0.998771
0.999034
0.999234
0.99941
0.99955
0.999663
0.999751
0.99982
0.999875
0.999922
0.999967
1.00001
1.00006
1.00011
1.00016
1.00021
1.00026
1.00032
1.00037
1.00042
1.00047
1.00052
1.00056
1.00059
1.00062
1.00066
1.0007
1.00075
1.00113
1.00127
1.00135
1.00138
1.00139
1.0014
1.00141
1.00142
1.00144
1.00146
1.00149
1.00152
1.00156
1.00161
1.00166
1.00171
1.00177
1.00181
1.00186
1.00191
1.00196
1.00201
1.00203
1.00197
1.00175
0.992872
0.991976
0.991269
0.990764
0.990468
0.990368
0.990425
0.990657
0.991037
0.991512
0.992049
0.99263
0.993224
0.993801
0.99434
0.994825
0.99525
0.995604
0.995887
0.996057
0.996443
0.996652
0.996817
0.996934
0.99703
0.997104
0.997162
0.997205
0.997235
0.997252
0.997256
0.997249
0.99723
0.997202
0.997166
0.997125
0.997079
0.997032
0.996984
0.996936
0.996885
0.996825
0.99674
0.996621
0.996472
0.996805
0.996796
0.996844
0.996863
0.996878
0.99689
0.996905
0.996924
0.996946
0.996969
0.996992
0.997013
0.997029
0.997042
0.997051
0.997055
0.997055
0.99705
0.997041
0.997029
0.997015
0.996998
0.996979
0.996951
0.996921
0.996859
0.997193
0.997182
0.997085
0.996967
0.996869
0.996789
0.996726
0.996675
0.996632
0.996593
0.996556
0.996519
0.996481
0.996442
0.996403
0.996363
0.996323
0.996283
0.996243
0.996201
0.996156
0.996102
0.996032
0.995928
0.995778
0.995557
0.995847
0.996012
0.99608
0.996069
0.996038
0.995997
0.995959
0.99593
0.995909
0.995896
0.995891
0.99589
0.995892
0.995896
0.995899
0.995901
0.995901
0.995897
0.995887
0.99587
0.995845
0.995809
0.995752
0.995671
0.995596
0.995805
0.995893
0.995926
0.995919
0.995896
0.99586
0.995822
0.995791
0.995768
0.995756
0.995751
0.995754
0.995761
0.995774
0.995789
0.995806
0.995824
0.995841
0.995856
0.995868
0.995877
0.995878
0.995863
0.995832
0.995801
0.996061
0.996183
0.99624
0.996258
0.996265
0.996269
0.996272
0.996277
0.996291
0.996318
0.996355
0.996401
0.996452
0.996506
0.996561
0.996614
0.996666
0.996716
0.996762
0.996802
0.996838
0.996868
0.996888
0.996882
0.996846
0.996788
0.997075
0.997266
0.997411
0.997504
0.997565
0.997603
0.997635
0.997669
0.997715
0.997777
0.997853
0.997943
0.998041
0.998145
0.998251
0.998358
0.998463
0.998566
0.998663
0.998755
0.99884
0.998914
0.998966
0.998992
0.999006
0.999332
0.999528
0.999672
0.999769
0.999839
0.99989
0.999931
0.999969
1.00001
1.00005
1.0001
1.00016
1.00022
1.00028
1.00034
1.0004
1.00046
1.00052
1.00058
1.00063
1.00069
1.00073
1.00077
1.00082
1.00086
1.00091
1.001
1.0014
1.00152
1.00155
1.00154
1.00153
1.00153
1.00153
1.00154
1.00156
1.00159
1.00163
1.00167
1.00172
1.00178
1.00184
1.00189
1.00194
1.00199
1.00203
1.00209
1.00214
1.00218
1.00217
1.00208
1.00185
)
;

boundaryField
{
    inlet
    {
        type            fixedValue;
        value           uniform 1;
    }
    outlet
    {
        type            zeroGradient;
    }
    walls
    {
        type            zeroGradient;
    }
    symwall
    {
        type            empty;
    }
}


// ************************************************************************* //
