/*--------------------------------*- C++ -*----------------------------------*\
| =========                 |                                                 |
| \\      /  F ield         | OpenFOAM: The Open Source CFD Toolbox           |
|  \\    /   O peration     | Version:  2312                                  |
|   \\  /    A nd           | Website:  www.openfoam.com                      |
|    \\/     M anipulation  |                                                 |
\*---------------------------------------------------------------------------*/
FoamFile
{
    version     2.0;
    format      ascii;
    arch        "LSB;label=64;scalar=64";
    class       volVectorField;
    location    "1.25";
    object      U;
}
// * * * * * * * * * * * * * * * * * * * * * * * * * * * * * * * * * * * * * //

dimensions      [0 1 -1 0 0 0 0];

internalField   nonuniform List<vector> 
150
(
(1.08376e-05 0 0)
(3.00818e-05 0 0)
(4.624e-05 0 0)
(6.26109e-05 0 0)
(8.05251e-05 0 0)
(9.74871e-05 0 0)
(0.000115396 0 0)
(0.000132175 0 0)
(0.000150176 0 0)
(0.000166748 0 0)
(0.000184755 0 0)
(0.000201051 0 0)
(0.000219047 0 0)
(0.000235016 0 0)
(0.000252973 0 0)
(0.000268574 0 0)
(0.000286464 0 0)
(0.000301659 0 0)
(0.000319458 0 0)
(0.000334212 0 0)
(0.000351892 0 0)
(0.000366173 0 0)
(0.000383707 0 0)
(0.000397487 0 0)
(0.000414843 0 0)
(0.000428098 0 0)
(0.000445243 0 0)
(0.000457954 0 0)
(0.000474851 0 0)
(0.000487002 0 0)
(0.000503614 0 0)
(0.000515192 0 0)
(0.00053148 0 0)
(0.000542478 0 0)
(0.000558398 0 0)
(0.000568811 0 0)
(0.000584317 0 0)
(0.000594147 0 0)
(0.00060919 0 0)
(0.000618443 0 0)
(0.000632974 0 0)
(0.000641657 0 0)
(0.000655628 0 0)
(0.000663745 0 0)
(0.000677111 0 0)
(0.000684673 0 0)
(0.000697387 0 0)
(0.000704401 0 0)
(0.00071642 0 0)
(0.000722894 0 0)
(0.00073418 0 0)
(0.000740118 0 0)
(0.000750637 0 0)
(0.000756041 0 0)
(0.000765765 0 0)
(0.000770637 0 0)
(0.000779536 0 0)
(0.000783878 0 0)
(0.000791928 0 0)
(0.000795744 0 0)
(0.000802917 0 0)
(0.000806216 0 0)
(0.000812484 0 0)
(0.000815274 0 0)
(0.000820614 0 0)
(0.000822901 0 0)
(0.000827294 0 0)
(0.000829091 0 0)
(0.000832526 0 0)
(0.000833801 0 0)
(0.000836257 0 0)
(0.000837141 0 0)
(0.000838782 0 0)
(0.000838743 0 0)
(0.000839745 0 0)
(0.000838728 0 0)
(0.000839376 0 0)
(0.000837271 0 0)
(0.00083752 0 0)
(0.000834371 0 0)
(0.000834171 0 0)
(0.000830052 0 0)
(0.000829321 0 0)
(0.000824315 0 0)
(0.00082299 0 0)
(0.000817171 0 0)
(0.000815194 0 0)
(0.000808625 0 0)
(0.000805947 0 0)
(0.000798691 0 0)
(0.000795271 0 0)
(0.000787386 0 0)
(0.000783186 0 0)
(0.000774724 0 0)
(0.000769721 0 0)
(0.000760724 0 0)
(0.000754904 0 0)
(0.000745405 0 0)
(0.000738768 0 0)
(0.000728789 0 0)
(0.000721347 0 0)
(0.000710902 0 0)
(0.000702672 0 0)
(0.000691776 0 0)
(0.000682777 0 0)
(0.000671444 0 0)
(0.000661701 0 0)
(0.000649939 0 0)
(0.000639482 0 0)
(0.000627296 0 0)
(0.000616161 0 0)
(0.000603555 0 0)
(0.00059178 0 0)
(0.000578757 0 0)
(0.000566381 0 0)
(0.000552948 0 0)
(0.000540006 0 0)
(0.000526173 0 0)
(0.000512702 0 0)
(0.000498481 0 0)
(0.000484514 0 0)
(0.000469921 0 0)
(0.000455494 0 0)
(0.000440543 0 0)
(0.000425689 0 0)
(0.000410399 0 0)
(0.000395153 0 0)
(0.000379544 0 0)
(0.000363938 0 0)
(0.000348033 0 0)
(0.000332099 0 0)
(0.00031592 0 0)
(0.000299691 0 0)
(0.000283264 0 0)
(0.000266773 0 0)
(0.000250124 0 0)
(0.000233404 0 0)
(0.000216563 0 0)
(0.000199649 0 0)
(0.000182641 0 0)
(0.000165577 0 0)
(0.000148431 0 0)
(0.000131254 0 0)
(0.000114041 0 0)
(9.68047e-05 0 0)
(7.95741e-05 0 0)
(6.21745e-05 0 0)
(4.56873e-05 0 0)
(2.98836e-05 0 0)
(1.06908e-05 0 0)
)
;

boundaryField
{
    leftAndRight
    {
        type            fixedValue;
        value           uniform (0 0 0);
    }
    frontAndBack
    {
        type            empty;
    }
    topAndBottom
    {
        type            empty;
    }
}


// ************************************************************************* //
