/*--------------------------------*- C++ -*----------------------------------*\
  =========                 |
  \\      /  F ield         | OpenFOAM: The Open Source CFD Toolbox
   \\    /   O peration     | Website:  https://openfoam.org
    \\  /    A nd           | Version:  14
     \\/     M anipulation  |
\*---------------------------------------------------------------------------*/
FoamFile
{
    format      ascii;
    class       volVectorField;
    location    "0.7";
    object      U;
}
// * * * * * * * * * * * * * * * * * * * * * * * * * * * * * * * * * * * * * //

dimensions      [0 1 -1 0 0 0 0];

internalField   nonuniform List<vector> 
400
(
(6.72762e-06 6.72757e-06 0)
(1.14401e-05 2.67939e-06 0)
(1.13412e-06 2.46715e-07 0)
(1.41196e-07 2.58428e-08 0)
(3.06068e-08 1.20622e-09 0)
(1.25316e-07 -1.04612e-09 0)
(5.65809e-07 -8.55335e-10 0)
(7.49581e-07 2.16815e-09 0)
(-6.95147e-06 7.37833e-09 0)
(-4.28667e-05 5.21596e-09 0)
(2.67921e-06 1.14402e-05 0)
(7.80164e-06 7.80324e-06 0)
(2.58126e-06 1.17713e-06 0)
(5.82852e-07 1.46846e-07 0)
(1.36724e-07 7.32245e-09 0)
(5.42374e-07 -9.59419e-09 0)
(2.42474e-06 -7.21734e-09 0)
(3.18979e-06 1.97032e-08 0)
(-3.01093e-05 6.41208e-08 0)
(-0.000185393 4.57366e-08 0)
(2.4615e-07 1.13726e-06 0)
(1.17316e-06 2.59333e-06 0)
(1.97228e-06 1.99567e-06 0)
(1.11759e-06 5.70154e-07 0)
(3.83213e-07 3.1009e-08 0)
(1.51155e-06 -8.59054e-08 0)
(6.62447e-06 -6.13599e-08 0)
(8.57968e-06 1.73585e-07 0)
(-8.41622e-05 5.40122e-07 0)
(-0.000516561 3.87166e-07 0)
(2.56805e-08 1.52607e-07 0)
(1.45467e-07 6.23465e-07 0)
(5.62155e-07 1.18561e-06 0)
(9.21997e-07 9.01837e-07 0)
(8.81683e-07 -1.12751e-08 0)
(3.73924e-06 -5.82443e-07 0)
(1.57304e-05 -4.34848e-07 0)
(1.9584e-05 1.13897e-06 0)
(-0.000210831 3.47545e-06 0)
(-0.00128458 2.47458e-06 0)
(2.3684e-09 2.50945e-08 0)
(1.71595e-08 9.877e-08 0)
(1.11244e-07 2.00891e-07 0)
(4.95402e-07 7.60874e-08 0)
(1.86159e-06 -1.12152e-06 0)
(8.58306e-06 -3.35908e-06 0)
(3.349e-05 -2.80774e-06 0)
(3.71591e-05 6.46979e-06 0)
(-0.000510306 2.03083e-05 0)
(-0.00305784 1.4181e-05 0)
(1.29967e-09 -1.15964e-07 0)
(1.16267e-08 -5.02018e-07 0)
(1.00694e-07 -1.40157e-06 0)
(6.53241e-07 -3.49365e-06 0)
(3.57727e-06 -8.18901e-06 0)
(1.65689e-05 -1.62572e-05 0)
(5.81795e-05 -1.46822e-05 0)
(3.81856e-05 3.38924e-05 0)
(-0.00123135 0.000114779 0)
(-0.00711016 7.89696e-05 0)
(8.83555e-10 -5.65577e-07 0)
(7.45572e-09 -2.42369e-06 0)
(6.32102e-08 -6.62134e-06 0)
(4.44699e-07 -1.57221e-05 0)
(2.85067e-06 -3.34686e-05 0)
(1.48775e-05 -5.80868e-05 0)
(4.51437e-05 -4.41301e-05 0)
(-0.000134597 0.000179317 0)
(-0.00302243 0.000629099 0)
(-0.0161544 0.000442251 0)
(-2.06159e-09 -7.60122e-07 0)
(-1.8815e-08 -3.23445e-06 0)
(-1.66193e-07 -8.69863e-06 0)
(-1.08844e-06 -1.98488e-05 0)
(-6.1496e-06 -3.76237e-05 0)
(-3.2184e-05 -3.84424e-05 0)
(-0.000173668 0.00013711 0)
(-0.00109618 0.00109051 0)
(-0.0075977 0.00328322 0)
(-0.0352929 0.00246813 0)
(-8.70514e-09 6.62233e-06 0)
(-7.58942e-08 2.86998e-05 0)
(-6.41155e-07 8.03174e-05 0)
(-4.12892e-06 0.000201735 0)
(-2.40395e-05 0.000491106 0)
(-0.000134853 0.00119842 0)
(-0.000735356 0.00298988 0)
(-0.0038404 0.00752044 0)
(-0.0186228 0.0162883 0)
(-0.0714271 0.0130342 0)
(-2.38113e-08 5.31836e-05 0)
(-2.06118e-07 0.000230036 0)
(-1.73129e-06 0.000641097 0)
(-1.11724e-05 0.00159508 0)
(-6.56647e-05 0.0038009 0)
(-0.000370497 0.00885334 0)
(-0.00198049 0.0201247 0)
(-0.00965902 0.0432571 0)
(-0.0408302 0.0774957 0)
(-0.127194 0.0593749 0)
(-4.59006e-05 -4.77187e-09 0)
(-8.83482e-06 -8.22678e-09 0)
(7.28216e-07 -2.86483e-09 0)
(6.16983e-07 8.75808e-10 0)
(1.39202e-07 1.24028e-09 0)
(4.96491e-09 6.4919e-10 0)
(-6.12073e-09 -2.78838e-11 0)
(-1.72598e-09 -3.34961e-10 0)
(-5.2346e-11 -1.38109e-10 0)
(3.38857e-11 2.41326e-11 0)
(-0.000198508 -4.16954e-08 0)
(-3.82502e-05 -7.11941e-08 0)
(3.09063e-06 -2.56629e-08 0)
(2.64247e-06 7.35459e-09 0)
(6.01605e-07 1.13556e-08 0)
(2.90685e-08 5.58434e-09 0)
(-2.15598e-08 -3.82541e-10 0)
(-6.59499e-09 -2.26471e-09 0)
(-7.62287e-10 -1.04734e-09 0)
(-6.5475e-11 -1.27671e-10 0)
(-0.000553068 -3.52409e-07 0)
(-0.00010682 -5.96111e-07 0)
(8.26348e-06 -2.22447e-07 0)
(7.20988e-06 6.22313e-08 0)
(1.67259e-06 1.01595e-07 0)
(1.22146e-07 4.65104e-08 0)
(-3.46864e-08 -2.39805e-09 0)
(-1.26285e-08 -1.26907e-08 0)
(-2.0353e-09 -6.91731e-09 0)
(-2.6454e-10 -1.84224e-09 0)
(-0.00137516 -2.25727e-06 0)
(-0.00026703 -3.81998e-06 0)
(1.8572e-05 -1.45538e-06 0)
(1.70676e-05 4.44321e-07 0)
(4.1234e-06 6.78699e-07 0)
(4.91795e-07 2.94772e-07 0)
(1.94975e-08 2.13331e-08 0)
(-3.85962e-09 -3.38221e-08 0)
(-1.04812e-09 -2.13445e-08 0)
(-1.68692e-10 -6.09469e-09 0)
(-0.00327232 -1.30441e-05 0)
(-0.000643282 -2.23103e-05 0)
(3.3546e-05 -8.30881e-06 0)
(3.60556e-05 2.87828e-06 0)
(9.42385e-06 3.82372e-06 0)
(1.7224e-06 1.71544e-06 0)
(2.96825e-07 4.90936e-07 0)
(4.70254e-08 1.22346e-07 0)
(5.69603e-09 2.92139e-08 0)
(6.59521e-10 5.00175e-09 0)
(-0.00760272 -7.32973e-05 0)
(-0.00153629 -0.000126871 0)
(2.38257e-05 -4.36983e-05 0)
(6.12335e-05 1.4742e-05 0)
(1.79124e-05 1.79768e-05 0)
(3.83531e-06 9.4268e-06 0)
(6.87559e-07 4.12152e-06 0)
(1.04923e-07 1.67163e-06 0)
(1.23508e-08 6.01309e-07 0)
(1.40352e-09 1.39149e-07 0)
(-0.0172408 -0.000408445 0)
(-0.00369333 -0.000702564 0)
(-0.000192437 -0.000227182 0)
(4.09074e-05 3.90696e-05 0)
(1.45155e-05 6.14393e-05 0)
(2.76211e-06 3.62431e-05 0)
(4.16944e-07 1.71582e-05 0)
(5.57932e-08 7.24809e-06 0)
(5.7382e-09 2.65644e-06 0)
(6.314e-10 6.20246e-07 0)
(-0.0375006 -0.00221621 0)
(-0.00895647 -0.00368401 0)
(-0.00129257 -0.00131315 0)
(-0.000205686 -0.000203885 0)
(-3.82617e-05 1.91047e-05 0)
(-7.30519e-06 3.14211e-05 0)
(-1.28699e-06 1.76444e-05 0)
(-1.94513e-07 7.88311e-06 0)
(-2.1428e-08 2.95286e-06 0)
(-2.30078e-09 6.96215e-07 0)
(-0.0751516 -0.0112501 0)
(-0.0209621 -0.0180463 0)
(-0.00426499 -0.00853789 0)
(-0.000796859 -0.00343584 0)
(-0.00014424 -0.00138756 0)
(-2.57488e-05 -0.00057093 0)
(-4.45746e-06 -0.000234982 0)
(-6.97634e-07 -9.36366e-05 0)
(-8.34509e-08 -3.34722e-05 0)
(-9.62206e-09 -7.72495e-06 0)
(-0.130993 -0.0516861 0)
(-0.0455435 -0.0843391 0)
(-0.0109723 -0.0468879 0)
(-0.00224577 -0.0216432 0)
(-0.00041776 -0.0094825 0)
(-7.38227e-05 -0.00406352 0)
(-1.25662e-05 -0.00170392 0)
(-1.94977e-06 -0.000684608 0)
(-2.32008e-07 -0.000245612 0)
(-2.67945e-08 -5.67807e-05 0)
(-7.1612e-08 0.00023044 0)
(-6.20901e-07 0.000996329 0)
(-5.25113e-06 0.00277434 0)
(-3.4393e-05 0.00688902 0)
(-0.000204266 0.0163393 0)
(-0.00112902 0.0376366 0)
(-0.00559531 0.0832614 0)
(-0.0235628 0.167342 0)
(-0.0769845 0.253551 0)
(-0.145214 0.140167 0)
(-3.19831e-07 0.000633114 0)
(-2.83303e-06 0.0027352 0)
(-2.45293e-05 0.00760349 0)
(-0.000162635 0.0188048 0)
(-0.00094459 0.0441614 0)
(-0.0048013 0.0991353 0)
(-0.0199671 0.204268 0)
(-0.0571845 0.334841 0)
(-0.0428858 0.304091 0)
(0.172939 0.094961 0)
(-1.69512e-06 0.00151363 0)
(-1.54909e-05 0.00652609 0)
(-0.000136643 0.0180617 0)
(-0.000886008 0.0441889 0)
(-0.00471085 0.100906 0)
(-0.0198806 0.20973 0)
(-0.055011 0.346633 0)
(-0.0229405 0.324983 0)
(0.264987 0.137015 0)
(0.56933 0.028537 0)
(-1.00755e-05 0.00357465 0)
(-9.06409e-05 0.015338 0)
(-0.000766686 0.0419865 0)
(-0.00450141 0.0998558 0)
(-0.0196684 0.210944 0)
(-0.0545273 0.350697 0)
(-0.0178186 0.32924 0)
(0.279868 0.141606 0)
(0.618615 0.0368 0)
(0.803843 0.00631142 0)
(-6.72919e-05 0.00840894 0)
(-0.000543152 0.0356596 0)
(-0.00398128 0.0948959 0)
(-0.0189658 0.208748 0)
(-0.0539476 0.351988 0)
(-0.0155759 0.330896 0)
(0.286351 0.142004 0)
(0.627364 0.0374434 0)
(0.826558 0.00777329 0)
(0.914506 0.00120788 0)
(-0.00043916 0.0199281 0)
(-0.00298505 0.0819976 0)
(-0.0169826 0.201693 0)
(-0.0523473 0.352407 0)
(-0.0142729 0.331449 0)
(0.291422 0.141027 0)
(0.633344 0.0369349 0)
(0.831478 0.00772898 0)
(0.924821 0.00143758 0)
(0.963449 0.000214175 0)
(-0.00251204 0.0478762 0)
(-0.0138589 0.180798 0)
(-0.048945 0.347983 0)
(-0.0125751 0.33106 0)
(0.297668 0.137507 0)
(0.641539 0.0354882 0)
(0.836825 0.00733954 0)
(0.928066 0.00136606 0)
(0.968356 0.000243643 0)
(0.98469 3.62027e-05 0)
(-0.0107259 0.123253 0)
(-0.0441835 0.34088 0)
(-0.0108659 0.319546 0)
(0.314706 0.127848 0)
(0.657689 0.0316414 0)
(0.846826 0.00642645 0)
(0.933105 0.00117001 0)
(0.970912 0.000207384 0)
(0.987268 3.70711e-05 0)
(0.993851 5.58595e-06 0)
(-0.00878261 0.27674 0)
(-0.00275364 0.336682 0)
(0.349911 0.108696 0)
(0.700703 0.0247746 0)
(0.86929 0.00462674 0)
(0.943887 0.000799963 0)
(0.975822 0.000134533 0)
(0.989538 2.37585e-05 0)
(0.99543 4.3507e-06 0)
(0.997795 6.64907e-07 0)
(0.341397 0.134536 0)
(0.523848 0.0982376 0)
(0.808577 0.020598 0)
(0.92634 0.00384913 0)
(0.969104 0.000606758 0)
(0.98692 9.28471e-05 0)
(0.994393 1.4778e-05 0)
(0.997579 2.64813e-06 0)
(0.998943 4.98229e-07 0)
(0.99949 7.69422e-08 0)
(-0.133275 -0.144418 0)
(-0.0816734 -0.285369 0)
(-0.0262285 -0.19058 0)
(-0.00620477 -0.0946869 0)
(-0.00123881 -0.0427489 0)
(-0.00022289 -0.0185494 0)
(-3.75557e-05 -0.00781929 0)
(-5.7545e-06 -0.00314873 0)
(-6.82867e-07 -0.00113074 0)
(-7.89606e-08 -0.000261524 0)
(0.192434 -0.0816834 0)
(-0.0267189 -0.317378 0)
(-0.0573811 -0.363657 0)
(-0.0206442 -0.223852 0)
(-0.00494606 -0.108787 0)
(-0.000967421 -0.0484811 0)
(-0.000166188 -0.0206485 0)
(-2.50945e-05 -0.00834984 0)
(-2.90695e-06 -0.00300383 0)
(-3.29192e-07 -0.00069531 0)
(0.587452 -0.0237626 0)
(0.294035 -0.136392 0)
(-0.010364 -0.335815 0)
(-0.0539628 -0.362728 0)
(-0.0199579 -0.220054 0)
(-0.00473335 -0.105901 0)
(-0.000888525 -0.0463804 0)
(-0.000136863 -0.0189587 0)
(-1.55161e-05 -0.00685044 0)
(-1.69898e-06 -0.00158889 0)
(0.812546 -0.00553703 0)
(0.637381 -0.0361142 0)
(0.295923 -0.142512 0)
(-0.0115976 -0.334671 0)
(-0.0539095 -0.357944 0)
(-0.0196708 -0.215481 0)
(-0.00450558 -0.102004 0)
(-0.000766809 -0.0428899 0)
(-9.05768e-05 -0.0156682 0)
(-1.00612e-05 -0.00365166 0)
(0.91815 -0.00110203 0)
(0.835003 -0.00766947 0)
(0.637026 -0.0373633 0)
(0.293568 -0.142534 0)
(-0.0128522 -0.33327 0)
(-0.0536801 -0.355088 0)
(-0.0189673 -0.210653 0)
(-0.0039832 -0.0957612 0)
(-0.000543222 -0.0359847 0)
(-6.72731e-05 -0.00848567 0)
(0.964956 -0.00019658 0)
(0.928337 -0.00142456 0)
(0.835757 -0.00771925 0)
(0.637585 -0.0369251 0)
(0.294508 -0.141258 0)
(-0.0131163 -0.332452 0)
(-0.0522389 -0.353713 0)
(-0.0169846 -0.202466 0)
(-0.00298616 -0.0823116 0)
(-0.000439319 -0.0200044 0)
(0.985309 -3.27798e-05 0)
(0.969797 -0.00024121 0)
(0.929821 -0.00136619 0)
(0.838663 -0.00733989 0)
(0.643319 -0.0354851 0)
(0.298952 -0.137597 0)
(-0.0120927 -0.331468 0)
(-0.048909 -0.348505 0)
(-0.0138626 -0.181078 0)
(-0.00251313 -0.0479504 0)
(0.994098 -4.99239e-06 0)
(0.98784 -3.65772e-05 0)
(0.971605 -0.000207352 0)
(0.933828 -0.00117087 0)
(0.847563 -0.00642725 0)
(0.658401 -0.0316388 0)
(0.315229 -0.127881 0)
(-0.0106757 -0.319708 0)
(-0.0441749 -0.341092 0)
(-0.0107268 -0.123329 0)
(0.997883 -5.91799e-07 0)
(0.995634 -4.27912e-06 0)
(0.989784 -2.37215e-05 0)
(0.976076 -0.000134646 0)
(0.944145 -0.000800494 0)
(0.86955 -0.00462723 0)
(0.700967 -0.0247738 0)
(0.350092 -0.108704 0)
(-0.00268471 -0.336732 0)
(-0.00875856 -0.276774 0)
(0.999511 -6.85248e-08 0)
(0.99899 -4.88955e-07 0)
(0.997635 -2.6396e-06 0)
(0.994451 -1.47869e-05 0)
(0.986978 -9.29489e-05 0)
(0.969161 -0.000606987 0)
(0.9264 -0.00384901 0)
(0.808635 -0.020594 0)
(0.523896 -0.0982347 0)
(0.341417 -0.134539 0)
)
;

boundaryField
{
    movingWall
    {
        type            fixedValue;
        value           uniform (1 0 0);
    }
    fixedWalls
    {
        type            noSlip;
    }
    frontAndBack
    {
        type            empty;
    }
}


// ************************************************************************* //
