/*--------------------------------*- C++ -*----------------------------------*\
| =========                 |                                                 |
| \\      /  F ield         | OpenFOAM: The Open Source CFD Toolbox           |
|  \\    /   O peration     | Version:  2312                                  |
|   \\  /    A nd           | Website:  www.openfoam.com                      |
|    \\/     M anipulation  |                                                 |
\*---------------------------------------------------------------------------*/
FoamFile
{
    version     2.0;
    format      ascii;
    arch        "LSB;label=64;scalar=64";
    class       volScalarField;
    location    "1500";
    object      rDeltaT;
}
// * * * * * * * * * * * * * * * * * * * * * * * * * * * * * * * * * * * * * //

dimensions      [0 0 -1 0 0 0 0];

internalField   nonuniform List<scalar> 
100
(
18262.4
18718.9
19186.9
19666.6
20158.2
20662.2
21178.7
21708.2
22250.9
22807.2
23377.4
23961.8
24560.8
25174.9
25804.2
26449.3
27110.6
27788.3
28483
29195.1
29925
30673.1
31440
32226
33031.6
33857.4
34703.8
35571.4
36460.7
37372.2
38306.5
39264.2
40245.8
41251.9
42283.2
43340.3
44423.8
45534.4
46672.8
47839.6
49035.6
50261.5
51518
52806
54126.1
55479.3
56866.3
58287.9
59745.1
61238.7
62769.7
64339
65947.4
67596.1
69708.2
71488.1
73059.1
74465.2
75735.9
76894.6
77959.5
78944.1
79859.3
80713.8
81514.7
82267.8
82978.2
83650
84286.9
84891.9
85467.9
86015.8
86555.3
86956.9
88427.2
85857.9
83763.9
81720.8
79727.6
77783.1
75885.9
74035
72229.3
70467.6
68748.9
67072.1
65436.2
63840.2
62283.1
60764
59282
57836.1
56425.4
55049.2
53706.5
52396.6
51118.6
49871.8
48655.5
47468.7
)
;

boundaryField
{
    inlet
    {
        type            extrapolatedCalculated;
        value           uniform 18262.4;
    }
    outlet
    {
        type            extrapolatedCalculated;
        value           uniform 47468.7;
    }
    upperWall
    {
        type            extrapolatedCalculated;
        value           nonuniform List<scalar> 
100
(
18262.4
18718.9
19186.9
19666.6
20158.2
20662.2
21178.7
21708.2
22250.9
22807.2
23377.4
23961.8
24560.8
25174.9
25804.2
26449.3
27110.6
27788.3
28483
29195.1
29925
30673.1
31440
32226
33031.6
33857.4
34703.8
35571.4
36460.7
37372.2
38306.5
39264.2
40245.8
41251.9
42283.2
43340.3
44423.8
45534.4
46672.8
47839.6
49035.6
50261.5
51518
52806
54126.1
55479.3
56866.3
58287.9
59745.1
61238.7
62769.7
64339
65947.4
67596.1
69708.2
71488.1
73059.1
74465.2
75735.9
76894.6
77959.5
78944.1
79859.3
80713.8
81514.7
82267.8
82978.2
83650
84286.9
84891.9
85467.9
86015.8
86555.3
86956.9
88427.2
85857.9
83763.9
81720.8
79727.6
77783.1
75885.9
74035
72229.3
70467.6
68748.9
67072.1
65436.2
63840.2
62283.1
60764
59282
57836.1
56425.4
55049.2
53706.5
52396.6
51118.6
49871.8
48655.5
47468.7
)
;
    }
    lowerWall
    {
        type            extrapolatedCalculated;
        value           nonuniform List<scalar> 
100
(
18262.4
18718.9
19186.9
19666.6
20158.2
20662.2
21178.7
21708.2
22250.9
22807.2
23377.4
23961.8
24560.8
25174.9
25804.2
26449.3
27110.6
27788.3
28483
29195.1
29925
30673.1
31440
32226
33031.6
33857.4
34703.8
35571.4
36460.7
37372.2
38306.5
39264.2
40245.8
41251.9
42283.2
43340.3
44423.8
45534.4
46672.8
47839.6
49035.6
50261.5
51518
52806
54126.1
55479.3
56866.3
58287.9
59745.1
61238.7
62769.7
64339
65947.4
67596.1
69708.2
71488.1
73059.1
74465.2
75735.9
76894.6
77959.5
78944.1
79859.3
80713.8
81514.7
82267.8
82978.2
83650
84286.9
84891.9
85467.9
86015.8
86555.3
86956.9
88427.2
85857.9
83763.9
81720.8
79727.6
77783.1
75885.9
74035
72229.3
70467.6
68748.9
67072.1
65436.2
63840.2
62283.1
60764
59282
57836.1
56425.4
55049.2
53706.5
52396.6
51118.6
49871.8
48655.5
47468.7
)
;
    }
    frontAndBack
    {
        type            empty;
    }
}


// ************************************************************************* //
