/*--------------------------------*- C++ -*----------------------------------*\
  =========                 |
  \\      /  F ield         | OpenFOAM: The Open Source CFD Toolbox
   \\    /   O peration     | Website:  https://openfoam.org
    \\  /    A nd           | Version:  12
     \\/     M anipulation  |
\*---------------------------------------------------------------------------*/
FoamFile
{
    format      ascii;
    class       volScalarField;
    location    "0.012";
    object      alphat;
}
// * * * * * * * * * * * * * * * * * * * * * * * * * * * * * * * * * * * * * //

dimensions      [1 -1 -1 0 0 0 0];

internalField   nonuniform List<scalar> 
3584
(
1.65644
1.65642
1.65642
1.65643
1.65644
1.65646
1.65648
1.65653
1.65658
1.65661
1.65658
1.65651
1.65644
1.6563
1.65608
1.65567
1.65495
1.65367
1.65139
1.64853
1.65102
1.66179
1.67
1.67225
1.67252
1.67253
1.67253
1.67253
1.67253
1.67253
1.67253
1.67253
1.6564
1.65638
1.65639
1.65639
1.6564
1.65642
1.65645
1.6565
1.65655
1.65659
1.65656
1.6565
1.65643
1.6563
1.65608
1.65566
1.65494
1.65366
1.65137
1.64852
1.65104
1.6618
1.66999
1.67225
1.67251
1.67253
1.67253
1.67253
1.67253
1.67253
1.67253
1.67253
1.65642
1.65641
1.65641
1.65642
1.65643
1.65644
1.65647
1.65651
1.65657
1.6566
1.65657
1.6565
1.65642
1.65629
1.65607
1.65566
1.65493
1.65364
1.65136
1.64852
1.65104
1.66181
1.67002
1.67225
1.67251
1.67253
1.67253
1.67253
1.67252
1.67253
1.67253
1.67253
1.65637
1.65635
1.65636
1.65636
1.65637
1.65639
1.65642
1.65647
1.65652
1.65656
1.65654
1.65648
1.65641
1.65629
1.65607
1.65566
1.65494
1.65366
1.65138
1.64854
1.65103
1.66183
1.67001
1.67225
1.67252
1.67252
1.67253
1.67253
1.67253
1.67253
1.67253
1.67251
1.65642
1.65641
1.65641
1.65641
1.65642
1.65644
1.65646
1.6565
1.65655
1.65658
1.65654
1.65648
1.6564
1.65628
1.65605
1.65565
1.65492
1.65364
1.65136
1.64851
1.65107
1.66183
1.67001
1.67224
1.6725
1.67252
1.67252
1.67252
1.67253
1.67253
1.67254
1.67258
1.65643
1.65642
1.65642
1.65642
1.65643
1.65645
1.65647
1.65651
1.65656
1.65658
1.65654
1.65648
1.6564
1.65627
1.65604
1.65564
1.65492
1.65363
1.65133
1.64845
1.65101
1.66182
1.66997
1.67222
1.67247
1.67249
1.67249
1.67251
1.67253
1.67257
1.67241
1.67248
1.65621
1.6562
1.6562
1.65621
1.65621
1.65623
1.65625
1.65629
1.65634
1.65636
1.65631
1.65624
1.65615
1.65602
1.6558
1.65539
1.65466
1.65333
1.65098
1.64792
1.65007
1.66089
1.66961
1.67216
1.67246
1.67246
1.67247
1.67254
1.6725
1.67233
1.6726
1.67251
1.65377
1.65376
1.65376
1.65376
1.65376
1.65377
1.65378
1.6538
1.65381
1.65378
1.65368
1.65353
1.65339
1.65321
1.65292
1.65242
1.65147
1.6497
1.6461
1.63969
1.63633
1.64846
1.66454
1.67115
1.67193
1.67181
1.67243
1.67232
1.67272
1.67263
1.6726
1.67258
1.63236
1.63232
1.63233
1.63233
1.63233
1.63234
1.63235
1.63236
1.63236
1.6323
1.63213
1.63188
1.63156
1.63106
1.63025
1.62876
1.62593
1.61976
1.60558
1.57365
1.53776
1.56432
1.6243
1.65824
1.66457
1.67136
1.67265
1.67273
1.67249
1.67268
1.67246
1.67254
1.54118
1.5415
1.54149
1.54146
1.5414
1.54132
1.54121
1.54105
1.54085
1.54053
1.53999
1.53916
1.53789
1.53578
1.53204
1.52507
1.51125
1.48206
1.41871
1.30237
1.20649
1.29771
1.49037
1.61007
1.65401
1.67032
1.67206
1.67281
1.67235
1.67245
1.67251
1.67247
1.34567
1.34564
1.3456
1.34557
1.34551
1.34544
1.34532
1.34512
1.34477
1.3441
1.3429
1.3408
1.33715
1.33066
1.31896
1.29733
1.25624
1.17401
1.02305
0.82846
0.747305
0.939724
1.29329
1.53477
1.64765
1.67105
1.672
1.67262
1.67248
1.67239
1.6726
1.67251
1.0159
1.01599
1.01594
1.01587
1.01578
1.01564
1.01543
1.01511
1.01456
1.01356
1.01173
1.00844
1.00264
0.992456
0.97443
0.94103
0.876788
0.75934
0.589389
0.440142
0.451071
0.731331
1.18681
1.54857
1.65164
1.67109
1.67265
1.67226
1.67273
1.67256
1.67251
1.67258
0.663747
0.66368
0.663637
0.663576
0.663494
0.663378
0.663196
0.662885
0.662312
0.661233
0.65925
0.655736
0.649624
0.638907
0.619316
0.581918
0.512545
0.409473
0.300174
0.251015
0.386477
0.740846
1.2757
1.57322
1.65467
1.67048
1.67279
1.67238
1.67264
1.67266
1.67248
1.67256
0.432216
0.43217
0.432123
0.432064
0.431985
0.431867
0.431677
0.431355
0.430781
0.429756
0.427987
0.424959
0.419594
0.409512
0.388712
0.34561
0.275981
0.204726
0.165383
0.210778
0.430829
0.785574
1.35157
1.58836
1.65765
1.6707
1.67244
1.6728
1.67246
1.6726
1.67258
1.67253
0.320735
0.320698
0.320656
0.320609
0.320547
0.320458
0.320311
0.320053
0.319599
0.318778
0.317296
0.314482
0.308601
0.294799
0.262951
0.210411
0.156642
0.122282
0.135601
0.225947
0.433239
0.924627
1.40346
1.60116
1.66078
1.67138
1.672
1.67275
1.67238
1.67247
1.67256
1.67248
0.270151
0.27012
0.270087
0.270045
0.269979
0.269874
0.269696
0.269379
0.268796
0.267693
0.26548
0.260531
0.248134
0.218388
0.169787
0.123986
0.095737
0.0990494
0.142908
0.228564
0.508934
1.02517
1.43814
1.61198
1.66227
1.67184
1.67215
1.67234
1.6726
1.67242
1.67248
1.6725
0.245698
0.24564
0.245559
0.245451
0.245298
0.24506
0.244656
0.243931
0.242591
0.239945
0.234156
0.220283
0.188694
0.13983
0.0987233
0.0759469
0.0785311
0.104164
0.14335
0.274113
0.605352
1.10685
1.47034
1.62465
1.66374
1.67133
1.67221
1.67239
1.6727
1.67247
1.67252
1.67257
0.222053
0.221967
0.221836
0.221661
0.221392
0.220942
0.220144
0.21858
0.215384
0.208459
0.192637
0.159365
0.11239
0.0761561
0.0600036
0.0634037
0.0826722
0.111085
0.159182
0.344704
0.694419
1.16158
1.49377
1.63555
1.66512
1.6711
1.67255
1.67274
1.67253
1.6725
1.67258
1.67256
0.196074
0.196088
0.195799
0.195378
0.194673
0.193461
0.191262
0.187023
0.178331
0.160016
0.125961
0.0845697
0.0570408
0.0455238
0.0506684
0.0699184
0.0923887
0.103083
0.194529
0.42883
0.770966
1.20986
1.52485
1.64231
1.66614
1.67136
1.67278
1.67267
1.67237
1.67263
1.67252
1.6725
0.15436
0.154003
0.153501
0.152697
0.151294
0.148726
0.143811
0.134034
0.114856
0.0839443
0.0541063
0.0377254
0.0326737
0.0392995
0.0566279
0.0816287
0.0839951
0.114027
0.248787
0.491767
0.83499
1.27101
1.55673
1.6495
1.66718
1.67198
1.67264
1.67235
1.67244
1.67261
1.6725
1.6725
0.100389
0.0998326
0.0989999
0.0976151
0.0951087
0.0903608
0.0812799
0.0652616
0.0443206
0.028466
0.0226065
0.0223029
0.0299641
0.0473906
0.0593181
0.0749021
0.0936139
0.142013
0.289345
0.552833
0.917868
1.33141
1.58824
1.65482
1.66834
1.67229
1.67233
1.67242
1.67252
1.67258
1.67255
1.67256
0.0491664
0.0484224
0.0473225
0.0454297
0.0419696
0.035879
0.026943
0.0181398
0.0133974
0.0131836
0.0166206
0.023498
0.0367963
0.0405488
0.0610218
0.0888432
0.113737
0.158597
0.320654
0.615706
1.01171
1.40239
1.61326
1.65941
1.66908
1.67176
1.67222
1.67272
1.67267
1.67247
1.67255
1.67254
0.0151463
0.0144062
0.0134417
0.0119887
0.00997617
0.00783828
0.00642381
0.00657349
0.00875857
0.0132614
0.0225023
0.0296174
0.0340014
0.0549411
0.0853056
0.102942
0.119666
0.161212
0.36001
0.692219
1.11446
1.47068
1.63091
1.6622
1.66929
1.67164
1.67262
1.67267
1.67262
1.67246
1.67251
1.67251
0.00206759
0.00201313
0.00197185
0.00200353
0.0022323
0.00292504
0.00473723
0.00808298
0.0138844
0.0198289
0.0208655
0.0343057
0.0625264
0.0842964
0.0933193
0.100878
0.119436
0.165448
0.411588
0.768218
1.21154
1.53604
1.64352
1.66488
1.66957
1.672
1.67268
1.67241
1.67256
1.6725
1.67253
1.67254
1.71348e-06
0.000383538
0.00145168
0.00339913
0.00646071
0.0103206
0.0143772
0.0180072
0.020565
0.0231066
0.034099
0.0563319
0.0729838
0.0828032
0.0914129
0.0992884
0.118327
0.180473
0.454502
0.852605
1.30716
1.57653
1.65154
1.66704
1.66988
1.67239
1.67236
1.67241
1.67244
1.67261
1.67254
1.67253
1.61675e-07
6.94889e-05
0.000252005
0.000695785
0.0015439
0.00303514
0.00548668
0.00927043
0.0135985
0.0173104
0.027825
0.0497922
0.0687735
0.0813804
0.090908
0.0996004
0.115235
0.194637
0.499936
0.935766
1.39327
1.60674
1.65795
1.66745
1.67014
1.67216
1.67243
1.67246
1.6725
1.67257
1.67253
1.67252
1.37948e-07
5.67797e-05
0.000188258
0.000502418
0.00113362
0.00235096
0.00445366
0.0075469
0.0109948
0.0140075
0.0224421
0.0445417
0.0663802
0.0801249
0.0912356
0.101021
0.122839
0.204029
0.549562
1.02234
1.46088
1.6261
1.66321
1.6681
1.67036
1.67224
1.67259
1.67252
1.6726
1.67247
1.67252
1.67253
1.11374e-07
4.83322e-05
0.000162841
0.000422984
0.000928744
0.00189957
0.00363074
0.00629101
0.00944097
0.0122642
0.0185474
0.0386428
0.0627478
0.080245
0.0921991
0.104159
0.133672
0.228522
0.599223
1.10479
1.51249
1.64116
1.66595
1.66902
1.67056
1.67233
1.67249
1.67262
1.67257
1.6725
1.67254
1.67253
9.37163e-08
4.24908e-05
0.000146795
0.000375952
0.000814854
0.00164016
0.0031028
0.00541954
0.0083984
0.0112679
0.0161636
0.0327698
0.0587494
0.0785073
0.093818
0.106465
0.13432
0.230491
0.633014
1.18532
1.55302
1.65156
1.66743
1.66955
1.67067
1.67228
1.6725
1.6726
1.67251
1.67258
1.67254
1.67253
7.95813e-08
3.77579e-05
0.000134197
0.000339775
0.000727895
0.00144597
0.00271138
0.00474576
0.00753472
0.010593
0.0149458
0.0293537
0.0548968
0.07605
0.0941851
0.110072
0.141204
0.236881
0.674098
1.25556
1.58535
1.65827
1.66888
1.66965
1.67094
1.67231
1.67252
1.67253
1.67249
1.67254
1.67252
1.67253
7.54215e-08
3.57024e-05
0.000127776
0.000320295
0.000679475
0.00133636
0.00249034
0.00436238
0.00700638
0.0100919
0.0141747
0.0264283
0.0513503
0.0736006
0.0902646
0.110021
0.148893
0.25043
0.706138
1.32159
1.61069
1.66321
1.6699
1.66993
1.67135
1.67239
1.6725
1.67247
1.67252
1.67249
1.67253
1.67255
7.48165e-08
3.48121e-05
0.000124236
0.00030837
0.000647332
0.00125922
0.00232483
0.00405242
0.00653393
0.00950585
0.0131936
0.0241668
0.0481871
0.071589
0.0888006
0.107681
0.146812
0.248615
0.740253
1.38384
1.63141
1.66654
1.67006
1.67014
1.67123
1.67239
1.67251
1.6725
1.67253
1.67254
1.67254
1.67265
8.03789e-08
3.56044e-05
0.000124568
0.000305818
0.000633883
0.00121484
0.00220419
0.00377021
0.00597164
0.008619
0.0121299
0.0224504
0.0448214
0.0681436
0.0854049
0.102515
0.146001
0.261996
0.793713
1.44271
1.64754
1.66867
1.67026
1.67035
1.67132
1.67237
1.67252
1.67256
1.67255
1.67255
1.67253
1.67321
8.28981e-08
3.58274e-05
0.00012436
0.000303499
0.000623775
0.00118141
0.00211114
0.00354977
0.00552613
0.00785783
0.0111236
0.0204951
0.0401668
0.0614194
0.0780413
0.0960651
0.144781
0.281171
0.842692
1.49532
1.65896
1.66974
1.67046
1.67057
1.67146
1.67239
1.67249
1.67258
1.67253
1.67252
1.67253
1.6752
7.68781e-08
3.41463e-05
0.000120017
0.000291484
0.000594851
0.00111482
0.00196755
0.00326409
0.00502476
0.00720164
0.010824
0.0210513
0.0412251
0.0623073
0.0782467
0.0917316
0.142366
0.288436
0.895291
1.54361
1.66629
1.67036
1.6707
1.67078
1.67158
1.67246
1.67251
1.67254
1.67251
1.67252
1.67254
1.67735
1.15539e-07
4.16772e-05
0.000134769
0.000323443
0.000654318
0.00122224
0.00215074
0.00355206
0.00545799
0.00803954
0.0135514
0.0279486
0.0521496
0.0759152
0.0932911
0.100237
0.144165
0.298022
0.945485
1.58766
1.67082
1.67061
1.67082
1.67099
1.67166
1.67244
1.67253
1.6725
1.67252
1.67253
1.67255
1.67964
1.8041e-07
5.06776e-05
0.000152072
0.000359729
0.000718327
0.0013274
0.00230732
0.00376544
0.00578504
0.00897988
0.0170604
0.036707
0.0644121
0.0908264
0.108988
0.126503
0.152338
0.315988
0.994077
1.6254
1.67396
1.67089
1.67089
1.67116
1.67179
1.67242
1.67251
1.67253
1.67254
1.67253
1.67257
1.6821
2.11991e-07
5.42581e-05
0.000159668
0.000376945
0.000750658
0.00138012
0.00237582
0.00383292
0.00591945
0.0098084
0.0200921
0.0414779
0.0684416
0.093132
0.106859
0.126778
0.15857
0.340856
1.04588
1.64645
1.67445
1.67099
1.67092
1.67137
1.67194
1.67246
1.6725
1.67255
1.67253
1.67253
1.6726
1.68474
2.64801e-07
5.92935e-05
0.000169321
0.000396987
0.000784076
0.00142735
0.00242909
0.003914
0.00636546
0.012164
0.026704
0.0524372
0.0823915
0.108488
0.127002
0.148226
0.17677
0.365148
1.10438
1.66068
1.67393
1.67113
1.67098
1.67157
1.67203
1.67245
1.67252
1.67252
1.67252
1.67253
1.67264
1.68757
4.86258e-07
7.3486e-05
0.000197851
0.000459815
0.000900985
0.00162668
0.0027554
0.00458513
0.00857484
0.0193811
0.0422117
0.0737224
0.107756
0.138286
0.164052
0.185325
0.220394
0.396801
1.16006
1.67025
1.67342
1.67126
1.67113
1.67168
1.67214
1.67245
1.67252
1.67252
1.67253
1.67253
1.67269
1.69059
5.53014e-07
7.71676e-05
0.000204653
0.000473758
0.00091998
0.0016461
0.00281817
0.00508569
0.0109526
0.0255232
0.0513466
0.0841698
0.119307
0.151699
0.18281
0.202638
0.267555
0.443339
1.20655
1.67497
1.6732
1.67152
1.67148
1.67188
1.67222
1.67246
1.67252
1.67254
1.67253
1.67253
1.67274
1.69378
1.04708e-06
9.32723e-05
0.000235492
0.000538837
0.00103286
0.00185747
0.0034248
0.00740367
0.0180225
0.0402855
0.0737424
0.112472
0.152212
0.192014
0.226248
0.24351
0.314004
0.513576
1.24558
1.67508
1.67305
1.67195
1.67187
1.67208
1.6723
1.67247
1.67251
1.67253
1.67253
1.67253
1.67281
1.69715
1.75652e-06
0.000107273
0.000262057
0.000597645
0.00115642
0.00223952
0.00494323
0.0124801
0.0302421
0.0613736
0.102636
0.147552
0.194695
0.238501
0.263578
0.296602
0.362399
0.637597
1.35012
1.67485
1.67303
1.67224
1.67214
1.67224
1.67239
1.67248
1.67252
1.67252
1.67253
1.67254
1.6729
1.70067
3.27962e-06
0.000124875
0.000297557
0.000688243
0.00142761
0.00330003
0.00867662
0.0222078
0.049022
0.089902
0.138976
0.190068
0.244398
0.283406
0.317456
0.33601
0.427054
0.820612
1.51254
1.67467
1.673
1.67243
1.67232
1.67237
1.67242
1.6725
1.67253
1.67253
1.67253
1.67254
1.67301
1.70432
6.2317e-06
0.000144078
0.000345433
0.000855802
0.00211306
0.00589492
0.0161648
0.0387479
0.0778552
0.132053
0.191942
0.252767
0.313122
0.353283
0.370878
0.37585
0.569754
1.10804
1.62533
1.67474
1.673
1.67253
1.67244
1.67246
1.67248
1.67251
1.67253
1.67253
1.67253
1.67254
1.67312
1.70806
1.05424e-05
0.000161728
0.000412554
0.00119111
0.0036058
0.0108076
0.0281169
0.0616504
0.114614
0.182185
0.251299
0.317739
0.379023
0.439513
0.408469
0.440336
0.75601
1.45024
1.67176
1.67467
1.67297
1.67259
1.67251
1.67251
1.67251
1.67251
1.67252
1.67253
1.67253
1.67254
1.67326
1.71184
1.72269e-05
0.000180433
0.000549189
0.00194878
0.00662867
0.019194
0.0463151
0.0944874
0.165155
0.247839
0.324284
0.389056
0.483875
0.506494
0.443569
0.518254
1.21771
1.64739
1.6795
1.67463
1.67295
1.67263
1.67255
1.67252
1.67252
1.67253
1.67253
1.67253
1.67253
1.67255
1.6734
1.7156
2.67388e-05
0.000202361
0.000846509
0.00349566
0.0118611
0.0321371
0.0723303
0.138964
0.229177
0.321879
0.395769
0.47597
0.592819
0.561735
0.430291
0.965328
1.64021
1.68103
1.67715
1.67415
1.67293
1.67265
1.67257
1.67253
1.67252
1.67253
1.67253
1.67253
1.67253
1.67256
1.67356
1.7193
4.68802e-05
0.000241531
0.00156383
0.00663042
0.0208739
0.0525742
0.111511
0.202465
0.312161
0.404292
0.463731
0.590774
0.688506
0.501144
0.773353
1.66436
1.69499
1.67931
1.6755
1.67379
1.67294
1.67267
1.67257
1.67254
1.67253
1.67253
1.67253
1.67253
1.67253
1.67256
1.67371
1.72287
0.000116884
0.000330886
0.00308383
0.0121475
0.0352655
0.0835192
0.167658
0.285988
0.404677
0.473038
0.550021
0.682323
0.791494
0.723397
1.57456
1.70971
1.6871
1.67752
1.67469
1.67352
1.67293
1.67267
1.67258
1.67254
1.67253
1.67253
1.67253
1.67253
1.67253
1.67257
1.67388
1.72627
4.8478e-05
0.000580226
0.00479892
0.0196385
0.0559096
0.127597
0.242554
0.382937
0.480939
0.543019
0.60171
0.74841
0.741744
1.24651
1.71615
1.69897
1.68239
1.67672
1.6744
1.6734
1.67293
1.67268
1.67258
1.67255
1.67254
1.67253
1.67253
1.67253
1.67253
1.67258
1.67404
1.72943
6.98197e-05
0.00103012
0.00831848
0.0319278
0.0864942
0.18694
0.331051
0.467183
0.553091
0.621789
0.62345
0.562523
0.799266
1.57443
1.72218
1.69241
1.68092
1.67617
1.67423
1.67334
1.67291
1.67269
1.67259
1.67255
1.67254
1.67253
1.67253
1.67253
1.67253
1.67259
1.6742
1.73233
0.000100632
0.0018302
0.0136783
0.0491844
0.126262
0.256318
0.411982
0.543854
0.607923
0.652356
0.555865
0.477664
0.998781
1.69549
1.71697
1.69088
1.68036
1.67611
1.67417
1.6733
1.6729
1.6727
1.6726
1.67256
1.67254
1.67253
1.67253
1.67253
1.67253
1.6726
1.67434
1.73493
0.000142601
0.00310556
0.0209021
0.0706323
0.171854
0.322318
0.48937
0.610973
0.650349
0.645564
0.396462
0.484915
1.18934
1.7266
1.71425
1.68987
1.68017
1.67594
1.6741
1.67326
1.67288
1.6727
1.67261
1.67256
1.67254
1.67254
1.67253
1.67253
1.67254
1.6726
1.67447
1.73719
0.000199207
0.00498735
0.0298061
0.094743
0.216235
0.386105
0.559151
0.661252
0.686249
0.609867
0.342302
0.498631
1.30001
1.73389
1.71176
1.68918
1.6799
1.67587
1.67405
1.67323
1.67286
1.67269
1.67261
1.67257
1.67255
1.67254
1.67253
1.67253
1.67254
1.67261
1.67459
1.73912
0.000275656
0.0073675
0.0387798
0.116858
0.259985
0.439218
0.600889
0.69087
0.704974
0.56863
0.319369
0.509203
1.34786
1.73513
1.71019
1.68868
1.67975
1.67581
1.67403
1.67322
1.67286
1.67269
1.67261
1.67257
1.67255
1.67254
1.67253
1.67253
1.67254
1.67261
1.67468
1.7407
0.00030663
0.00903962
0.0461301
0.132371
0.277799
0.458141
0.619647
0.705251
0.708568
0.55791
0.307004
0.510513
1.3638
1.73591
1.70984
1.68862
1.67974
1.67581
1.67403
1.67322
1.67286
1.6727
1.67261
1.67257
1.67255
1.67254
1.67253
1.67253
1.67254
1.67262
1.67476
1.74191
0.000238541
0.00740799
0.0391519
0.11993
0.262634
0.448744
0.620076
0.710258
0.709148
0.587243
0.30319
0.469124
1.31898
1.73266
1.70987
1.68865
1.67976
1.67583
1.67406
1.67325
1.67288
1.67271
1.67262
1.67257
1.67255
1.67254
1.67253
1.67253
1.67254
1.67262
1.67481
1.74276
0.000186064
0.00607
0.0310042
0.0960619
0.226347
0.413294
0.602369
0.713004
0.717331
0.64944
0.32867
0.42913
1.23774
1.72948
1.71216
1.68957
1.68017
1.67604
1.67418
1.67333
1.67293
1.67273
1.67262
1.67257
1.67255
1.67254
1.67253
1.67253
1.67254
1.67262
1.67484
1.74324
0.000148046
0.00522428
0.0250347
0.0766302
0.184818
0.362413
0.56511
0.713334
0.74054
0.730933
0.393499
0.370945
1.05281
1.71456
1.71526
1.69085
1.68073
1.67632
1.67433
1.67342
1.67298
1.67275
1.67262
1.67257
1.67255
1.67254
1.67253
1.67253
1.67254
1.67262
1.67485
1.74333
0.000118778
0.0046797
0.0206436
0.0615158
0.14968
0.304434
0.510001
0.689913
0.757532
0.74114
0.619267
0.348461
0.782001
1.65908
1.72001
1.69277
1.6815
1.67669
1.67454
1.67353
1.67303
1.67276
1.67262
1.67257
1.67255
1.67254
1.67253
1.67253
1.67254
1.67262
1.67483
1.74304
8.98472e-05
0.00389289
0.0161787
0.0469831
0.114596
0.241176
0.430312
0.633908
0.755677
0.744345
0.741761
0.453175
0.559424
1.47321
1.72531
1.696
1.68265
1.6772
1.67478
1.67366
1.67309
1.67276
1.67262
1.67257
1.67255
1.67254
1.67254
1.67253
1.67254
1.67262
1.67479
1.74238
6.60618e-05
0.00248896
0.0110734
0.0328119
0.0814374
0.177561
0.337664
0.543658
0.713614
0.747932
0.757785
0.830005
0.487514
1.13017
1.72637
1.70117
1.6843
1.67784
1.6751
1.67383
1.67315
1.67276
1.67262
1.67257
1.67255
1.67254
1.67254
1.67253
1.67254
1.67262
1.67472
1.74135
4.5659e-05
0.00136404
0.00707236
0.0218817
0.0552875
0.123168
0.244592
0.425079
0.623012
0.733934
0.755374
0.87327
0.616752
0.752921
1.68949
1.71229
1.68719
1.6789
1.67556
1.67406
1.67316
1.67277
1.67263
1.67257
1.67255
1.67254
1.67254
1.67253
1.67254
1.67261
1.67464
1.73999
0.000343795
0.000772995
0.00464307
0.0146937
0.0375574
0.0848114
0.172832
0.315255
0.502564
0.673392
0.736394
0.846962
1.07127
0.574491
1.41949
1.73212
1.69297
1.68053
1.67632
1.67439
1.67318
1.67278
1.67263
1.67257
1.67255
1.67254
1.67254
1.67253
1.67254
1.67261
1.67454
1.73835
0.000142713
0.000409568
0.0029049
0.00956531
0.0250631
0.0577573
0.120578
0.228241
0.385742
0.567403
0.69533
0.805815
1.01336
0.623932
0.901707
1.73093
1.70769
1.68422
1.67791
1.6748
1.67324
1.67281
1.67264
1.67258
1.67255
1.67254
1.67254
1.67253
1.67254
1.6726
1.67443
1.73645
6.15943e-05
0.000263773
0.00167761
0.00584697
0.0162588
0.0391602
0.0847459
0.166404
0.294567
0.4621
0.624278
0.746668
0.924699
0.971482
0.528415
1.32788
1.72749
1.69141
1.68081
1.67514
1.67338
1.67286
1.67266
1.67258
1.67255
1.67254
1.67254
1.67253
1.67254
1.67259
1.6743
1.73434
3.48727e-05
0.000199305
0.000964377
0.00341366
0.0101567
0.0259214
0.0587132
0.119973
0.2213
0.36467
0.527087
0.667782
0.832948
0.921148
0.800636
0.460625
1.59285
1.70727
1.68546
1.6757
1.67363
1.67294
1.67269
1.6726
1.67256
1.67254
1.67254
1.67253
1.67253
1.67259
1.67418
1.73205
2.6165e-05
0.000175104
0.000639909
0.00205917
0.00621315
0.0167
0.0399047
0.085504
0.164649
0.283478
0.431677
0.580077
0.741572
0.83509
0.788366
0.507392
0.780345
1.71986
1.69249
1.67686
1.67405
1.67309
1.67274
1.67262
1.67257
1.67255
1.67254
1.67253
1.67253
1.67258
1.67404
1.72965
2.1387e-05
0.00016469
0.000503697
0.00140033
0.00394723
0.0107601
0.0268843
0.0605607
0.122297
0.2202
0.35113
0.496211
0.649505
0.757765
0.754705
0.712639
0.464357
1.40848
1.70227
1.67901
1.67469
1.6733
1.67282
1.67264
1.67257
1.67255
1.67254
1.67253
1.67253
1.67257
1.67392
1.72717
1.76927e-05
0.000157973
0.000441046
0.0010864
0.00270363
0.00701709
0.0179102
0.0423886
0.090343
0.170813
0.284944
0.420495
0.563833
0.674391
0.691787
0.689221
0.517356
0.924408
1.70956
1.68159
1.67544
1.67354
1.67289
1.67267
1.67258
1.67255
1.67254
1.67253
1.67253
1.67257
1.67379
1.72467
1.4633e-05
0.000152275
0.000406423
0.000936588
0.00207117
0.00484375
0.0119504
0.0291101
0.0655497
0.131212
0.229809
0.353118
0.485754
0.593957
0.630704
0.65074
0.689846
0.657815
1.70961
1.68316
1.67591
1.6737
1.67296
1.67269
1.67259
1.67255
1.67254
1.67253
1.67253
1.67256
1.67367
1.72219
1.17465e-05
0.000146445
0.000380492
0.000853616
0.00175193
0.00366619
0.00828116
0.0198411
0.0465181
0.0989661
0.183316
0.294122
0.416026
0.52115
0.567347
0.598539
0.658266
0.583806
1.71041
1.6841
1.67632
1.67385
1.67301
1.67271
1.6726
1.67256
1.67254
1.67253
1.67253
1.67256
1.67357
1.71974
9.38252e-06
0.000140877
0.000360638
0.000804997
0.00159971
0.00311354
0.00635485
0.0141732
0.0331646
0.0740129
0.145588
0.245058
0.35725
0.458742
0.512098
0.548896
0.606601
0.614201
1.71103
1.68544
1.6766
1.67393
1.67305
1.67273
1.67261
1.67256
1.67254
1.67253
1.67253
1.67255
1.67346
1.71735
7.62825e-06
0.000135977
0.000345725
0.000774892
0.00152772
0.00287736
0.00545797
0.0111184
0.0248022
0.0564347
0.117351
0.207802
0.312898
0.41089
0.469647
0.503905
0.56394
0.620361
1.71993
1.68698
1.67702
1.67407
1.6731
1.67275
1.67261
1.67256
1.67254
1.67253
1.67253
1.67255
1.67337
1.71504
6.5366e-06
0.000132516
0.000336596
0.00075932
0.00150027
0.00279889
0.00510728
0.00964046
0.0200353
0.045011
0.0971464
0.180652
0.281411
0.377236
0.440834
0.478399
0.549649
0.702647
1.73881
1.68971
1.6775
1.67419
1.67314
1.67277
1.67262
1.67257
1.67254
1.67254
1.67253
1.67255
1.67328
1.71282
5.8077e-06
0.000130089
0.000331135
0.000753764
0.00150347
0.00282644
0.00513221
0.00934193
0.0181293
0.0388081
0.0845883
0.163846
0.264044
0.361339
0.430632
0.470098
0.548557
0.707555
1.77246
1.69426
1.67832
1.6744
1.67321
1.6728
1.67263
1.67257
1.67254
1.67254
1.67253
1.67254
1.6732
1.71071
5.63715e-06
0.000129807
0.000331166
0.000758415
0.00152419
0.0028898
0.00527249
0.0095035
0.0178123
0.0366372
0.0792939
0.156679
0.256881
0.353861
0.425684
0.47028
0.553043
0.695295
1.78688
1.6987
1.67903
1.67458
1.67326
1.67283
1.67264
1.67257
1.67254
1.67253
1.67253
1.67254
1.67313
1.70869
5.42754e-06
0.000129585
0.000330899
0.000762227
0.00154126
0.00294336
0.00540403
0.00973642
0.0179672
0.0360494
0.0774636
0.155067
0.256865
0.353437
0.425402
0.475739
0.560339
0.687147
1.77826
1.70659
1.67973
1.67464
1.67331
1.67284
1.67265
1.67257
1.67254
1.67253
1.67253
1.67254
1.67307
1.70679
5.47694e-06
0.000130792
0.000334695
0.000776167
0.001581
0.00304598
0.00564482
0.0102368
0.0188241
0.0371466
0.0788135
0.158375
0.262497
0.35711
0.427545
0.489716
0.566707
0.673486
1.69471
1.71123
1.68008
1.67477
1.67333
1.67286
1.67267
1.67258
1.67255
1.67254
1.67253
1.67254
1.67301
1.70498
5.57348e-06
0.000132612
0.000339824
0.000793313
0.00162475
0.00314765
0.00586375
0.0106801
0.0196848
0.0388505
0.0825311
0.165747
0.272828
0.36606
0.433733
0.496438
0.569099
0.665348
1.62498
1.71827
1.68056
1.67477
1.67334
1.67288
1.67269
1.67259
1.67254
1.67254
1.67253
1.67253
1.67296
1.70326
5.77056e-06
0.000135411
0.0003478
0.000819356
0.00169045
0.00329831
0.00618895
0.0113816
0.021293
0.0426423
0.0902835
0.178553
0.287765
0.376033
0.440189
0.501964
0.566784
0.663943
1.66296
1.72716
1.68121
1.67492
1.67337
1.67291
1.67271
1.67259
1.67254
1.67254
1.67253
1.67254
1.67291
1.70164
6.05792e-06
0.000139252
0.000358485
0.000854044
0.00177706
0.00349758
0.00663052
0.0123577
0.0233792
0.0471383
0.100763
0.196447
0.304996
0.389391
0.447945
0.504232
0.568868
0.673435
1.76985
1.73385
1.68251
1.67504
1.67339
1.67295
1.67275
1.67259
1.67254
1.67253
1.67253
1.67254
1.67287
1.7001
6.46473e-06
0.000144361
0.000371951
0.000897394
0.00188436
0.00375388
0.00723661
0.0137257
0.0265477
0.0550386
0.116693
0.218093
0.326373
0.400485
0.452966
0.501362
0.568048
0.685435
1.80004
1.74287
1.68442
1.67548
1.67346
1.67301
1.6728
1.6726
1.67255
1.67253
1.67252
1.67253
1.67284
1.69862
7.22977e-06
0.00015152
0.000389385
0.000954043
0.00204198
0.00420873
0.00838984
0.0162512
0.0317055
0.0653549
0.136813
0.246047
0.343098
0.408011
0.452237
0.488895
0.558452
0.691839
1.79999
1.7696
1.68739
1.67595
1.67355
1.67309
1.67288
1.6726
1.67253
1.67254
1.67253
1.67253
1.6728
1.69721
8.09301e-06
0.000159674
0.000405946
0.00102319
0.00227635
0.00481771
0.00948487
0.0181748
0.0367597
0.0796664
0.164007
0.269313
0.352998
0.408254
0.444559
0.477198
0.546377
0.686414
1.79997
1.77189
1.69097
1.67677
1.67373
1.67321
1.67301
1.67258
1.67254
1.67253
1.67253
1.67254
1.67276
1.69587
1.04555e-05
0.000169088
0.00040828
0.00103171
0.00223116
0.00495119
0.0108365
0.0221415
0.0456045
0.0980015
0.183994
0.278849
0.353444
0.4011
0.435621
0.467845
0.533538
0.6676
1.79998
1.79998
1.69614
1.67757
1.67389
1.67334
1.6732
1.67259
1.67255
1.67252
1.67253
1.67254
1.67274
1.69458
2.03255e-05
0.000239009
0.000755821
0.00180508
0.00344831
0.00611303
0.0122759
0.0250961
0.0515271
0.103757
0.184804
0.274066
0.344979
0.39151
0.425434
0.457311
0.513021
0.639474
1.7007
1.79996
1.70334
1.67897
1.67421
1.67345
1.6734
1.6726
1.67253
1.67252
1.67252
1.67252
1.67273
1.69333
0.00211391
0.00217899
0.00262977
0.00349743
0.00507887
0.0084616
0.0149004
0.0258391
0.0465976
0.093224
0.166063
0.251036
0.324606
0.374431
0.41118
0.442559
0.495751
0.609254
1.55655
1.79993
1.70968
1.68058
1.67467
1.67368
1.67344
1.6726
1.67252
1.67255
1.67253
1.67253
1.6727
1.69213
0.0153456
0.0155165
0.0159723
0.0172143
0.0195173
0.0234212
0.0294865
0.0386419
0.0540044
0.0844952
0.147987
0.216117
0.292017
0.348247
0.389627
0.426083
0.478162
0.573268
1.41999
1.8
1.72723
1.68362
1.67547
1.67401
1.67352
1.67258
1.67256
1.67255
1.67254
1.67254
1.67266
1.69097
0.0494494
0.0496645
0.0502825
0.0516508
0.0540672
0.0578119
0.0631704
0.0707728
0.0825907
0.103189
0.140626
0.197459
0.258065
0.315716
0.361581
0.402463
0.454414
0.539655
1.294
1.79998
1.76209
1.68781
1.67642
1.67436
1.67357
1.67262
1.67253
1.6725
1.67253
1.67252
1.67265
1.68985
0.100607
0.100777
0.101229
0.102243
0.10413
0.107223
0.111749
0.118
0.126633
0.139466
0.159966
0.191305
0.235759
0.28465
0.329035
0.373815
0.426384
0.50661
1.17007
1.72139
1.79998
1.69327
1.67803
1.67482
1.67359
1.6726
1.67252
1.67249
1.6725
1.67252
1.67267
1.68875
0.154517
0.15465
0.15497
0.155644
0.156931
0.15909
0.162398
0.166897
0.172721
0.18039
0.191048
0.206344
0.228933
0.261804
0.302124
0.342835
0.398214
0.472546
1.03731
1.62093
1.79997
1.70418
1.68042
1.67527
1.67356
1.6725
1.67252
1.67257
1.67253
1.67256
1.67265
1.68768
0.196026
0.196145
0.196389
0.196868
0.197726
0.199151
0.201345
0.204383
0.208083
0.212496
0.218084
0.225773
0.236541
0.252594
0.27815
0.317302
0.367521
0.433779
0.89812
1.51028
1.79997
1.73193
1.68345
1.67582
1.67355
1.6726
1.67252
1.67261
1.67257
1.67252
1.67258
1.68665
0.222113
0.22217
0.222324
0.222641
0.223237
0.224258
0.225859
0.228159
0.231016
0.234181
0.237575
0.241697
0.247469
0.256245
0.269768
0.293633
0.343546
0.397902
0.778604
1.37935
1.74809
1.75939
1.68888
1.67663
1.67355
1.67262
1.67256
1.67252
1.67252
1.67249
1.67257
1.68565
0.245739
0.245774
0.245835
0.245987
0.24628
0.246795
0.247641
0.248884
0.250482
0.252313
0.254258
0.256608
0.260018
0.265317
0.273554
0.287518
0.315574
0.373869
0.682092
1.25342
1.68682
1.79997
1.69254
1.67728
1.67355
1.6725
1.67254
1.67242
1.6725
1.67256
1.67263
1.68465
0.270167
0.270181
0.270204
0.270252
0.270362
0.270571
0.270941
0.271486
0.272222
0.273135
0.274243
0.275744
0.278076
0.281885
0.288227
0.298946
0.318913
0.36633
0.639845
1.11799
1.59651
1.78575
1.70252
1.6786
1.67353
1.67262
1.67248
1.67241
1.67254
1.67259
1.67262
1.68369
0.320747
0.320753
0.320766
0.320786
0.320822
0.320902
0.32106
0.321313
0.321686
0.322228
0.323057
0.324406
0.326749
0.330926
0.338406
0.3522
0.379793
0.443641
0.640723
1.03992
1.47988
1.75969
1.722
1.68028
1.67357
1.67266
1.67247
1.67266
1.67254
1.6725
1.67253
1.68275
0.432227
0.432235
0.432248
0.432268
0.432301
0.432378
0.432526
0.432782
0.433188
0.433807
0.434804
0.436474
0.439327
0.444384
0.453638
0.47105
0.504146
0.572982
0.725341
1.01361
1.41091
1.74184
1.75204
1.68123
1.67353
1.67246
1.67261
1.67277
1.67251
1.67248
1.6725
1.6818
0.663812
0.66379
0.663785
0.663834
0.663918
0.6641
0.664415
0.664954
0.665754
0.666847
0.668108
0.669357
0.671157
0.675653
0.68572
0.704838
0.741328
0.805357
0.931065
1.13801
1.44165
1.71938
1.75203
1.6813
1.67352
1.67244
1.67271
1.67259
1.67262
1.67244
1.67259
1.68092
1.01582
1.01583
1.01587
1.01597
1.01614
1.01648
1.01702
1.01794
1.01927
1.02116
1.02349
1.02589
1.02805
1.03027
1.03581
1.0503
1.07885
1.12932
1.20569
1.3544
1.54372
1.70715
1.76201
1.68312
1.67384
1.6727
1.67238
1.67227
1.67249
1.67257
1.67262
1.68005
1.34569
1.34569
1.34572
1.34577
1.34587
1.34606
1.34641
1.34697
1.34787
1.3492
1.35104
1.35337
1.3562
1.35994
1.36559
1.37495
1.39069
1.41676
1.45566
1.52507
1.60994
1.67966
1.71709
1.68535
1.67347
1.67301
1.67238
1.67246
1.67237
1.67266
1.6725
1.67911
1.54094
1.54098
1.54104
1.54117
1.54136
1.54173
1.5423
1.54325
1.54465
1.54674
1.5496
1.55321
1.55721
1.5609
1.56409
1.5679
1.57417
1.58707
1.60345
1.62321
1.64741
1.67165
1.68451
1.68059
1.67366
1.67249
1.67292
1.67281
1.67263
1.67255
1.67249
1.67825
1.63239
1.63242
1.63247
1.63257
1.63273
1.63301
1.63347
1.63426
1.63547
1.6373
1.63977
1.64281
1.64605
1.64915
1.65225
1.65417
1.65596
1.65815
1.66076
1.66435
1.66912
1.67337
1.67472
1.6744
1.67346
1.6726
1.6723
1.67267
1.67269
1.6724
1.67261
1.67749
1.65378
1.65382
1.65387
1.65398
1.65414
1.65444
1.65492
1.65574
1.65701
1.65891
1.66153
1.66469
1.66769
1.66978
1.67071
1.67095
1.67103
1.6712
1.67144
1.6718
1.67225
1.67262
1.67282
1.67282
1.67274
1.67262
1.67255
1.67236
1.67233
1.67252
1.67257
1.67664
1.65623
1.65626
1.65632
1.65641
1.65658
1.65687
1.65736
1.65815
1.6594
1.66125
1.66374
1.66669
1.66952
1.67147
1.6723
1.67245
1.67244
1.67243
1.67244
1.67246
1.67249
1.67253
1.67256
1.67257
1.67258
1.67258
1.67253
1.67254
1.67258
1.67272
1.67246
1.67572
1.65644
1.65648
1.65653
1.65663
1.6568
1.65709
1.65757
1.65836
1.65961
1.66145
1.66392
1.66687
1.66968
1.67162
1.67243
1.67258
1.67256
1.67255
1.67254
1.67254
1.67255
1.67254
1.67254
1.67254
1.67254
1.67254
1.67254
1.67254
1.67253
1.67244
1.67257
1.67492
1.65643
1.65647
1.65652
1.65662
1.65679
1.65708
1.65756
1.65836
1.65961
1.66144
1.66392
1.66686
1.66968
1.67161
1.67244
1.67258
1.67255
1.67254
1.67253
1.67253
1.67253
1.67254
1.67253
1.67253
1.67253
1.67253
1.67253
1.67252
1.67253
1.67253
1.67251
1.67421
1.65638
1.65642
1.65647
1.65657
1.65674
1.65703
1.65751
1.6583
1.65955
1.66138
1.66385
1.66679
1.6696
1.67154
1.67238
1.67255
1.67254
1.67253
1.67253
1.67254
1.67254
1.67254
1.67253
1.67253
1.67253
1.67253
1.67253
1.67253
1.67253
1.67253
1.67253
1.67298
1.65644
1.65647
1.65653
1.65662
1.65679
1.65708
1.65756
1.65835
1.6596
1.66143
1.6639
1.66684
1.66965
1.6716
1.67243
1.67257
1.67255
1.67253
1.67252
1.67252
1.67252
1.67253
1.67253
1.67254
1.67253
1.67253
1.67253
1.67253
1.67253
1.67253
1.67255
1.67705
1.65641
1.65645
1.6565
1.6566
1.65677
1.65705
1.65754
1.65833
1.65957
1.66141
1.66387
1.66681
1.66962
1.67158
1.67241
1.67257
1.67255
1.67254
1.67254
1.67254
1.67254
1.67253
1.67253
1.67253
1.67253
1.67253
1.67253
1.67253
1.67253
1.67253
1.67261
1.68531
1.65645
1.65648
1.65654
1.65664
1.65681
1.65709
1.65757
1.65837
1.65961
1.66144
1.66391
1.66685
1.66966
1.6716
1.67243
1.67258
1.67256
1.67254
1.67254
1.67254
1.67254
1.67253
1.67253
1.67253
1.67253
1.67253
1.67253
1.67253
1.67253
1.67253
1.67262
1.68593
)
;

boundaryField
{
    QUAD_bdy____1
    {
        type            empty;
    }
    QUAD_bdy____2
    {
        type            empty;
    }
    QUAD_bdy____3
    {
        type            calculated;
        value           nonuniform List<scalar> 
32
(
1.65642
1.6564
1.65641
1.65641
1.65642
1.65644
1.65647
1.65651
1.65656
1.65659
1.65657
1.65651
1.65643
1.6563
1.65608
1.65567
1.65495
1.65366
1.65138
1.64853
1.65103
1.6618
1.67
1.67226
1.67252
1.67253
1.67253
1.67253
1.67253
1.67253
1.67253
1.67253
)
;
    }
    QUAD_bdy____4
    {
        type            calculated;
        value           nonuniform List<scalar> 
32
(
1.65643
1.65646
1.65652
1.65662
1.65679
1.65707
1.65756
1.65835
1.65959
1.66142
1.66389
1.66683
1.66964
1.67158
1.67241
1.67257
1.67255
1.67253
1.67253
1.67253
1.67253
1.67253
1.67253
1.67253
1.67253
1.67253
1.67253
1.67253
1.67253
1.67253
1.67262
1.68593
)
;
    }
    QUAD_bdy____5
    {
        type            compressible::alphatWallFunction;
        Prt             0.85;
        value           nonuniform List<scalar> 
64
(
0
0
0
0
0
0
0
0
0
0
0
0
0
0
0
0
0
0
0
0
0
0
0
0
0
0
2.42348e-06
6.80604e-06
1.24896e-05
1.96326e-05
2.87433e-05
4.0589e-05
4.52998e-05
3.48842e-05
2.66627e-05
2.0529e-05
1.56376e-05
1.05591e-05
6.07018e-06
1.79886e-06
5.72735e-08
0
0
0
0
0
0
0
0
0
0
0
0
0
0
0
0
0
0
0
0
0
0
0
)
;
    }
    QUAD_bdy____6
    {
        type            calculated;
        value           nonuniform List<scalar> 
112
(
1.67253
1.67253
1.67253
1.67251
1.67258
1.67248
1.67251
1.67258
1.67254
1.67247
1.67251
1.67258
1.67256
1.67253
1.67248
1.6725
1.67257
1.67256
1.6725
1.6725
1.67256
1.67254
1.67251
1.67254
1.67253
1.67252
1.67253
1.67253
1.67253
1.67253
1.67255
1.67265
4.17103
4.17103
4.17104
4.17104
4.17103
4.17103
4.17103
4.17104
4.17104
4.17103
4.17103
4.17103
4.17103
4.17103
4.17103
4.17103
4.17103
4.17103
4.17103
4.17103
4.17103
4.17103
4.17103
4.17104
4.17104
4.17104
4.17104
4.17104
4.17104
4.17104
4.17104
4.17104
4.17104
4.17104
4.17104
4.17104
4.17104
4.17104
4.17104
4.17104
4.17104
4.17104
4.17104
4.17103
4.17104
4.17104
4.17104
4.17103
4.17103
4.17104
4.17104
4.17103
4.17103
4.17104
4.17104
4.17103
4.17103
4.17104
4.17105
4.17103
4.17102
4.17104
4.17105
4.17103
4.17103
4.17105
4.17099
4.17107
4.17111
4.17094
4.17096
4.17118
4.17112
4.17087
4.17091
4.17125
4.17099
4.17103
4.17104
4.17103
)
;
    }
}


// ************************************************************************* //
