/*--------------------------------*- C++ -*----------------------------------*\
  =========                 |
  \\      /  F ield         | OpenFOAM: The Open Source CFD Toolbox
   \\    /   O peration     | Website:  https://openfoam.org
    \\  /    A nd           | Version:  12
     \\/     M anipulation  |
\*---------------------------------------------------------------------------*/
FoamFile
{
    format      ascii;
    class       volScalarField;
    location    "0.012";
    object      rho;
}
// * * * * * * * * * * * * * * * * * * * * * * * * * * * * * * * * * * * * * //

dimensions      [1 -3 0 0 0 0 0];

internalField   nonuniform List<scalar> 
3584
(
1.15863
1.15863
1.15863
1.15863
1.15863
1.15863
1.15863
1.15863
1.15863
1.15863
1.15863
1.15863
1.15863
1.15862
1.15862
1.15862
1.15862
1.15863
1.15863
1.15862
1.15862
1.15862
1.15862
1.15862
1.15862
1.15862
1.15862
1.15862
1.15862
1.15862
1.15862
1.15862
1.15861
1.15861
1.15861
1.15861
1.15861
1.15861
1.15861
1.15862
1.15862
1.15862
1.15862
1.15862
1.15862
1.15862
1.15862
1.15862
1.15862
1.15862
1.15862
1.15862
1.15862
1.15862
1.15862
1.15862
1.15862
1.15862
1.15862
1.15862
1.15862
1.15862
1.15862
1.15862
1.15863
1.15863
1.15863
1.15863
1.15863
1.15863
1.15863
1.15863
1.15863
1.15863
1.15862
1.15862
1.15862
1.15862
1.15862
1.15862
1.15862
1.15861
1.15862
1.15862
1.15862
1.15862
1.15863
1.15862
1.15862
1.15862
1.15862
1.15862
1.15862
1.15862
1.15862
1.15862
1.1586
1.1586
1.1586
1.1586
1.1586
1.1586
1.1586
1.1586
1.1586
1.1586
1.15861
1.15861
1.15862
1.15862
1.15862
1.15862
1.15862
1.15862
1.15863
1.15863
1.15861
1.15862
1.15862
1.15862
1.15862
1.15862
1.15862
1.15862
1.15862
1.15862
1.15862
1.15861
1.15862
1.15862
1.15862
1.15862
1.15862
1.15862
1.15862
1.15862
1.15861
1.15861
1.15861
1.15861
1.15861
1.15861
1.15861
1.15861
1.15861
1.15862
1.15862
1.15861
1.15863
1.15862
1.15862
1.15861
1.15861
1.15862
1.15861
1.15861
1.15862
1.15862
1.15862
1.15864
1.15863
1.15863
1.15863
1.15863
1.15863
1.15863
1.15863
1.15863
1.15862
1.15862
1.15861
1.15861
1.15861
1.15861
1.1586
1.15861
1.15861
1.15861
1.15861
1.15859
1.15861
1.15862
1.1586
1.1586
1.1586
1.1586
1.1586
1.15861
1.15862
1.15864
1.15856
1.1586
1.15855
1.15855
1.15855
1.15855
1.15855
1.15855
1.15855
1.15854
1.15854
1.15853
1.15852
1.15852
1.15851
1.15851
1.15851
1.15851
1.15852
1.15852
1.15852
1.15853
1.15858
1.15864
1.15866
1.15864
1.1586
1.15859
1.15859
1.15862
1.1586
1.15852
1.15866
1.15861
1.15788
1.15788
1.15788
1.15788
1.15788
1.15787
1.15786
1.15784
1.15782
1.15778
1.15773
1.15768
1.15765
1.15763
1.15763
1.15763
1.15762
1.1576
1.15759
1.15765
1.15797
1.15905
1.15938
1.15897
1.1585
1.15828
1.15857
1.15851
1.15872
1.15867
1.15865
1.15865
1.15283
1.15283
1.15283
1.15283
1.15283
1.15282
1.15281
1.15279
1.15277
1.15273
1.15268
1.15262
1.15257
1.15253
1.15249
1.15245
1.15245
1.15236
1.15262
1.15284
1.1541
1.16122
1.1606
1.15802
1.15567
1.15823
1.1587
1.15872
1.1586
1.15869
1.15858
1.15862
1.14375
1.14375
1.14375
1.14374
1.14373
1.14372
1.14369
1.14365
1.14358
1.14348
1.14335
1.14321
1.14308
1.14294
1.14277
1.14254
1.14227
1.14233
1.14375
1.14397
1.14599
1.1641
1.15987
1.15145
1.15389
1.15802
1.15841
1.15876
1.15853
1.15858
1.15861
1.15859
1.16127
1.16127
1.16127
1.16127
1.16128
1.16128
1.16128
1.16129
1.16129
1.1613
1.16132
1.16136
1.16142
1.16155
1.16177
1.16229
1.16401
1.16721
1.16974
1.16217
1.15013
1.15619
1.14599
1.13849
1.15234
1.15838
1.15838
1.15867
1.15859
1.15855
1.15865
1.15861
1.18071
1.18071
1.18072
1.18073
1.18075
1.18078
1.18083
1.18091
1.18103
1.1812
1.18141
1.18165
1.18195
1.18249
1.18369
1.18596
1.19082
1.20041
1.20002
1.17311
1.12249
1.11072
1.11571
1.13452
1.1531
1.1583
1.1587
1.15848
1.15872
1.15863
1.15861
1.15865
1.12745
1.12746
1.12746
1.12748
1.12751
1.12756
1.12765
1.12779
1.12799
1.12822
1.12842
1.12859
1.12886
1.12945
1.13051
1.13257
1.13728
1.14557
1.12668
1.07764
1.08768
1.10694
1.09758
1.1363
1.15341
1.1579
1.15877
1.15854
1.15868
1.15869
1.15859
1.15864
1.06386
1.06386
1.06387
1.06387
1.06388
1.06388
1.06389
1.06388
1.06386
1.06375
1.06356
1.06333
1.06304
1.06251
1.06145
1.06032
1.05559
1.03537
0.997692
1.01971
1.09432
1.02156
1.09703
1.13712
1.15403
1.15793
1.15859
1.15876
1.15859
1.15866
1.15865
1.15862
1.04787
1.04788
1.04789
1.0479
1.04791
1.04792
1.04793
1.04792
1.0479
1.04784
1.04771
1.04742
1.04673
1.04524
1.04229
1.03818
1.02272
0.975515
0.974288
1.0183
0.949304
1.00509
1.09828
1.13867
1.15495
1.15822
1.15836
1.15873
1.15855
1.15859
1.15864
1.1586
1.03006
1.03006
1.03005
1.03004
1.03002
1.02998
1.02993
1.02983
1.02968
1.02945
1.02904
1.02832
1.02686
1.02385
1.0187
1.00404
0.955763
0.941709
0.969926
0.900884
0.910747
1.00515
1.09769
1.14054
1.15517
1.15841
1.15844
1.15853
1.15866
1.15857
1.15859
1.15861
1.03238
1.03238
1.03238
1.03235
1.03229
1.03221
1.03206
1.03182
1.03146
1.03092
1.03003
1.02847
1.02546
1.01994
1.0069
0.954322
0.936111
0.941253
0.872086
0.870491
0.902103
1.01048
1.10232
1.14436
1.15551
1.15812
1.15846
1.15855
1.15871
1.15859
1.15862
1.15864
1.03971
1.03972
1.03974
1.03977
1.03983
1.0399
1.03997
1.03997
1.03982
1.03944
1.03864
1.03747
1.03414
1.02259
0.981508
0.948994
0.92692
0.880325
0.82364
0.857851
0.900175
1.01082
1.10473
1.14779
1.15588
1.15798
1.15864
1.15873
1.15862
1.1586
1.15864
1.15864
1.05187
1.05182
1.05177
1.05171
1.05164
1.05154
1.05143
1.0513
1.05114
1.05087
1.05048
1.04888
1.0411
0.997873
0.97754
0.967156
0.882827
0.741411
0.796265
0.859495
0.900059
1.01414
1.11408
1.14937
1.15612
1.15809
1.15875
1.15869
1.15854
1.15867
1.15862
1.15861
1.0561
1.056
1.05591
1.05577
1.05556
1.05534
1.05517
1.05504
1.0546
1.05389
1.05195
1.04053
0.995733
0.972728
0.972416
0.948897
0.718945
0.686616
0.789521
0.857237
0.903
1.03252
1.12516
1.15169
1.15646
1.15839
1.15868
1.15853
1.15858
1.15866
1.1586
1.15861
1.04922
1.04914
1.0491
1.04908
1.04912
1.04925
1.0495
1.05029
1.0502
1.04952
1.03538
0.974622
0.946441
0.957735
0.851035
0.725153
0.64745
0.67958
0.793026
0.873212
0.932553
1.05286
1.13673
1.15313
1.15687
1.15853
1.15852
1.15857
1.15862
1.15864
1.15863
1.15863
1.04197
1.04188
1.04186
1.042
1.04235
1.04288
1.04343
1.04456
1.03949
1.02349
0.953172
0.91082
0.887201
0.679007
0.62897
0.619451
0.61259
0.685961
0.813379
0.898193
0.972028
1.08227
1.14518
1.15452
1.15713
1.15825
1.15847
1.15872
1.15869
1.15859
1.15863
1.15863
1.01854
1.01846
1.01853
1.01896
1.01964
1.02014
1.01807
1.01448
0.977735
0.909781
0.893578
0.825911
0.614314
0.567646
0.563419
0.573993
0.601592
0.680473
0.846754
0.938315
1.02005
1.10941
1.14997
1.1551
1.15715
1.15819
1.15867
1.15869
1.15867
1.15858
1.15861
1.15861
0.9823
0.981046
0.98103
0.978302
0.973371
0.961622
0.939691
0.883171
0.817082
0.753637
0.610049
0.572315
0.53845
0.533088
0.538039
0.548482
0.597356
0.689558
0.900128
0.973394
1.06129
1.13558
1.15314
1.15589
1.15723
1.15837
1.1587
1.15856
1.15863
1.15861
1.15862
1.15862
0.54535
0.545205
0.543598
0.541476
0.537953
0.531589
0.525093
0.52541
0.521922
0.515361
0.523006
0.522804
0.509502
0.512445
0.529353
0.539839
0.592569
0.737477
0.929151
1.01614
1.10009
1.14571
1.15425
1.15656
1.15735
1.15856
1.15853
1.15856
1.15858
1.15866
1.15863
1.15862
0.499977
0.499602
0.498871
0.49762
0.495595
0.493065
0.490147
0.486339
0.481285
0.47428
0.474839
0.484569
0.491562
0.509723
0.529885
0.543378
0.577755
0.779827
0.962527
1.05374
1.12998
1.15255
1.15547
1.15648
1.15746
1.15844
1.15857
1.15859
1.15861
1.15864
1.15862
1.15862
0.44258
0.442387
0.441881
0.441033
0.44002
0.438508
0.436416
0.433926
0.432249
0.430486
0.443266
0.466002
0.487345
0.507101
0.534018
0.552449
0.614673
0.801726
1.00052
1.09037
1.14659
1.15479
1.15662
1.15663
1.15755
1.15848
1.15865
1.15862
1.15865
1.15859
1.15861
1.15862
0.413045
0.412902
0.412556
0.411964
0.411099
0.41004
0.408747
0.407187
0.406073
0.407472
0.423006
0.451967
0.478082
0.514011
0.541949
0.570203
0.666116
0.887787
1.04379
1.11928
1.15466
1.15656
1.15697
1.15698
1.15764
1.15852
1.1586
1.15867
1.15864
1.15861
1.15862
1.15862
0.39648
0.396373
0.396109
0.395653
0.394944
0.393905
0.392606
0.391375
0.39105
0.394191
0.412619
0.444596
0.474266
0.512606
0.554582
0.583034
0.664293
0.890455
1.06228
1.14329
1.15862
1.1573
1.15703
1.15718
1.15769
1.1585
1.1586
1.15865
1.15861
1.15865
1.15862
1.15862
0.384925
0.384853
0.384685
0.384413
0.384016
0.383471
0.382788
0.382048
0.382006
0.387142
0.412317
0.453729
0.483268
0.510544
0.561645
0.604799
0.691678
0.906088
1.09776
1.15577
1.16036
1.15735
1.15733
1.1572
1.15782
1.15851
1.15862
1.15862
1.1586
1.15862
1.15862
1.15862
0.37911
0.379092
0.379041
0.378952
0.378819
0.378668
0.378618
0.379111
0.381583
0.391635
0.422075
0.46063
0.491571
0.514514
0.546068
0.611209
0.727838
0.952182
1.12433
1.16384
1.16087
1.15748
1.15759
1.15733
1.15803
1.15855
1.15861
1.15859
1.15861
1.1586
1.15862
1.15862
0.378959
0.379018
0.379155
0.379385
0.379778
0.380493
0.381896
0.384737
0.390714
0.403016
0.427228
0.46344
0.494041
0.517027
0.545956
0.604088
0.718788
0.93831
1.13657
1.16703
1.161
1.15763
1.15752
1.15742
1.15797
1.15855
1.15861
1.1586
1.15862
1.15862
1.15862
1.15862
0.387529
0.387622
0.38783
0.388168
0.388699
0.389531
0.390841
0.393041
0.397124
0.405772
0.425002
0.456636
0.482537
0.50312
0.530138
0.583743
0.715827
0.977349
1.15756
1.16877
1.16106
1.15776
1.15753
1.15752
1.15801
1.15854
1.15862
1.15863
1.15863
1.15863
1.15862
1.15862
0.392346
0.392352
0.392375
0.392425
0.392532
0.392759
0.393244
0.394322
0.396793
0.402185
0.41282
0.42671
0.441131
0.457542
0.485709
0.559331
0.715816
1.03996
1.16966
1.1692
1.1608
1.15772
1.15759
1.15763
1.15808
1.15855
1.1586
1.15865
1.15862
1.15862
1.15862
1.15862
0.386505
0.386386
0.38615
0.385817
0.385379
0.384849
0.384324
0.384113
0.385131
0.39021
0.404492
0.422891
0.439736
0.455116
0.48049
0.535149
0.713144
1.05754
1.18135
1.16952
1.16048
1.15773
1.1577
1.15774
1.15814
1.15859
1.15861
1.15863
1.15861
1.15862
1.15862
1.15862
0.414391
0.414399
0.414425
0.414485
0.414616
0.414912
0.415603
0.417279
0.421578
0.433019
0.458379
0.484445
0.506715
0.525533
0.555145
0.577967
0.737733
1.08175
1.18702
1.16969
1.16024
1.15769
1.15776
1.15785
1.15818
1.15858
1.15862
1.15861
1.15862
1.15862
1.15862
1.15862
0.46551
0.465623
0.46587
0.466301
0.467028
0.46829
0.470559
0.474841
0.48329
0.500177
0.525876
0.551002
0.572851
0.596331
0.629414
0.711664
0.783381
1.13698
1.18909
1.16991
1.16046
1.15779
1.1578
1.15793
1.15825
1.15856
1.15861
1.15862
1.15862
1.15862
1.15862
1.15862
0.493792
0.493737
0.493656
0.493603
0.493662
0.494014
0.495083
0.497872
0.504592
0.517054
0.530722
0.543233
0.558559
0.57975
0.599904
0.702143
0.808263
1.19033
1.19013
1.16456
1.1599
1.15784
1.15781
1.15804
1.15832
1.15859
1.15861
1.15863
1.15862
1.15862
1.15862
1.15862
0.511884
0.511889
0.511954
0.512121
0.512499
0.513377
0.515433
0.52024
0.5307
0.548509
0.566307
0.582582
0.602077
0.625945
0.677525
0.786247
0.874506
1.21469
1.19064
1.16227
1.15933
1.15792
1.15784
1.15814
1.15837
1.15858
1.15862
1.15862
1.15862
1.15862
1.15862
1.15862
0.579675
0.579736
0.579893
0.580218
0.580929
0.582568
0.586358
0.595028
0.612174
0.635575
0.657548
0.677541
0.704844
0.744526
0.837879
0.945777
1.04513
1.2409
1.19124
1.16108
1.15902
1.15798
1.15792
1.15819
1.15843
1.15858
1.15862
1.15862
1.15862
1.15862
1.15862
1.15862
0.600527
0.600486
0.600546
0.600866
0.601749
0.60389
0.608905
0.618837
0.631667
0.64401
0.657745
0.678235
0.711892
0.767226
0.893186
1.00163
1.18818
1.25831
1.19139
1.16041
1.15892
1.1581
1.15811
1.1583
1.15846
1.15858
1.15861
1.15862
1.15862
1.15862
1.15862
1.15862
0.673761
0.673862
0.67416
0.675026
0.677101
0.681863
0.692018
0.708894
0.72289
0.736345
0.75428
0.7792
0.818585
0.904005
1.04889
1.1606
1.28479
1.26956
1.19159
1.15986
1.15885
1.15834
1.15831
1.1584
1.15851
1.15859
1.15861
1.15862
1.15862
1.15862
1.15862
1.15862
0.755328
0.755383
0.755914
0.757328
0.760657
0.767861
0.780249
0.792822
0.808202
0.82737
0.852365
0.888892
0.950586
1.04857
1.17685
1.34404
1.33612
1.27654
1.18675
1.15974
1.15885
1.15848
1.15844
1.15848
1.15855
1.1586
1.15862
1.15862
1.15862
1.15862
1.15862
1.15862
0.853893
0.854122
0.855024
0.857504
0.863034
0.873146
0.885023
0.891857
0.90512
0.925057
0.956131
1.00788
1.08442
1.16766
1.36033
1.42245
1.34164
1.21865
1.17589
1.15963
1.15883
1.15857
1.15852
1.15854
1.15857
1.15861
1.15862
1.15862
1.15862
1.15862
1.15862
1.15862
0.975043
0.975524
0.97715
0.981384
0.989633
1.00074
1.00821
1.02253
1.04192
1.07199
1.12151
1.19733
1.26687
1.36681
1.51482
1.46341
1.3571
1.18882
1.16929
1.1597
1.15883
1.15862
1.15858
1.15858
1.1586
1.15861
1.15862
1.15862
1.15862
1.15862
1.15862
1.15862
1.08372
1.08435
1.08675
1.09223
1.09984
1.10648
1.11502
1.1313
1.15738
1.20284
1.2797
1.3617
1.41346
1.57947
1.57803
1.47317
1.24113
1.17307
1.16488
1.15967
1.15882
1.15865
1.15861
1.15861
1.15861
1.15861
1.15862
1.15862
1.15862
1.15862
1.15862
1.15862
1.1976
1.19868
1.20262
1.20949
1.21713
1.22386
1.23948
1.26335
1.3047
1.37668
1.4771
1.53689
1.64236
1.68372
1.59662
1.29624
1.1994
1.16672
1.16219
1.15967
1.15881
1.15867
1.15863
1.15862
1.15861
1.15862
1.15862
1.15862
1.15862
1.15862
1.15862
1.15862
1.30557
1.30784
1.31403
1.32176
1.32708
1.33911
1.35927
1.39573
1.4601
1.55227
1.65617
1.73559
1.80407
1.71894
1.35126
1.22164
1.179
1.16289
1.16066
1.15939
1.15881
1.15867
1.15864
1.15862
1.15862
1.15862
1.15862
1.15862
1.15862
1.15862
1.15862
1.15862
1.43925
1.44361
1.45106
1.45744
1.46618
1.48377
1.5156
1.57178
1.65604
1.74911
1.82561
1.96697
1.87443
1.38645
1.24522
1.19074
1.1688
1.16161
1.15995
1.15921
1.15882
1.15868
1.15864
1.15862
1.15862
1.15862
1.15862
1.15862
1.15862
1.15862
1.15862
1.15862
1.60032
1.60496
1.61067
1.61502
1.63041
1.65672
1.70218
1.77375
1.85514
1.90554
2.05508
2.07488
1.88189
1.2757
1.20425
1.17423
1.16475
1.16084
1.15959
1.15908
1.15881
1.15869
1.15864
1.15863
1.15862
1.15862
1.15862
1.15862
1.15862
1.15862
1.15862
1.15862
1.78317
1.79071
1.79681
1.80604
1.82351
1.8553
1.90714
1.97377
2.00146
2.0689
2.16092
2.09831
1.42504
1.2282
1.18248
1.16929
1.16283
1.16053
1.15949
1.15903
1.15881
1.15869
1.15864
1.15863
1.15862
1.15862
1.15862
1.15862
1.15862
1.15862
1.15862
1.15862
1.97421
1.97974
1.98273
1.99706
2.01859
2.05177
2.0912
2.11346
2.13179
2.28439
2.19076
1.54269
1.30144
1.20713
1.17853
1.16682
1.16238
1.16027
1.1594
1.159
1.1588
1.1587
1.15865
1.15863
1.15862
1.15862
1.15862
1.15862
1.15862
1.15862
1.15862
1.15862
2.15571
2.16316
2.16925
2.17899
2.19486
2.21261
2.21873
2.21661
2.22728
2.36527
2.05732
1.39875
1.25549
1.1983
1.17605
1.16663
1.16215
1.16028
1.15938
1.15898
1.1588
1.1587
1.15865
1.15863
1.15862
1.15862
1.15862
1.15862
1.15862
1.15862
1.15862
1.15862
2.29709
2.30302
2.30779
2.31562
2.32319
2.3209
2.30978
2.3027
2.32846
2.37539
1.68085
1.37557
1.2445
1.19632
1.17552
1.16624
1.16211
1.16018
1.15934
1.15896
1.15879
1.1587
1.15866
1.15864
1.15863
1.15862
1.15862
1.15862
1.15862
1.15862
1.15862
1.15862
2.40329
2.40695
2.41106
2.41321
2.4091
2.39998
2.3882
2.39303
2.44409
2.30019
1.60951
1.35491
1.23978
1.19385
1.17466
1.16599
1.16197
1.16016
1.15932
1.15895
1.15878
1.1587
1.15866
1.15864
1.15863
1.15862
1.15862
1.15862
1.15862
1.15862
1.15862
1.15862
2.4757
2.47872
2.48144
2.47931
2.47456
2.46675
2.45813
2.47336
2.52559
2.22989
1.58793
1.34221
1.23595
1.19259
1.17418
1.16579
1.16191
1.16013
1.15931
1.15894
1.15877
1.1587
1.15866
1.15864
1.15863
1.15862
1.15862
1.15862
1.15862
1.15862
1.15862
1.15862
2.53787
2.54009
2.53904
2.53701
2.53465
2.52708
2.51892
2.53015
2.56545
2.22663
1.58425
1.34101
1.23543
1.19252
1.17419
1.1658
1.16192
1.16013
1.15931
1.15894
1.15878
1.1587
1.15866
1.15864
1.15863
1.15862
1.15862
1.15862
1.15862
1.15862
1.15862
1.15862
2.60335
2.60501
2.60269
2.59743
2.5916
2.58163
2.56937
2.56621
2.58126
2.29547
1.5905
1.34318
1.23581
1.19248
1.17415
1.16578
1.16191
1.16013
1.15933
1.15896
1.15879
1.1587
1.15866
1.15864
1.15863
1.15862
1.15862
1.15862
1.15862
1.15862
1.15862
1.15862
2.67889
2.67958
2.67728
2.66939
2.65572
2.63773
2.61022
2.59507
2.59511
2.44677
1.66999
1.36466
1.24242
1.19485
1.17506
1.16618
1.1621
1.16024
1.15938
1.15899
1.15881
1.15871
1.15866
1.15864
1.15863
1.15862
1.15862
1.15862
1.15862
1.15862
1.15862
1.15862
2.7629
2.76274
2.76015
2.75163
2.73368
2.704
2.65891
2.62715
2.62575
2.68558
1.77619
1.37616
1.24877
1.19773
1.17624
1.16672
1.16235
1.16036
1.15946
1.15904
1.15883
1.15872
1.15866
1.15864
1.15863
1.15862
1.15862
1.15862
1.15862
1.15862
1.15862
1.15862
2.82245
2.82163
2.81842
2.80986
2.79223
2.76287
2.71825
2.66226
2.63491
2.66649
2.33136
1.43697
1.28235
1.20497
1.17842
1.16747
1.16269
1.16054
1.15956
1.15909
1.15886
1.15873
1.15866
1.15864
1.15863
1.15862
1.15862
1.15862
1.15862
1.15862
1.15862
1.15862
2.84363
2.84298
2.84069
2.83475
2.82186
2.79792
2.76043
2.70178
2.64215
2.62148
2.58096
1.65801
1.31003
1.21072
1.18127
1.1688
1.16321
1.16078
1.15967
1.15915
1.15888
1.15872
1.15866
1.15864
1.15863
1.15862
1.15862
1.15862
1.15862
1.15862
1.15862
1.15862
2.79142
2.79104
2.79011
2.78733
2.78076
2.76724
2.74269
2.70404
2.64444
2.59821
2.57839
2.5311
1.38517
1.24983
1.1877
1.17058
1.1639
1.16106
1.15982
1.15923
1.15892
1.15872
1.15866
1.15864
1.15863
1.15862
1.15862
1.15862
1.15862
1.15862
1.15862
1.15862
2.69432
2.69454
2.69434
2.69382
2.69189
2.68744
2.67871
2.66238
2.62755
2.57853
2.54932
2.53559
1.61698
1.26821
1.20632
1.17435
1.16509
1.16155
1.16003
1.15934
1.15892
1.15873
1.15866
1.15864
1.15863
1.15862
1.15862
1.15862
1.15862
1.15862
1.15862
1.15862
2.5612
2.56115
2.56138
2.56157
2.56155
2.56065
2.55825
2.55404
2.55122
2.53692
2.48911
2.51314
2.49753
1.40299
1.25665
1.18081
1.16706
1.16219
1.16036
1.1595
1.15892
1.15873
1.15867
1.15864
1.15863
1.15862
1.15862
1.15862
1.15862
1.15862
1.15862
1.15862
2.41896
2.41947
2.4201
2.4205
2.42127
2.42229
2.4233
2.42425
2.42524
2.42908
2.42412
2.45135
2.46441
1.6625
1.36042
1.20449
1.17298
1.16375
1.16106
1.15971
1.15894
1.15875
1.15867
1.15864
1.15863
1.15862
1.15862
1.15862
1.15862
1.15862
1.15862
1.15862
2.29325
2.29386
2.29431
2.29493
2.2958
2.298
2.30067
2.30409
2.30907
2.31771
2.33619
2.34364
2.3744
2.42659
1.58996
1.24411
1.18279
1.1665
1.16242
1.15985
1.159
1.15877
1.15868
1.15864
1.15863
1.15863
1.15862
1.15862
1.15862
1.15862
1.15862
1.15862
2.15465
2.15541
2.15665
2.15759
2.1589
2.16052
2.16377
2.16813
2.17464
2.18541
2.20585
2.21873
2.24759
2.37512
2.22848
1.36456
1.21266
1.17364
1.1646
1.16006
1.15911
1.15881
1.15869
1.15865
1.15863
1.15863
1.15862
1.15862
1.15862
1.15862
1.15862
1.15862
2.02599
2.02661
2.02811
2.0297
2.03146
2.03314
2.03604
2.04031
2.04671
2.05703
2.0745
2.09459
2.13597
2.23329
2.21906
1.56782
1.25699
1.18499
1.16783
1.16051
1.1593
1.15888
1.15872
1.15866
1.15864
1.15863
1.15862
1.15862
1.15862
1.15862
1.15862
1.15862
1.91758
1.91798
1.91909
1.92105
1.92291
1.92523
1.92783
1.93307
1.9396
1.94878
1.96275
1.98261
2.02199
2.11172
2.16651
2.10541
1.37723
1.21412
1.17295
1.16148
1.15961
1.15898
1.15876
1.15867
1.15864
1.15863
1.15862
1.15862
1.15862
1.15862
1.15862
1.15862
1.82004
1.82029
1.821
1.82247
1.82488
1.82689
1.82956
1.8329
1.84015
1.84915
1.86157
1.87969
1.91308
1.98443
2.03531
2.08223
1.56313
1.2605
1.17701
1.16281
1.16
1.1591
1.15879
1.15869
1.15865
1.15863
1.15862
1.15862
1.15862
1.15862
1.15862
1.15862
1.72552
1.7257
1.72626
1.72755
1.72997
1.73368
1.73715
1.74138
1.74687
1.7542
1.76434
1.77972
1.80714
1.85809
1.91857
2.00736
2.02624
1.35494
1.17722
1.1636
1.16023
1.15918
1.15883
1.1587
1.15865
1.15863
1.15862
1.15862
1.15862
1.15862
1.15862
1.15862
1.62426
1.62439
1.62484
1.62581
1.6278
1.63125
1.63597
1.64058
1.6456
1.65444
1.665
1.67957
1.70291
1.74114
1.79351
1.8882
1.99375
1.43293
1.17654
1.16403
1.16044
1.15926
1.15885
1.15871
1.15865
1.15863
1.15862
1.15862
1.15862
1.15862
1.15862
1.15862
1.53078
1.53088
1.53122
1.53197
1.53349
1.53652
1.54172
1.54755
1.55417
1.56289
1.57335
1.58714
1.6071
1.6376
1.68271
1.78077
1.88911
1.58374
1.17424
1.16468
1.16055
1.15929
1.15887
1.15872
1.15866
1.15863
1.15862
1.15862
1.15862
1.15862
1.15862
1.15862
1.45766
1.45773
1.45793
1.45849
1.45963
1.4619
1.46633
1.47388
1.4816
1.48912
1.50024
1.51383
1.53221
1.55806
1.59867
1.67538
1.79018
1.62325
1.17603
1.16535
1.16076
1.15936
1.15889
1.15873
1.15866
1.15863
1.15862
1.15862
1.15862
1.15862
1.15862
1.15862
1.40945
1.40949
1.40959
1.40989
1.41064
1.41225
1.41561
1.42217
1.4322
1.4429
1.45406
1.46675
1.48232
1.50249
1.54012
1.61393
1.7599
1.79824
1.18084
1.16656
1.16096
1.15941
1.15891
1.15874
1.15867
1.15864
1.15862
1.15862
1.15862
1.15862
1.15862
1.15862
1.40014
1.40015
1.40021
1.40037
1.40076
1.4017
1.40381
1.40825
1.41622
1.42695
1.43901
1.45302
1.47009
1.4915
1.52972
1.59587
1.74681
1.81029
1.19551
1.16879
1.16137
1.15952
1.15895
1.15875
1.15867
1.15864
1.15863
1.15862
1.15862
1.15862
1.15862
1.15862
1.40465
1.40466
1.40468
1.40477
1.40499
1.40556
1.40689
1.40989
1.41593
1.42584
1.43841
1.45276
1.46819
1.48743
1.52748
1.59936
1.73082
1.78368
1.19802
1.17059
1.16172
1.15961
1.15898
1.15877
1.15868
1.15864
1.15862
1.15862
1.15862
1.15862
1.15862
1.15862
1.40912
1.40912
1.40914
1.4092
1.40935
1.40975
1.41071
1.41295
1.41773
1.42655
1.43889
1.45328
1.47083
1.49229
1.53409
1.60628
1.72734
1.76814
1.21236
1.1748
1.16209
1.15964
1.159
1.15877
1.15868
1.15864
1.15863
1.15862
1.15862
1.15862
1.15862
1.15862
1.4156
1.4156
1.41562
1.41569
1.41586
1.41625
1.41716
1.41917
1.42355
1.43207
1.44458
1.45891
1.47413
1.49356
1.5393
1.62968
1.72599
1.73797
1.23653
1.17668
1.16225
1.15971
1.15901
1.15878
1.15869
1.15864
1.15863
1.15862
1.15862
1.15862
1.15862
1.15862
1.41639
1.4164
1.41642
1.41647
1.41661
1.41696
1.41779
1.41963
1.42346
1.431
1.44301
1.45811
1.47638
1.50095
1.54372
1.63373
1.71701
1.71973
1.25789
1.18043
1.16247
1.1597
1.15902
1.15879
1.1587
1.15865
1.15862
1.15862
1.15862
1.15862
1.15862
1.15862
1.41574
1.41575
1.41577
1.41584
1.416
1.41635
1.41719
1.41914
1.42357
1.4331
1.44549
1.46108
1.48102
1.50111
1.545
1.63805
1.69575
1.70892
1.26437
1.18614
1.16274
1.15978
1.15903
1.15881
1.15871
1.15865
1.15863
1.15862
1.15862
1.15862
1.15862
1.15862
1.41271
1.41272
1.41276
1.41285
1.41306
1.41353
1.41459
1.41722
1.42233
1.431
1.44554
1.46279
1.4795
1.5036
1.55618
1.63665
1.68732
1.70309
1.31545
1.19111
1.1633
1.15981
1.15904
1.15883
1.15873
1.15865
1.15863
1.15862
1.15862
1.15862
1.15862
1.15862
1.40662
1.40665
1.40671
1.40687
1.40721
1.40799
1.40989
1.41304
1.41867
1.42895
1.44293
1.45848
1.47982
1.51348
1.56295
1.62466
1.67543
1.70557
1.35261
1.19619
1.16416
1.16003
1.15908
1.15886
1.15875
1.15865
1.15863
1.15862
1.15862
1.15862
1.15862
1.15862
1.39708
1.39715
1.39732
1.39772
1.39859
1.40072
1.40326
1.40707
1.41034
1.42065
1.43777
1.45778
1.48663
1.52073
1.55641
1.5864
1.64655
1.70626
1.38768
1.21756
1.16571
1.16024
1.15912
1.15889
1.15879
1.15865
1.15862
1.15863
1.15862
1.15862
1.15862
1.15862
1.37352
1.37372
1.37426
1.3757
1.37893
1.38148
1.383
1.38647
1.39523
1.40928
1.43216
1.46273
1.4897
1.5133
1.53146
1.5538
1.61983
1.69605
1.43366
1.2252
1.16764
1.16064
1.15921
1.15895
1.15886
1.15865
1.15862
1.15862
1.15862
1.15862
1.15862
1.15862
1.3318
1.3327
1.33517
1.338
1.34094
1.34616
1.35166
1.3523
1.36324
1.39058
1.42659
1.45706
1.47783
1.48835
1.50733
1.5314
1.59183
1.66492
1.53122
1.25966
1.17087
1.16096
1.15927
1.15901
1.15896
1.15865
1.15863
1.15861
1.15862
1.15862
1.15862
1.15862
1.3573
1.34538
1.32771
1.308
1.28576
1.27184
1.27389
1.29299
1.31709
1.35663
1.39815
1.43253
1.45216
1.46361
1.48175
1.5069
1.5445
1.61908
1.55841
1.28791
1.17638
1.16169
1.15942
1.15906
1.15906
1.15866
1.15862
1.15862
1.15862
1.15862
1.15863
1.15862
0.982893
0.982626
0.984821
0.993847
1.00651
1.03584
1.07016
1.12485
1.1867
1.25455
1.32157
1.37096
1.40595
1.42567
1.4509
1.47389
1.51121
1.57141
1.55484
1.37839
1.18666
1.16261
1.15962
1.15917
1.15908
1.15865
1.15861
1.15863
1.15862
1.15862
1.15862
1.15862
1.01851
1.01811
1.01754
1.01697
1.01715
1.01868
1.02422
1.03914
1.06514
1.11762
1.19671
1.2613
1.33295
1.37115
1.40572
1.44186
1.4806
1.51177
1.55169
1.4278
1.20509
1.16457
1.16002
1.15935
1.15912
1.15864
1.15863
1.15863
1.15863
1.15863
1.15861
1.15862
1.04197
1.0417
1.04145
1.041
1.04017
1.0392
1.03906
1.04044
1.04527
1.06047
1.09317
1.16283
1.23264
1.29689
1.34495
1.39229
1.43602
1.45964
1.55178
1.50749
1.23632
1.16753
1.16045
1.15952
1.15915
1.15866
1.15862
1.1586
1.15862
1.15862
1.15862
1.15862
1.04923
1.04919
1.04914
1.04904
1.04885
1.0484
1.04733
1.0468
1.04782
1.05015
1.05855
1.085
1.13878
1.2037
1.26459
1.32876
1.38094
1.40932
1.53959
1.50975
1.33537
1.17468
1.16135
1.15975
1.15916
1.15865
1.15861
1.1586
1.15861
1.15862
1.15863
1.15862
1.05612
1.05612
1.0561
1.05598
1.05593
1.05565
1.05512
1.05385
1.053
1.05385
1.0565
1.06194
1.07977
1.12339
1.18429
1.25077
1.32558
1.35592
1.49902
1.49956
1.36059
1.18555
1.16275
1.15997
1.15914
1.1586
1.15862
1.15864
1.15862
1.15864
1.15863
1.15862
1.05188
1.05186
1.05186
1.05184
1.0518
1.05168
1.05147
1.05091
1.04945
1.04842
1.04916
1.05184
1.05597
1.06945
1.10735
1.17381
1.2545
1.2862
1.42792
1.48654
1.43261
1.21056
1.16464
1.16024
1.15913
1.15865
1.15862
1.15866
1.15864
1.15862
1.1586
1.15862
1.03971
1.03967
1.03967
1.03962
1.03956
1.03945
1.03922
1.03882
1.03819
1.03776
1.03822
1.04
1.04304
1.04965
1.06495
1.10451
1.18742
1.21446
1.35234
1.45365
1.42998
1.2325
1.16826
1.16068
1.15913
1.15866
1.15863
1.15862
1.15862
1.1586
1.15861
1.15862
1.03238
1.0324
1.0324
1.03241
1.03242
1.03242
1.03242
1.0324
1.03238
1.0325
1.03291
1.03427
1.03702
1.04164
1.04937
1.06593
1.10565
1.14909
1.27658
1.41949
1.42332
1.30928
1.1727
1.16102
1.15913
1.1586
1.15863
1.15857
1.1586
1.15864
1.15864
1.15862
1.03006
1.03006
1.03006
1.03006
1.03007
1.03007
1.03008
1.0301
1.03014
1.03027
1.03064
1.0316
1.03343
1.0363
1.04075
1.04745
1.05902
1.08622
1.20691
1.34695
1.39872
1.31283
1.17974
1.16178
1.15912
1.15867
1.1586
1.15856
1.15863
1.15865
1.15864
1.15862
1.04787
1.04787
1.04787
1.04787
1.04787
1.04786
1.04783
1.04778
1.04771
1.04762
1.04764
1.04791
1.04864
1.05004
1.05235
1.05617
1.06432
1.08641
1.15205
1.26901
1.34207
1.30739
1.19133
1.1627
1.15914
1.15869
1.15859
1.15868
1.15863
1.1586
1.1586
1.15862
1.06385
1.06385
1.06385
1.06385
1.06383
1.06381
1.06377
1.0637
1.06357
1.06334
1.0631
1.06298
1.06301
1.06326
1.06417
1.0669
1.07233
1.08641
1.11772
1.19227
1.28747
1.30729
1.21354
1.16352
1.15912
1.15858
1.15866
1.15874
1.15861
1.15859
1.15859
1.15861
1.12745
1.12743
1.12741
1.12739
1.12733
1.12725
1.12709
1.12685
1.12641
1.12567
1.12432
1.12202
1.1193
1.11799
1.11822
1.11879
1.12254
1.12794
1.15433
1.19077
1.25581
1.28811
1.21767
1.16389
1.15912
1.15857
1.15871
1.15865
1.15867
1.15858
1.15864
1.15863
1.1807
1.1807
1.18068
1.18067
1.18062
1.18058
1.18045
1.18028
1.17992
1.17934
1.17831
1.1766
1.17409
1.17055
1.16779
1.1674
1.16776
1.16916
1.16999
1.2007
1.23187
1.24455
1.22051
1.16513
1.1593
1.1587
1.15854
1.15849
1.1586
1.15864
1.15866
1.15864
1.16127
1.16128
1.16128
1.16129
1.16131
1.16133
1.16137
1.16142
1.16153
1.16166
1.16184
1.16197
1.16205
1.16212
1.16219
1.16228
1.16243
1.16294
1.16275
1.17438
1.18396
1.1883
1.18773
1.16572
1.1591
1.15886
1.15855
1.15858
1.15854
1.15869
1.1586
1.1586
1.14375
1.14375
1.14375
1.14376
1.14376
1.14379
1.1438
1.14385
1.14391
1.14407
1.14433
1.14478
1.14553
1.14635
1.14692
1.14743
1.14844
1.15194
1.15492
1.15744
1.15962
1.1641
1.16584
1.16283
1.15917
1.1586
1.15881
1.15876
1.15867
1.15863
1.15859
1.1586
1.15283
1.15283
1.15283
1.15283
1.15283
1.15283
1.15283
1.15283
1.15283
1.15285
1.15289
1.15302
1.15337
1.15412
1.15539
1.15608
1.15667
1.15722
1.15759
1.15801
1.15892
1.15978
1.15978
1.15954
1.15909
1.15865
1.15851
1.15869
1.1587
1.15855
1.15866
1.15865
1.15788
1.15788
1.15788
1.15789
1.15789
1.15789
1.15789
1.15791
1.15792
1.15797
1.15808
1.15822
1.15833
1.1584
1.15841
1.15842
1.15843
1.15846
1.15849
1.15855
1.15864
1.15871
1.15876
1.15875
1.15872
1.15866
1.15863
1.15853
1.15852
1.15862
1.15864
1.15864
1.15855
1.15855
1.15855
1.15855
1.15855
1.15855
1.15856
1.15856
1.15856
1.15857
1.15858
1.15859
1.1586
1.1586
1.1586
1.1586
1.15859
1.15859
1.1586
1.1586
1.15861
1.15862
1.15863
1.15864
1.15864
1.15864
1.15862
1.15863
1.15864
1.15871
1.15859
1.15859
1.15863
1.15863
1.15863
1.15863
1.15863
1.15863
1.15863
1.15864
1.15864
1.15864
1.15864
1.15864
1.15864
1.15864
1.15863
1.15863
1.15863
1.15863
1.15863
1.15863
1.15863
1.15863
1.15863
1.15863
1.15863
1.15863
1.15862
1.15862
1.15862
1.15857
1.15864
1.1586
1.15862
1.15862
1.15862
1.15862
1.15862
1.15863
1.15863
1.15863
1.15863
1.15863
1.15864
1.15864
1.15864
1.15864
1.15863
1.15863
1.15862
1.15862
1.15862
1.15862
1.15862
1.15862
1.15862
1.15862
1.15862
1.15862
1.15862
1.15862
1.15862
1.15862
1.15861
1.15866
1.1586
1.1586
1.1586
1.1586
1.1586
1.1586
1.1586
1.1586
1.1586
1.1586
1.1586
1.1586
1.1586
1.1586
1.1586
1.15861
1.15862
1.15862
1.15862
1.15862
1.15863
1.15863
1.15862
1.15862
1.15862
1.15862
1.15862
1.15862
1.15862
1.15862
1.15862
1.15861
1.15863
1.15863
1.15863
1.15863
1.15863
1.15863
1.15863
1.15863
1.15863
1.15863
1.15863
1.15863
1.15863
1.15863
1.15863
1.15862
1.15862
1.15862
1.15862
1.15861
1.15861
1.15862
1.15862
1.15862
1.15862
1.15862
1.15862
1.15862
1.15862
1.15862
1.15862
1.15862
1.15861
1.15861
1.15861
1.15861
1.15861
1.15861
1.15861
1.15861
1.15861
1.15861
1.15861
1.15861
1.15861
1.15862
1.15862
1.15862
1.15862
1.15862
1.15863
1.15863
1.15862
1.15862
1.15862
1.15862
1.15862
1.15862
1.15862
1.15862
1.15862
1.15862
1.15862
1.15862
1.15863
1.15863
1.15863
1.15863
1.15863
1.15863
1.15863
1.15863
1.15863
1.15863
1.15863
1.15863
1.15863
1.15863
1.15863
1.15863
1.15863
1.15863
1.15863
1.15863
1.15863
1.15862
1.15862
1.15862
1.15862
1.15862
1.15862
1.15862
1.15862
1.15862
1.15862
1.15862
)
;

boundaryField
{
    QUAD_bdy____1
    {
        type            empty;
    }
    QUAD_bdy____2
    {
        type            empty;
    }
    QUAD_bdy____3
    {
        type            calculated;
        value           uniform 1.15862;
    }
    QUAD_bdy____4
    {
        type            calculated;
        value           uniform 1.15862;
    }
    QUAD_bdy____5
    {
        type            calculated;
        value           nonuniform List<scalar> 
64
(
0.54535
0.499977
0.44258
0.413045
0.39648
0.384925
0.37911
0.378959
0.387529
0.392346
0.386505
0.414391
0.46551
0.493792
0.511884
0.579675
0.600527
0.673761
0.755328
0.853893
0.975043
1.08372
1.1976
1.30557
1.43925
1.60032
1.78317
1.97421
2.15571
2.29709
2.40329
2.4757
2.53787
2.60335
2.67889
2.7629
2.82245
2.84363
2.79142
2.69432
2.5612
2.41896
2.29325
2.15465
2.02599
1.91758
1.82004
1.72552
1.62426
1.53078
1.45766
1.40945
1.40014
1.40465
1.40912
1.4156
1.41639
1.41574
1.41271
1.40662
1.39708
1.37352
1.3318
1.3573
)
;
    }
    QUAD_bdy____6
    {
        type            calculated;
        value           nonuniform List<scalar> 
112
(
1.15862
1.15862
1.15862
1.15861
1.15864
1.1586
1.15861
1.15865
1.15862
1.15859
1.15861
1.15865
1.15864
1.15862
1.1586
1.15861
1.15864
1.15864
1.15861
1.15861
1.15863
1.15862
1.15861
1.15862
1.15862
1.15862
1.15862
1.15862
1.15862
1.15862
1.15862
1.15862
1.15862
1.15862
1.15862
1.15862
1.15862
1.15862
1.15862
1.15862
1.15862
1.15862
1.15862
1.15862
1.15862
1.15862
1.15862
1.15862
1.15862
1.15862
1.15862
1.15862
1.15862
1.15862
1.15862
1.15862
1.15862
1.15862
1.15862
1.15862
1.15862
1.15862
1.15862
1.15862
1.15862
1.15862
1.15862
1.15862
1.15862
1.15862
1.15862
1.15862
1.15862
1.15862
1.15862
1.15862
1.15862
1.15862
1.15862
1.15862
1.15862
1.15862
1.15862
1.15862
1.15862
1.15862
1.15862
1.15862
1.15862
1.15862
1.15863
1.15862
1.15862
1.15862
1.15863
1.15862
1.15862
1.15862
1.15861
1.15863
1.15864
1.15859
1.1586
1.15866
1.15865
1.15858
1.15859
1.15868
1.15861
1.15862
1.15862
1.15862
)
;
    }
}


// ************************************************************************* //
