/*--------------------------------*- C++ -*----------------------------------*\
| =========                 |                                                 |
| \\      /  F ield         | OpenFOAM: The Open Source CFD Toolbox           |
|  \\    /   O peration     | Version:  2312                                  |
|   \\  /    A nd           | Website:  www.openfoam.com                      |
|    \\/     M anipulation  |                                                 |
\*---------------------------------------------------------------------------*/
FoamFile
{
    version     2.0;
    format      ascii;
    arch        "LSB;label=64;scalar=64";
    class       volVectorField;
    location    "0.1";
    object      U;
}
// * * * * * * * * * * * * * * * * * * * * * * * * * * * * * * * * * * * * * //

dimensions      [0 1 -1 0 0 0 0];

internalField   nonuniform List<vector> 
100
(
(88.9093 0.000489411 0)
(90.5699 0.000489411 2.18865e-15)
(91.9347 0.000489408 0)
(93.2113 0.000489415 -2.37594e-15)
(94.612 0.000489441 0)
(96.0436 0.000489427 -2.43895e-15)
(97.5124 0.000489378 0)
(99.0321 0.00048949 -2.50856e-15)
(100.601 0.000489427 -2.54568e-15)
(102.221 0.000489317 -2.58365e-15)
(103.897 0.000489544 0)
(105.63 0.000489491 -2.66303e-15)
(107.423 0.000489072 0)
(109.281 0.000489814 0)
(111.207 0.000489416 -2.79155e-15)
(113.204 0.000488713 0)
(115.277 0.000490516 -5.76839e-15)
(117.43 0.000488764 0)
(119.669 0.0004887 -2.98306e-15)
(121.999 0.000491539 -3.03501e-15)
(124.426 0.000487032 -3.08875e-15)
(126.956 0.000490012 0)
(129.597 0.000492161 -3.20197e-15)
(132.356 0.000483518 0)
(135.242 0.000495862 -3.32352e-15)
(138.264 0.000486519 0)
(141.434 0.000485183 0)
(144.762 0.000501511 0)
(148.262 0.000472858 -3.59527e-15)
(151.95 0.000503522 0)
(155.84 0.000485877 -3.7476e-15)
(159.954 0.000476556 0)
(164.312 0.00051919 0)
(168.938 0.000449201 0)
(173.863 0.000527513 -4.09138e-15)
(179.118 0.000469173 -4.18648e-15)
(184.745 0.000477915 0)
(190.789 0.000540849 0)
(197.307 0.000394435 0)
(204.368 0.000617885 0)
(212.057 0.000419077 0)
(220.484 0.000401276 0)
(229.79 -6.60182e-05 0)
(240.166 0.003029 0)
(251.881 0.00408069 5.23031e-15)
(265.34 -0.0280531 0)
(281.204 -0.00450324 -5.48678e-15)
(300.701 0.230776 0)
(326.499 -0.207095 0)
(366.084 -1.29054 0)
(436.551 3.88184 0)
(489.951 0.650629 0)
(520.958 -4.46711 0)
(541.349 -1.14807 4.41846e-15)
(558.118 -1.01617 0)
(572.416 0.82465 3.87417e-15)
(585.093 2.95041 0)
(595.982 1.14847 0)
(606.229 1.33589 0)
(615.433 -0.338217 0)
(623.966 -1.90725 0)
(631.659 -1.07762 0)
(639.141 -1.80923 0)
(645.81 -0.225054 0)
(652.201 0.687699 2.563e-15)
(658.199 0.794445 0)
(664.013 1.82759 2.36208e-15)
(669.171 0.662334 0)
(674.312 0.463703 2.20677e-15)
(679.143 -0.286612 0)
(683.786 -1.20879 0)
(688.053 -0.789253 0)
(692.431 -1.11659 1.94121e-15)
(696.012 -0.322008 0)
(701.833 0.373306 1.50771e-15)
(700.509 0.639397 0)
(528.437 -2.40071 2.13144e-15)
(271.722 0.280478 0)
(225.615 11.925 -3.17663e-15)
(220.135 3.41747 0)
(214.522 -4.80875 5.86845e-15)
(208.854 -8.3708 0)
(204.137 -6.64245 2.79214e-15)
(200.395 -1.78904 2.74933e-15)
(197.014 3.55575 -2.74203e-15)
(193.033 5.21644 2.69491e-15)
(189.691 3.39297 0)
(186.742 -0.314994 0)
(182.996 -2.97973 2.58498e-15)
(178.978 -2.70895 0)
(175.333 -0.493627 2.512e-15)
(171.747 1.55105 2.48924e-15)
(168.323 1.70186 2.45524e-15)
(165.49 0.306581 0)
(162.679 -0.949727 2.38427e-15)
(159.912 -0.813476 2.35136e-15)
(157.515 0.139287 2.32465e-15)
(155.472 0.497961 0)
(154.028 0.0550777 -2.19924e-15)
(151.674 -0.0386166 0)
)
;

boundaryField
{
    inlet
    {
        type            zeroGradient;
    }
    outlet
    {
        type            zeroGradient;
    }
    upperWall
    {
        type            slip;
    }
    lowerWall
    {
        type            slip;
    }
    frontAndBack
    {
        type            empty;
    }
}


// ************************************************************************* //
