/*--------------------------------*- C++ -*----------------------------------*\
| =========                 |                                                 |
| \\      /  F ield         | OpenFOAM: The Open Source CFD Toolbox           |
|  \\    /   O peration     | Version:  2312                                  |
|   \\  /    A nd           | Website:  www.openfoam.com                      |
|    \\/     M anipulation  |                                                 |
\*---------------------------------------------------------------------------*/
FoamFile
{
    version     2.0;
    format      ascii;
    arch        "LSB;label=64;scalar=64";
    note        "nPoints:10762  nCells:5100  nFaces:20680  nInternalFaces:9920";
    class       labelList;
    location    "constant/polyMesh";
    object      neighbour;
}
// * * * * * * * * * * * * * * * * * * * * * * * * * * * * * * * * * * * * * //


9920
(
1
250
2
251
3
252
4
253
5
254
6
255
7
256
8
257
9
258
10
259
11
260
12
261
13
262
14
263
15
264
16
265
17
266
18
267
19
268
20
269
21
270
22
271
23
272
24
273
25
274
26
275
27
276
28
277
29
278
30
279
31
280
32
281
33
282
34
283
35
284
36
285
37
286
38
287
39
288
40
289
41
290
42
291
43
292
44
293
45
294
46
295
47
296
48
297
49
298
50
299
51
300
52
301
53
302
54
303
55
304
56
305
57
306
58
307
59
308
60
309
61
310
62
311
63
312
64
313
65
314
66
315
67
316
68
317
69
318
70
319
71
320
72
321
73
322
74
323
75
324
76
325
77
326
78
327
79
328
80
329
81
330
82
331
83
332
84
333
85
334
86
335
87
336
88
337
89
338
90
339
91
340
92
341
93
342
94
343
95
344
96
345
97
346
98
347
99
348
100
349
101
350
102
351
103
352
104
353
105
354
106
355
107
356
108
357
109
358
110
359
111
360
112
361
113
362
114
363
115
364
116
365
117
366
118
367
119
368
120
369
121
370
122
371
123
372
124
373
125
374
126
375
127
376
128
377
129
378
130
379
131
380
132
381
133
382
134
383
135
384
136
385
137
386
138
387
139
388
140
389
141
390
142
391
143
392
144
393
145
394
146
395
147
396
148
397
149
398
150
399
151
400
152
401
153
402
154
403
155
404
156
405
157
406
158
407
159
408
160
409
161
410
162
411
163
412
164
413
165
414
166
415
167
416
168
417
169
418
170
419
171
420
172
421
173
422
174
423
175
424
176
425
177
426
178
427
179
428
180
429
181
430
182
431
183
432
184
433
185
434
186
435
187
436
188
437
189
438
190
439
191
440
192
441
193
442
194
443
195
444
196
445
197
446
198
447
199
448
200
449
201
450
202
451
203
452
204
453
205
454
206
455
207
456
208
457
209
458
210
459
211
460
212
461
213
462
214
463
215
464
216
465
217
466
218
467
219
468
220
469
221
470
222
471
223
472
224
473
225
474
226
475
227
476
228
477
229
478
230
479
231
480
232
481
233
482
234
483
235
484
236
485
237
486
238
487
239
488
240
489
241
490
242
491
243
492
244
493
245
494
246
495
247
496
248
497
249
498
499
251
500
252
501
253
502
254
503
255
504
256
505
257
506
258
507
259
508
260
509
261
510
262
511
263
512
264
513
265
514
266
515
267
516
268
517
269
518
270
519
271
520
272
521
273
522
274
523
275
524
276
525
277
526
278
527
279
528
280
529
281
530
282
531
283
532
284
533
285
534
286
535
287
536
288
537
289
538
290
539
291
540
292
541
293
542
294
543
295
544
296
545
297
546
298
547
299
548
300
549
301
550
302
551
303
552
304
553
305
554
306
555
307
556
308
557
309
558
310
559
311
560
312
561
313
562
314
563
315
564
316
565
317
566
318
567
319
568
320
569
321
570
322
571
323
572
324
573
325
574
326
575
327
576
328
577
329
578
330
579
331
580
332
581
333
582
334
583
335
584
336
585
337
586
338
587
339
588
340
589
341
590
342
591
343
592
344
593
345
594
346
595
347
596
348
597
349
598
350
599
351
600
352
601
353
602
354
603
355
604
356
605
357
606
358
607
359
608
360
609
361
610
362
611
363
612
364
613
365
614
366
615
367
616
368
617
369
618
370
619
371
620
372
621
373
622
374
623
375
624
376
625
377
626
378
627
379
628
380
629
381
630
382
631
383
632
384
633
385
634
386
635
387
636
388
637
389
638
390
639
391
640
392
641
393
642
394
643
395
644
396
645
397
646
398
647
399
648
400
649
401
650
402
651
403
652
404
653
405
654
406
655
407
656
408
657
409
658
410
659
411
660
412
661
413
662
414
663
415
664
416
665
417
666
418
667
419
668
420
669
421
670
422
671
423
672
424
673
425
674
426
675
427
676
428
677
429
678
430
679
431
680
432
681
433
682
434
683
435
684
436
685
437
686
438
687
439
688
440
689
441
690
442
691
443
692
444
693
445
694
446
695
447
696
448
697
449
698
450
699
451
700
452
701
453
702
454
703
455
704
456
705
457
706
458
707
459
708
460
709
461
710
462
711
463
712
464
713
465
714
466
715
467
716
468
717
469
718
470
719
471
720
472
721
473
722
474
723
475
724
476
725
477
726
478
727
479
728
480
729
481
730
482
731
483
732
484
733
485
734
486
735
487
736
488
737
489
738
490
739
491
740
492
741
493
742
494
743
495
744
496
745
497
746
498
747
499
748
749
501
750
502
751
503
752
504
753
505
754
506
755
507
756
508
757
509
758
510
759
511
760
512
761
513
762
514
763
515
764
516
765
517
766
518
767
519
768
520
769
521
770
522
771
523
772
524
773
525
774
526
775
527
776
528
777
529
778
530
779
531
780
532
781
533
782
534
783
535
784
536
785
537
786
538
787
539
788
540
789
541
790
542
791
543
792
544
793
545
794
546
795
547
796
548
797
549
798
550
799
551
800
552
801
553
802
554
803
555
804
556
805
557
806
558
807
559
808
560
809
561
810
562
811
563
812
564
813
565
814
566
815
567
816
568
817
569
818
570
819
571
820
572
821
573
822
574
823
575
824
576
825
577
826
578
827
579
828
580
829
581
830
582
831
583
832
584
833
585
834
586
835
587
836
588
837
589
838
590
839
591
840
592
841
593
842
594
843
595
844
596
845
597
846
598
847
599
848
600
849
601
850
602
851
603
852
604
853
605
854
606
855
607
856
608
857
609
858
610
859
611
860
612
861
613
862
614
863
615
864
616
865
617
866
618
867
619
868
620
869
621
870
622
871
623
872
624
873
625
874
626
875
627
876
628
877
629
878
630
879
631
880
632
881
633
882
634
883
635
884
636
885
637
886
638
887
639
888
640
889
641
890
642
891
643
892
644
893
645
894
646
895
647
896
648
897
649
898
650
899
651
900
652
901
653
902
654
903
655
904
656
905
657
906
658
907
659
908
660
909
661
910
662
911
663
912
664
913
665
914
666
915
667
916
668
917
669
918
670
919
671
920
672
921
673
922
674
923
675
924
676
925
677
926
678
927
679
928
680
929
681
930
682
931
683
932
684
933
685
934
686
935
687
936
688
937
689
938
690
939
691
940
692
941
693
942
694
943
695
944
696
945
697
946
698
947
699
948
700
949
701
950
702
951
703
952
704
953
705
954
706
955
707
956
708
957
709
958
710
959
711
960
712
961
713
962
714
963
715
964
716
965
717
966
718
967
719
968
720
969
721
970
722
971
723
972
724
973
725
974
726
975
727
976
728
977
729
978
730
979
731
980
732
981
733
982
734
983
735
984
736
985
737
986
738
987
739
988
740
989
741
990
742
991
743
992
744
993
745
994
746
995
747
996
748
997
749
998
999
751
1000
752
1001
753
1002
754
1003
755
1004
756
1005
757
1006
758
1007
759
1008
760
1009
761
1010
762
1011
763
1012
764
1013
765
1014
766
1015
767
1016
768
1017
769
1018
770
1019
771
1020
772
1021
773
1022
774
1023
775
1024
776
1025
777
1026
778
1027
779
1028
780
1029
781
1030
782
1031
783
1032
784
1033
785
1034
786
1035
787
1036
788
1037
789
1038
790
1039
791
1040
792
1041
793
1042
794
1043
795
1044
796
1045
797
1046
798
1047
799
1048
800
1049
801
1050
802
1051
803
1052
804
1053
805
1054
806
1055
807
1056
808
1057
809
1058
810
1059
811
1060
812
1061
813
1062
814
1063
815
1064
816
1065
817
1066
818
1067
819
1068
820
1069
821
1070
822
1071
823
1072
824
1073
825
1074
826
1075
827
1076
828
1077
829
1078
830
1079
831
1080
832
1081
833
1082
834
1083
835
1084
836
1085
837
1086
838
1087
839
1088
840
1089
841
1090
842
1091
843
1092
844
1093
845
1094
846
1095
847
1096
848
1097
849
1098
850
1099
851
1100
852
1101
853
1102
854
1103
855
1104
856
1105
857
1106
858
1107
859
1108
860
1109
861
1110
862
1111
863
1112
864
1113
865
1114
866
1115
867
1116
868
1117
869
1118
870
1119
871
1120
872
1121
873
1122
874
1123
875
1124
876
1125
877
1126
878
1127
879
1128
880
1129
881
1130
882
1131
883
1132
884
1133
885
1134
886
1135
887
1136
888
1137
889
1138
890
1139
891
1140
892
1141
893
1142
894
1143
895
1144
896
1145
897
1146
898
1147
899
1148
900
1149
901
1150
902
1151
903
1152
904
1153
905
1154
906
1155
907
1156
908
1157
909
1158
910
1159
911
1160
912
1161
913
1162
914
1163
915
1164
916
1165
917
1166
918
1167
919
1168
920
1169
921
1170
922
1171
923
1172
924
1173
925
1174
926
1175
927
1176
928
1177
929
1178
930
1179
931
1180
932
1181
933
1182
934
1183
935
1184
936
1185
937
1186
938
1187
939
1188
940
1189
941
1190
942
1191
943
1192
944
1193
945
1194
946
1195
947
1196
948
1197
949
1198
950
1199
951
1200
952
1201
953
1202
954
1203
955
1204
956
1205
957
1206
958
1207
959
1208
960
1209
961
1210
962
1211
963
1212
964
1213
965
1214
966
1215
967
1216
968
1217
969
1218
970
1219
971
1220
972
1221
973
1222
974
1223
975
1224
976
1225
977
1226
978
1227
979
1228
980
1229
981
1230
982
1231
983
1232
984
1233
985
1234
986
1235
987
1236
988
1237
989
1238
990
1239
991
1240
992
1241
993
1242
994
1243
995
1244
996
1245
997
1246
998
1247
999
1248
1249
1001
1250
1002
1251
1003
1252
1004
1253
1005
1254
1006
1255
1007
1256
1008
1257
1009
1258
1010
1259
1011
1260
1012
1261
1013
1262
1014
1263
1015
1264
1016
1265
1017
1266
1018
1267
1019
1268
1020
1269
1021
1270
1022
1271
1023
1272
1024
1273
1025
1274
1026
1275
1027
1276
1028
1277
1029
1278
1030
1279
1031
1280
1032
1281
1033
1282
1034
1283
1035
1284
1036
1285
1037
1286
1038
1287
1039
1288
1040
1289
1041
1290
1042
1291
1043
1292
1044
1293
1045
1294
1046
1295
1047
1296
1048
1297
1049
1298
1050
1299
1051
1300
1052
1301
1053
1302
1054
1303
1055
1304
1056
1305
1057
1306
1058
1307
1059
1308
1060
1309
1061
1310
1062
1311
1063
1312
1064
1313
1065
1314
1066
1315
1067
1316
1068
1317
1069
1318
1070
1319
1071
1320
1072
1321
1073
1322
1074
1323
1075
1324
1076
1325
1077
1326
1078
1327
1079
1328
1080
1329
1081
1330
1082
1331
1083
1332
1084
1333
1085
1334
1086
1335
1087
1336
1088
1337
1089
1338
1090
1339
1091
1340
1092
1341
1093
1342
1094
1343
1095
1344
1096
1345
1097
1346
1098
1347
1099
1348
1100
1349
1101
1350
1102
1351
1103
1352
1104
1353
1105
1354
1106
1355
1107
1356
1108
1357
1109
1358
1110
1359
1111
1360
1112
1361
1113
1362
1114
1363
1115
1364
1116
1365
1117
1366
1118
1367
1119
1368
1120
1369
1121
1370
1122
1371
1123
1372
1124
1373
1125
1374
1126
1375
1127
1376
1128
1377
1129
1378
1130
1379
1131
1380
1132
1381
1133
1382
1134
1383
1135
1384
1136
1385
1137
1386
1138
1387
1139
1388
1140
1389
1141
1390
1142
1391
1143
1392
1144
1393
1145
1394
1146
1395
1147
1396
1148
1397
1149
1398
1150
1399
1151
1400
1152
1401
1153
1402
1154
1403
1155
1404
1156
1405
1157
1406
1158
1407
1159
1408
1160
1409
1161
1410
1162
1411
1163
1412
1164
1413
1165
1414
1166
1415
1167
1416
1168
1417
1169
1418
1170
1419
1171
1420
1172
1421
1173
1422
1174
1423
1175
1424
1176
1425
1177
1426
1178
1427
1179
1428
1180
1429
1181
1430
1182
1431
1183
1432
1184
1433
1185
1434
1186
1435
1187
1436
1188
1437
1189
1438
1190
1439
1191
1440
1192
1441
1193
1442
1194
1443
1195
1444
1196
1445
1197
1446
1198
1447
1199
1448
1200
1449
1201
1450
1202
1451
1203
1452
1204
1453
1205
1454
1206
1455
1207
1456
1208
1457
1209
1458
1210
1459
1211
1460
1212
1461
1213
1462
1214
1463
1215
1464
1216
1465
1217
1466
1218
1467
1219
1468
1220
1469
1221
1470
1222
1471
1223
1472
1224
1473
1225
1474
1226
1475
1227
1476
1228
1477
1229
1478
1230
1479
1231
1480
1232
1481
1233
1482
1234
1483
1235
1484
1236
1485
1237
1486
1238
1487
1239
1488
1240
1489
1241
1490
1242
1491
1243
1492
1244
1493
1245
1494
1246
1495
1247
1496
1248
1497
1249
1498
1499
1251
1500
1252
1501
1253
1502
1254
1503
1255
1504
1256
1505
1257
1506
1258
1507
1259
1508
1260
1509
1261
1510
1262
1511
1263
1512
1264
1513
1265
1514
1266
1515
1267
1516
1268
1517
1269
1518
1270
1519
1271
1520
1272
1521
1273
1522
1274
1523
1275
1524
1276
1525
1277
1526
1278
1527
1279
1528
1280
1529
1281
1530
1282
1531
1283
1532
1284
1533
1285
1534
1286
1535
1287
1536
1288
1537
1289
1538
1290
1539
1291
1540
1292
1541
1293
1542
1294
1543
1295
1544
1296
1545
1297
1546
1298
1547
1299
1548
1300
1549
1301
1550
1302
1551
1303
1552
1304
1553
1305
1554
1306
1555
1307
1556
1308
1557
1309
1558
1310
1559
1311
1560
1312
1561
1313
1562
1314
1563
1315
1564
1316
1565
1317
1566
1318
1567
1319
1568
1320
1569
1321
1570
1322
1571
1323
1572
1324
1573
1325
1574
1326
1575
1327
1576
1328
1577
1329
1578
1330
1579
1331
1580
1332
1581
1333
1582
1334
1583
1335
1584
1336
1585
1337
1586
1338
1587
1339
1588
1340
1589
1341
1590
1342
1591
1343
1592
1344
1593
1345
1594
1346
1595
1347
1596
1348
1597
1349
1598
1350
1599
1351
1600
1352
1601
1353
1602
1354
1603
1355
1604
1356
1605
1357
1606
1358
1607
1359
1608
1360
1609
1361
1610
1362
1611
1363
1612
1364
1613
1365
1614
1366
1615
1367
1616
1368
1617
1369
1618
1370
1619
1371
1620
1372
1621
1373
1622
1374
1623
1375
1624
1376
1625
1377
1626
1378
1627
1379
1628
1380
1629
1381
1630
1382
1631
1383
1632
1384
1633
1385
1634
1386
1635
1387
1636
1388
1637
1389
1638
1390
1639
1391
1640
1392
1641
1393
1642
1394
1643
1395
1644
1396
1645
1397
1646
1398
1647
1399
1648
1400
1649
1401
1650
1402
1651
1403
1652
1404
1653
1405
1654
1406
1655
1407
1656
1408
1657
1409
1658
1410
1659
1411
1660
1412
1661
1413
1662
1414
1663
1415
1664
1416
1665
1417
1666
1418
1667
1419
1668
1420
1669
1421
1670
1422
1671
1423
1672
1424
1673
1425
1674
1426
1675
1427
1676
1428
1677
1429
1678
1430
1679
1431
1680
1432
1681
1433
1682
1434
1683
1435
1684
1436
1685
1437
1686
1438
1687
1439
1688
1440
1689
1441
1690
1442
1691
1443
1692
1444
1693
1445
1694
1446
1695
1447
1696
1448
1697
1449
1698
1450
1699
1451
1700
1452
1701
1453
1702
1454
1703
1455
1704
1456
1705
1457
1706
1458
1707
1459
1708
1460
1709
1461
1710
1462
1711
1463
1712
1464
1713
1465
1714
1466
1715
1467
1716
1468
1717
1469
1718
1470
1719
1471
1720
1472
1721
1473
1722
1474
1723
1475
1724
1476
1725
1477
1726
1478
1727
1479
1728
1480
1729
1481
1730
1482
1731
1483
1732
1484
1733
1485
1734
1486
1735
1487
1736
1488
1737
1489
1738
1490
1739
1491
1740
1492
1741
1493
1742
1494
1743
1495
1744
1496
1745
1497
1746
1498
1747
1499
1748
1749
1501
1750
1502
1751
1503
1752
1504
1753
1505
1754
1506
1755
1507
1756
1508
1757
1509
1758
1510
1759
1511
1760
1512
1761
1513
1762
1514
1763
1515
1764
1516
1765
1517
1766
1518
1767
1519
1768
1520
1769
1521
1770
1522
1771
1523
1772
1524
1773
1525
1774
1526
1775
1527
1776
1528
1777
1529
1778
1530
1779
1531
1780
1532
1781
1533
1782
1534
1783
1535
1784
1536
1785
1537
1786
1538
1787
1539
1788
1540
1789
1541
1790
1542
1791
1543
1792
1544
1793
1545
1794
1546
1795
1547
1796
1548
1797
1549
1798
1550
1799
1551
1800
1552
1801
1553
1802
1554
1803
1555
1804
1556
1805
1557
1806
1558
1807
1559
1808
1560
1809
1561
1810
1562
1811
1563
1812
1564
1813
1565
1814
1566
1815
1567
1816
1568
1817
1569
1818
1570
1819
1571
1820
1572
1821
1573
1822
1574
1823
1575
1824
1576
1825
1577
1826
1578
1827
1579
1828
1580
1829
1581
1830
1582
1831
1583
1832
1584
1833
1585
1834
1586
1835
1587
1836
1588
1837
1589
1838
1590
1839
1591
1840
1592
1841
1593
1842
1594
1843
1595
1844
1596
1845
1597
1846
1598
1847
1599
1848
1600
1849
1601
1850
1602
1851
1603
1852
1604
1853
1605
1854
1606
1855
1607
1856
1608
1857
1609
1858
1610
1859
1611
1860
1612
1861
1613
1862
1614
1863
1615
1864
1616
1865
1617
1866
1618
1867
1619
1868
1620
1869
1621
1870
1622
1871
1623
1872
1624
1873
1625
1874
1626
1875
1627
1876
1628
1877
1629
1878
1630
1879
1631
1880
1632
1881
1633
1882
1634
1883
1635
1884
1636
1885
1637
1886
1638
1887
1639
1888
1640
1889
1641
1890
1642
1891
1643
1892
1644
1893
1645
1894
1646
1895
1647
1896
1648
1897
1649
1898
1650
1899
1651
1900
1652
1901
1653
1902
1654
1903
1655
1904
1656
1905
1657
1906
1658
1907
1659
1908
1660
1909
1661
1910
1662
1911
1663
1912
1664
1913
1665
1914
1666
1915
1667
1916
1668
1917
1669
1918
1670
1919
1671
1920
1672
1921
1673
1922
1674
1923
1675
1924
1676
1925
1677
1926
1678
1927
1679
1928
1680
1929
1681
1930
1682
1931
1683
1932
1684
1933
1685
1934
1686
1935
1687
1936
1688
1937
1689
1938
1690
1939
1691
1940
1692
1941
1693
1942
1694
1943
1695
1944
1696
1945
1697
1946
1698
1947
1699
1948
1700
1949
1701
1950
1702
1951
1703
1952
1704
1953
1705
1954
1706
1955
1707
1956
1708
1957
1709
1958
1710
1959
1711
1960
1712
1961
1713
1962
1714
1963
1715
1964
1716
1965
1717
1966
1718
1967
1719
1968
1720
1969
1721
1970
1722
1971
1723
1972
1724
1973
1725
1974
1726
1975
1727
1976
1728
1977
1729
1978
1730
1979
1731
1980
1732
1981
1733
1982
1734
1983
1735
1984
1736
1985
1737
1986
1738
1987
1739
1988
1740
1989
1741
1990
1742
1991
1743
1992
1744
1993
1745
1994
1746
1995
1747
1996
1748
1997
1749
1998
1999
1751
2000
1752
2001
1753
2002
1754
2003
1755
2004
1756
2005
1757
2006
1758
2007
1759
2008
1760
2009
1761
2010
1762
2011
1763
2012
1764
2013
1765
2014
1766
2015
1767
2016
1768
2017
1769
2018
1770
2019
1771
2020
1772
2021
1773
2022
1774
2023
1775
2024
1776
2025
1777
2026
1778
2027
1779
2028
1780
2029
1781
2030
1782
2031
1783
2032
1784
2033
1785
2034
1786
2035
1787
2036
1788
2037
1789
2038
1790
2039
1791
2040
1792
2041
1793
2042
1794
2043
1795
2044
1796
2045
1797
2046
1798
2047
1799
2048
1800
2049
1801
2050
1802
2051
1803
2052
1804
2053
1805
2054
1806
2055
1807
2056
1808
2057
1809
2058
1810
2059
1811
2060
1812
2061
1813
2062
1814
2063
1815
2064
1816
2065
1817
2066
1818
2067
1819
2068
1820
2069
1821
2070
1822
2071
1823
2072
1824
2073
1825
2074
1826
2075
1827
2076
1828
2077
1829
2078
1830
2079
1831
2080
1832
2081
1833
2082
1834
2083
1835
2084
1836
2085
1837
2086
1838
2087
1839
2088
1840
2089
1841
2090
1842
2091
1843
2092
1844
2093
1845
2094
1846
2095
1847
2096
1848
2097
1849
2098
1850
2099
1851
2100
1852
2101
1853
2102
1854
2103
1855
2104
1856
2105
1857
2106
1858
2107
1859
2108
1860
2109
1861
2110
1862
2111
1863
2112
1864
2113
1865
2114
1866
2115
1867
2116
1868
2117
1869
2118
1870
2119
1871
2120
1872
2121
1873
2122
1874
2123
1875
2124
1876
2125
1877
2126
1878
2127
1879
2128
1880
2129
1881
2130
1882
2131
1883
2132
1884
2133
1885
2134
1886
2135
1887
2136
1888
2137
1889
2138
1890
2139
1891
2140
1892
2141
1893
2142
1894
2143
1895
2144
1896
2145
1897
2146
1898
2147
1899
2148
1900
2149
1901
2150
1902
2151
1903
2152
1904
2153
1905
2154
1906
2155
1907
2156
1908
2157
1909
2158
1910
2159
1911
2160
1912
2161
1913
2162
1914
2163
1915
2164
1916
2165
1917
2166
1918
2167
1919
2168
1920
2169
1921
2170
1922
2171
1923
2172
1924
2173
1925
2174
1926
2175
1927
2176
1928
2177
1929
2178
1930
2179
1931
2180
1932
2181
1933
2182
1934
2183
1935
2184
1936
2185
1937
2186
1938
2187
1939
2188
1940
2189
1941
2190
1942
2191
1943
2192
1944
2193
1945
2194
1946
2195
1947
2196
1948
2197
1949
2198
1950
2199
1951
2200
1952
2201
1953
2202
1954
2203
1955
2204
1956
2205
1957
2206
1958
2207
1959
2208
1960
2209
1961
2210
1962
2211
1963
2212
1964
2213
1965
2214
1966
2215
1967
2216
1968
2217
1969
2218
1970
2219
1971
2220
1972
2221
1973
2222
1974
2223
1975
2224
1976
2225
1977
2226
1978
2227
1979
2228
1980
2229
1981
2230
1982
2231
1983
2232
1984
2233
1985
2234
1986
2235
1987
2236
1988
2237
1989
2238
1990
2239
1991
2240
1992
2241
1993
2242
1994
2243
1995
2244
1996
2245
1997
2246
1998
2247
1999
2248
2249
2001
2250
2002
2251
2003
2252
2004
2253
2005
2254
2006
2255
2007
2256
2008
2257
2009
2258
2010
2259
2011
2260
2012
2261
2013
2262
2014
2263
2015
2264
2016
2265
2017
2266
2018
2267
2019
2268
2020
2269
2021
2270
2022
2271
2023
2272
2024
2273
2025
2274
2026
2275
2027
2276
2028
2277
2029
2278
2030
2279
2031
2280
2032
2281
2033
2282
2034
2283
2035
2284
2036
2285
2037
2286
2038
2287
2039
2288
2040
2289
2041
2290
2042
2291
2043
2292
2044
2293
2045
2294
2046
2295
2047
2296
2048
2297
2049
2298
2050
2299
2051
2300
2052
2301
2053
2302
2054
2303
2055
2304
2056
2305
2057
2306
2058
2307
2059
2308
2060
2309
2061
2310
2062
2311
2063
2312
2064
2313
2065
2314
2066
2315
2067
2316
2068
2317
2069
2318
2070
2319
2071
2320
2072
2321
2073
2322
2074
2323
2075
2324
2076
2325
2077
2326
2078
2327
2079
2328
2080
2329
2081
2330
2082
2331
2083
2332
2084
2333
2085
2334
2086
2335
2087
2336
2088
2337
2089
2338
2090
2339
2091
2340
2092
2341
2093
2342
2094
2343
2095
2344
2096
2345
2097
2346
2098
2347
2099
2348
2100
2349
2101
2350
2102
2351
2103
2352
2104
2353
2105
2354
2106
2355
2107
2356
2108
2357
2109
2358
2110
2359
2111
2360
2112
2361
2113
2362
2114
2363
2115
2364
2116
2365
2117
2366
2118
2367
2119
2368
2120
2369
2121
2370
2122
2371
2123
2372
2124
2373
2125
2374
2126
2375
2127
2376
2128
2377
2129
2378
2130
2379
2131
2380
2132
2381
2133
2382
2134
2383
2135
2384
2136
2385
2137
2386
2138
2387
2139
2388
2140
2389
2141
2390
2142
2391
2143
2392
2144
2393
2145
2394
2146
2395
2147
2396
2148
2397
2149
2398
2150
2399
2151
2400
2152
2401
2153
2402
2154
2403
2155
2404
2156
2405
2157
2406
2158
2407
2159
2408
2160
2409
2161
2410
2162
2411
2163
2412
2164
2413
2165
2414
2166
2415
2167
2416
2168
2417
2169
2418
2170
2419
2171
2420
2172
2421
2173
2422
2174
2423
2175
2424
2176
2425
2177
2426
2178
2427
2179
2428
2180
2429
2181
2430
2182
2431
2183
2432
2184
2433
2185
2434
2186
2435
2187
2436
2188
2437
2189
2438
2190
2439
2191
2440
2192
2441
2193
2442
2194
2443
2195
2444
2196
2445
2197
2446
2198
2447
2199
2448
2200
2449
2201
2450
2202
2451
2203
2452
2204
2453
2205
2454
2206
2455
2207
2456
2208
2457
2209
2458
2210
2459
2211
2460
2212
2461
2213
2462
2214
2463
2215
2464
2216
2465
2217
2466
2218
2467
2219
2468
2220
2469
2221
2470
2222
2471
2223
2472
2224
2473
2225
2474
2226
2475
2227
2476
2228
2477
2229
2478
2230
2479
2231
2480
2232
2481
2233
2482
2234
2483
2235
2484
2236
2485
2237
2486
2238
2487
2239
2488
2240
2489
2241
2490
2242
2491
2243
2492
2244
2493
2245
2494
2246
2495
2247
2496
2248
2497
2249
2498
2499
2251
2600
2252
2601
2253
2602
2254
2603
2255
2604
2256
2605
2257
2606
2258
2607
2259
2608
2260
2609
2261
2610
2262
2611
2263
2612
2264
2613
2265
2614
2266
2615
2267
2616
2268
2617
2269
2618
2270
2619
2271
2620
2272
2621
2273
2622
2274
2623
2275
2624
2276
2625
2277
2626
2278
2627
2279
2628
2280
2629
2281
2630
2282
2631
2283
2632
2284
2633
2285
2634
2286
2635
2287
2636
2288
2637
2289
2638
2290
2639
2291
2640
2292
2641
2293
2642
2294
2643
2295
2644
2296
2645
2297
2646
2298
2647
2299
2648
2300
2649
2301
2650
2302
2651
2303
2652
2304
2653
2305
2654
2306
2655
2307
2656
2308
2657
2309
2658
2310
2659
2311
2660
2312
2661
2313
2662
2314
2663
2315
2664
2316
2665
2317
2666
2318
2667
2319
2668
2320
2669
2321
2670
2322
2671
2323
2672
2324
2673
2325
2674
2326
2675
2327
2676
2328
2677
2329
2678
2330
2679
2331
2680
2332
2681
2333
2682
2334
2683
2335
2684
2336
2685
2337
2686
2338
2687
2339
2688
2340
2689
2341
2690
2342
2691
2343
2692
2344
2693
2345
2694
2346
2695
2347
2696
2348
2697
2349
2698
2350
2699
2351
2700
2352
2701
2353
2702
2354
2703
2355
2704
2356
2705
2357
2706
2358
2707
2359
2708
2360
2709
2361
2710
2362
2711
2363
2712
2364
2713
2365
2714
2366
2715
2367
2716
2368
2717
2369
2718
2370
2719
2371
2720
2372
2721
2373
2722
2374
2723
2375
2724
2376
2725
2377
2726
2378
2727
2379
2728
2380
2729
2381
2730
2382
2731
2383
2732
2384
2733
2385
2734
2386
2735
2387
2736
2388
2737
2389
2738
2390
2739
2391
2740
2392
2741
2393
2742
2394
2743
2395
2744
2396
2745
2397
2746
2398
2747
2399
2748
2400
2749
2401
2750
2402
2751
2403
2752
2404
2753
2405
2754
2406
2755
2407
2756
2408
2757
2409
2758
2410
2759
2411
2760
2412
2761
2413
2762
2414
2763
2415
2764
2416
2765
2417
2766
2418
2767
2419
2768
2420
2769
2421
2770
2422
2771
2423
2772
2424
2773
2425
2774
2426
2775
2427
2776
2428
2777
2429
2778
2430
2779
2431
2780
2432
2781
2433
2782
2434
2783
2435
2784
2436
2785
2437
2786
2438
2787
2439
2788
2440
2789
2441
2790
2442
2791
2443
2792
2444
2793
2445
2794
2446
2795
2447
2796
2448
2797
2449
2798
2450
2799
2451
2800
2452
2801
2453
2802
2454
2803
2455
2804
2456
2805
2457
2806
2458
2807
2459
2808
2460
2809
2461
2810
2462
2811
2463
2812
2464
2813
2465
2814
2466
2815
2467
2816
2468
2817
2469
2818
2470
2819
2471
2820
2472
2821
2473
2822
2474
2823
2475
2824
2476
2825
2477
2826
2478
2827
2479
2828
2480
2829
2481
2830
2482
2831
2483
2832
2484
2833
2485
2834
2486
2835
2487
2836
2488
2837
2489
2838
2490
2839
2491
2840
2492
2841
2493
2842
2494
2843
2495
2844
2496
2845
2497
2846
2498
2847
2499
2848
2849
2501
2510
2502
2511
2503
2512
2504
2513
2505
2514
2506
2515
2507
2516
2508
2517
2509
2518
2519
2600
2511
2520
2512
2521
2513
2522
2514
2523
2515
2524
2516
2525
2517
2526
2518
2527
2519
2528
2529
2850
2521
2530
2522
2531
2523
2532
2524
2533
2525
2534
2526
2535
2527
2536
2528
2537
2529
2538
2539
3100
2531
2540
2532
2541
2533
2542
2534
2543
2535
2544
2536
2545
2537
2546
2538
2547
2539
2548
2549
3350
2541
2550
2542
2551
2543
2552
2544
2553
2545
2554
2546
2555
2547
2556
2548
2557
2549
2558
2559
3600
2551
2560
2552
2561
2553
2562
2554
2563
2555
2564
2556
2565
2557
2566
2558
2567
2559
2568
2569
3850
2561
2570
2562
2571
2563
2572
2564
2573
2565
2574
2566
2575
2567
2576
2568
2577
2569
2578
2579
4100
2571
2580
2572
2581
2573
2582
2574
2583
2575
2584
2576
2585
2577
2586
2578
2587
2579
2588
2589
4350
2581
2590
2582
2591
2583
2592
2584
2593
2585
2594
2586
2595
2587
2596
2588
2597
2589
2598
2599
4600
2591
2592
2593
2594
2595
2596
2597
2598
2599
4850
2601
2850
2602
2851
2603
2852
2604
2853
2605
2854
2606
2855
2607
2856
2608
2857
2609
2858
2610
2859
2611
2860
2612
2861
2613
2862
2614
2863
2615
2864
2616
2865
2617
2866
2618
2867
2619
2868
2620
2869
2621
2870
2622
2871
2623
2872
2624
2873
2625
2874
2626
2875
2627
2876
2628
2877
2629
2878
2630
2879
2631
2880
2632
2881
2633
2882
2634
2883
2635
2884
2636
2885
2637
2886
2638
2887
2639
2888
2640
2889
2641
2890
2642
2891
2643
2892
2644
2893
2645
2894
2646
2895
2647
2896
2648
2897
2649
2898
2650
2899
2651
2900
2652
2901
2653
2902
2654
2903
2655
2904
2656
2905
2657
2906
2658
2907
2659
2908
2660
2909
2661
2910
2662
2911
2663
2912
2664
2913
2665
2914
2666
2915
2667
2916
2668
2917
2669
2918
2670
2919
2671
2920
2672
2921
2673
2922
2674
2923
2675
2924
2676
2925
2677
2926
2678
2927
2679
2928
2680
2929
2681
2930
2682
2931
2683
2932
2684
2933
2685
2934
2686
2935
2687
2936
2688
2937
2689
2938
2690
2939
2691
2940
2692
2941
2693
2942
2694
2943
2695
2944
2696
2945
2697
2946
2698
2947
2699
2948
2700
2949
2701
2950
2702
2951
2703
2952
2704
2953
2705
2954
2706
2955
2707
2956
2708
2957
2709
2958
2710
2959
2711
2960
2712
2961
2713
2962
2714
2963
2715
2964
2716
2965
2717
2966
2718
2967
2719
2968
2720
2969
2721
2970
2722
2971
2723
2972
2724
2973
2725
2974
2726
2975
2727
2976
2728
2977
2729
2978
2730
2979
2731
2980
2732
2981
2733
2982
2734
2983
2735
2984
2736
2985
2737
2986
2738
2987
2739
2988
2740
2989
2741
2990
2742
2991
2743
2992
2744
2993
2745
2994
2746
2995
2747
2996
2748
2997
2749
2998
2750
2999
2751
3000
2752
3001
2753
3002
2754
3003
2755
3004
2756
3005
2757
3006
2758
3007
2759
3008
2760
3009
2761
3010
2762
3011
2763
3012
2764
3013
2765
3014
2766
3015
2767
3016
2768
3017
2769
3018
2770
3019
2771
3020
2772
3021
2773
3022
2774
3023
2775
3024
2776
3025
2777
3026
2778
3027
2779
3028
2780
3029
2781
3030
2782
3031
2783
3032
2784
3033
2785
3034
2786
3035
2787
3036
2788
3037
2789
3038
2790
3039
2791
3040
2792
3041
2793
3042
2794
3043
2795
3044
2796
3045
2797
3046
2798
3047
2799
3048
2800
3049
2801
3050
2802
3051
2803
3052
2804
3053
2805
3054
2806
3055
2807
3056
2808
3057
2809
3058
2810
3059
2811
3060
2812
3061
2813
3062
2814
3063
2815
3064
2816
3065
2817
3066
2818
3067
2819
3068
2820
3069
2821
3070
2822
3071
2823
3072
2824
3073
2825
3074
2826
3075
2827
3076
2828
3077
2829
3078
2830
3079
2831
3080
2832
3081
2833
3082
2834
3083
2835
3084
2836
3085
2837
3086
2838
3087
2839
3088
2840
3089
2841
3090
2842
3091
2843
3092
2844
3093
2845
3094
2846
3095
2847
3096
2848
3097
2849
3098
3099
2851
3100
2852
3101
2853
3102
2854
3103
2855
3104
2856
3105
2857
3106
2858
3107
2859
3108
2860
3109
2861
3110
2862
3111
2863
3112
2864
3113
2865
3114
2866
3115
2867
3116
2868
3117
2869
3118
2870
3119
2871
3120
2872
3121
2873
3122
2874
3123
2875
3124
2876
3125
2877
3126
2878
3127
2879
3128
2880
3129
2881
3130
2882
3131
2883
3132
2884
3133
2885
3134
2886
3135
2887
3136
2888
3137
2889
3138
2890
3139
2891
3140
2892
3141
2893
3142
2894
3143
2895
3144
2896
3145
2897
3146
2898
3147
2899
3148
2900
3149
2901
3150
2902
3151
2903
3152
2904
3153
2905
3154
2906
3155
2907
3156
2908
3157
2909
3158
2910
3159
2911
3160
2912
3161
2913
3162
2914
3163
2915
3164
2916
3165
2917
3166
2918
3167
2919
3168
2920
3169
2921
3170
2922
3171
2923
3172
2924
3173
2925
3174
2926
3175
2927
3176
2928
3177
2929
3178
2930
3179
2931
3180
2932
3181
2933
3182
2934
3183
2935
3184
2936
3185
2937
3186
2938
3187
2939
3188
2940
3189
2941
3190
2942
3191
2943
3192
2944
3193
2945
3194
2946
3195
2947
3196
2948
3197
2949
3198
2950
3199
2951
3200
2952
3201
2953
3202
2954
3203
2955
3204
2956
3205
2957
3206
2958
3207
2959
3208
2960
3209
2961
3210
2962
3211
2963
3212
2964
3213
2965
3214
2966
3215
2967
3216
2968
3217
2969
3218
2970
3219
2971
3220
2972
3221
2973
3222
2974
3223
2975
3224
2976
3225
2977
3226
2978
3227
2979
3228
2980
3229
2981
3230
2982
3231
2983
3232
2984
3233
2985
3234
2986
3235
2987
3236
2988
3237
2989
3238
2990
3239
2991
3240
2992
3241
2993
3242
2994
3243
2995
3244
2996
3245
2997
3246
2998
3247
2999
3248
3000
3249
3001
3250
3002
3251
3003
3252
3004
3253
3005
3254
3006
3255
3007
3256
3008
3257
3009
3258
3010
3259
3011
3260
3012
3261
3013
3262
3014
3263
3015
3264
3016
3265
3017
3266
3018
3267
3019
3268
3020
3269
3021
3270
3022
3271
3023
3272
3024
3273
3025
3274
3026
3275
3027
3276
3028
3277
3029
3278
3030
3279
3031
3280
3032
3281
3033
3282
3034
3283
3035
3284
3036
3285
3037
3286
3038
3287
3039
3288
3040
3289
3041
3290
3042
3291
3043
3292
3044
3293
3045
3294
3046
3295
3047
3296
3048
3297
3049
3298
3050
3299
3051
3300
3052
3301
3053
3302
3054
3303
3055
3304
3056
3305
3057
3306
3058
3307
3059
3308
3060
3309
3061
3310
3062
3311
3063
3312
3064
3313
3065
3314
3066
3315
3067
3316
3068
3317
3069
3318
3070
3319
3071
3320
3072
3321
3073
3322
3074
3323
3075
3324
3076
3325
3077
3326
3078
3327
3079
3328
3080
3329
3081
3330
3082
3331
3083
3332
3084
3333
3085
3334
3086
3335
3087
3336
3088
3337
3089
3338
3090
3339
3091
3340
3092
3341
3093
3342
3094
3343
3095
3344
3096
3345
3097
3346
3098
3347
3099
3348
3349
3101
3350
3102
3351
3103
3352
3104
3353
3105
3354
3106
3355
3107
3356
3108
3357
3109
3358
3110
3359
3111
3360
3112
3361
3113
3362
3114
3363
3115
3364
3116
3365
3117
3366
3118
3367
3119
3368
3120
3369
3121
3370
3122
3371
3123
3372
3124
3373
3125
3374
3126
3375
3127
3376
3128
3377
3129
3378
3130
3379
3131
3380
3132
3381
3133
3382
3134
3383
3135
3384
3136
3385
3137
3386
3138
3387
3139
3388
3140
3389
3141
3390
3142
3391
3143
3392
3144
3393
3145
3394
3146
3395
3147
3396
3148
3397
3149
3398
3150
3399
3151
3400
3152
3401
3153
3402
3154
3403
3155
3404
3156
3405
3157
3406
3158
3407
3159
3408
3160
3409
3161
3410
3162
3411
3163
3412
3164
3413
3165
3414
3166
3415
3167
3416
3168
3417
3169
3418
3170
3419
3171
3420
3172
3421
3173
3422
3174
3423
3175
3424
3176
3425
3177
3426
3178
3427
3179
3428
3180
3429
3181
3430
3182
3431
3183
3432
3184
3433
3185
3434
3186
3435
3187
3436
3188
3437
3189
3438
3190
3439
3191
3440
3192
3441
3193
3442
3194
3443
3195
3444
3196
3445
3197
3446
3198
3447
3199
3448
3200
3449
3201
3450
3202
3451
3203
3452
3204
3453
3205
3454
3206
3455
3207
3456
3208
3457
3209
3458
3210
3459
3211
3460
3212
3461
3213
3462
3214
3463
3215
3464
3216
3465
3217
3466
3218
3467
3219
3468
3220
3469
3221
3470
3222
3471
3223
3472
3224
3473
3225
3474
3226
3475
3227
3476
3228
3477
3229
3478
3230
3479
3231
3480
3232
3481
3233
3482
3234
3483
3235
3484
3236
3485
3237
3486
3238
3487
3239
3488
3240
3489
3241
3490
3242
3491
3243
3492
3244
3493
3245
3494
3246
3495
3247
3496
3248
3497
3249
3498
3250
3499
3251
3500
3252
3501
3253
3502
3254
3503
3255
3504
3256
3505
3257
3506
3258
3507
3259
3508
3260
3509
3261
3510
3262
3511
3263
3512
3264
3513
3265
3514
3266
3515
3267
3516
3268
3517
3269
3518
3270
3519
3271
3520
3272
3521
3273
3522
3274
3523
3275
3524
3276
3525
3277
3526
3278
3527
3279
3528
3280
3529
3281
3530
3282
3531
3283
3532
3284
3533
3285
3534
3286
3535
3287
3536
3288
3537
3289
3538
3290
3539
3291
3540
3292
3541
3293
3542
3294
3543
3295
3544
3296
3545
3297
3546
3298
3547
3299
3548
3300
3549
3301
3550
3302
3551
3303
3552
3304
3553
3305
3554
3306
3555
3307
3556
3308
3557
3309
3558
3310
3559
3311
3560
3312
3561
3313
3562
3314
3563
3315
3564
3316
3565
3317
3566
3318
3567
3319
3568
3320
3569
3321
3570
3322
3571
3323
3572
3324
3573
3325
3574
3326
3575
3327
3576
3328
3577
3329
3578
3330
3579
3331
3580
3332
3581
3333
3582
3334
3583
3335
3584
3336
3585
3337
3586
3338
3587
3339
3588
3340
3589
3341
3590
3342
3591
3343
3592
3344
3593
3345
3594
3346
3595
3347
3596
3348
3597
3349
3598
3599
3351
3600
3352
3601
3353
3602
3354
3603
3355
3604
3356
3605
3357
3606
3358
3607
3359
3608
3360
3609
3361
3610
3362
3611
3363
3612
3364
3613
3365
3614
3366
3615
3367
3616
3368
3617
3369
3618
3370
3619
3371
3620
3372
3621
3373
3622
3374
3623
3375
3624
3376
3625
3377
3626
3378
3627
3379
3628
3380
3629
3381
3630
3382
3631
3383
3632
3384
3633
3385
3634
3386
3635
3387
3636
3388
3637
3389
3638
3390
3639
3391
3640
3392
3641
3393
3642
3394
3643
3395
3644
3396
3645
3397
3646
3398
3647
3399
3648
3400
3649
3401
3650
3402
3651
3403
3652
3404
3653
3405
3654
3406
3655
3407
3656
3408
3657
3409
3658
3410
3659
3411
3660
3412
3661
3413
3662
3414
3663
3415
3664
3416
3665
3417
3666
3418
3667
3419
3668
3420
3669
3421
3670
3422
3671
3423
3672
3424
3673
3425
3674
3426
3675
3427
3676
3428
3677
3429
3678
3430
3679
3431
3680
3432
3681
3433
3682
3434
3683
3435
3684
3436
3685
3437
3686
3438
3687
3439
3688
3440
3689
3441
3690
3442
3691
3443
3692
3444
3693
3445
3694
3446
3695
3447
3696
3448
3697
3449
3698
3450
3699
3451
3700
3452
3701
3453
3702
3454
3703
3455
3704
3456
3705
3457
3706
3458
3707
3459
3708
3460
3709
3461
3710
3462
3711
3463
3712
3464
3713
3465
3714
3466
3715
3467
3716
3468
3717
3469
3718
3470
3719
3471
3720
3472
3721
3473
3722
3474
3723
3475
3724
3476
3725
3477
3726
3478
3727
3479
3728
3480
3729
3481
3730
3482
3731
3483
3732
3484
3733
3485
3734
3486
3735
3487
3736
3488
3737
3489
3738
3490
3739
3491
3740
3492
3741
3493
3742
3494
3743
3495
3744
3496
3745
3497
3746
3498
3747
3499
3748
3500
3749
3501
3750
3502
3751
3503
3752
3504
3753
3505
3754
3506
3755
3507
3756
3508
3757
3509
3758
3510
3759
3511
3760
3512
3761
3513
3762
3514
3763
3515
3764
3516
3765
3517
3766
3518
3767
3519
3768
3520
3769
3521
3770
3522
3771
3523
3772
3524
3773
3525
3774
3526
3775
3527
3776
3528
3777
3529
3778
3530
3779
3531
3780
3532
3781
3533
3782
3534
3783
3535
3784
3536
3785
3537
3786
3538
3787
3539
3788
3540
3789
3541
3790
3542
3791
3543
3792
3544
3793
3545
3794
3546
3795
3547
3796
3548
3797
3549
3798
3550
3799
3551
3800
3552
3801
3553
3802
3554
3803
3555
3804
3556
3805
3557
3806
3558
3807
3559
3808
3560
3809
3561
3810
3562
3811
3563
3812
3564
3813
3565
3814
3566
3815
3567
3816
3568
3817
3569
3818
3570
3819
3571
3820
3572
3821
3573
3822
3574
3823
3575
3824
3576
3825
3577
3826
3578
3827
3579
3828
3580
3829
3581
3830
3582
3831
3583
3832
3584
3833
3585
3834
3586
3835
3587
3836
3588
3837
3589
3838
3590
3839
3591
3840
3592
3841
3593
3842
3594
3843
3595
3844
3596
3845
3597
3846
3598
3847
3599
3848
3849
3601
3850
3602
3851
3603
3852
3604
3853
3605
3854
3606
3855
3607
3856
3608
3857
3609
3858
3610
3859
3611
3860
3612
3861
3613
3862
3614
3863
3615
3864
3616
3865
3617
3866
3618
3867
3619
3868
3620
3869
3621
3870
3622
3871
3623
3872
3624
3873
3625
3874
3626
3875
3627
3876
3628
3877
3629
3878
3630
3879
3631
3880
3632
3881
3633
3882
3634
3883
3635
3884
3636
3885
3637
3886
3638
3887
3639
3888
3640
3889
3641
3890
3642
3891
3643
3892
3644
3893
3645
3894
3646
3895
3647
3896
3648
3897
3649
3898
3650
3899
3651
3900
3652
3901
3653
3902
3654
3903
3655
3904
3656
3905
3657
3906
3658
3907
3659
3908
3660
3909
3661
3910
3662
3911
3663
3912
3664
3913
3665
3914
3666
3915
3667
3916
3668
3917
3669
3918
3670
3919
3671
3920
3672
3921
3673
3922
3674
3923
3675
3924
3676
3925
3677
3926
3678
3927
3679
3928
3680
3929
3681
3930
3682
3931
3683
3932
3684
3933
3685
3934
3686
3935
3687
3936
3688
3937
3689
3938
3690
3939
3691
3940
3692
3941
3693
3942
3694
3943
3695
3944
3696
3945
3697
3946
3698
3947
3699
3948
3700
3949
3701
3950
3702
3951
3703
3952
3704
3953
3705
3954
3706
3955
3707
3956
3708
3957
3709
3958
3710
3959
3711
3960
3712
3961
3713
3962
3714
3963
3715
3964
3716
3965
3717
3966
3718
3967
3719
3968
3720
3969
3721
3970
3722
3971
3723
3972
3724
3973
3725
3974
3726
3975
3727
3976
3728
3977
3729
3978
3730
3979
3731
3980
3732
3981
3733
3982
3734
3983
3735
3984
3736
3985
3737
3986
3738
3987
3739
3988
3740
3989
3741
3990
3742
3991
3743
3992
3744
3993
3745
3994
3746
3995
3747
3996
3748
3997
3749
3998
3750
3999
3751
4000
3752
4001
3753
4002
3754
4003
3755
4004
3756
4005
3757
4006
3758
4007
3759
4008
3760
4009
3761
4010
3762
4011
3763
4012
3764
4013
3765
4014
3766
4015
3767
4016
3768
4017
3769
4018
3770
4019
3771
4020
3772
4021
3773
4022
3774
4023
3775
4024
3776
4025
3777
4026
3778
4027
3779
4028
3780
4029
3781
4030
3782
4031
3783
4032
3784
4033
3785
4034
3786
4035
3787
4036
3788
4037
3789
4038
3790
4039
3791
4040
3792
4041
3793
4042
3794
4043
3795
4044
3796
4045
3797
4046
3798
4047
3799
4048
3800
4049
3801
4050
3802
4051
3803
4052
3804
4053
3805
4054
3806
4055
3807
4056
3808
4057
3809
4058
3810
4059
3811
4060
3812
4061
3813
4062
3814
4063
3815
4064
3816
4065
3817
4066
3818
4067
3819
4068
3820
4069
3821
4070
3822
4071
3823
4072
3824
4073
3825
4074
3826
4075
3827
4076
3828
4077
3829
4078
3830
4079
3831
4080
3832
4081
3833
4082
3834
4083
3835
4084
3836
4085
3837
4086
3838
4087
3839
4088
3840
4089
3841
4090
3842
4091
3843
4092
3844
4093
3845
4094
3846
4095
3847
4096
3848
4097
3849
4098
4099
3851
4100
3852
4101
3853
4102
3854
4103
3855
4104
3856
4105
3857
4106
3858
4107
3859
4108
3860
4109
3861
4110
3862
4111
3863
4112
3864
4113
3865
4114
3866
4115
3867
4116
3868
4117
3869
4118
3870
4119
3871
4120
3872
4121
3873
4122
3874
4123
3875
4124
3876
4125
3877
4126
3878
4127
3879
4128
3880
4129
3881
4130
3882
4131
3883
4132
3884
4133
3885
4134
3886
4135
3887
4136
3888
4137
3889
4138
3890
4139
3891
4140
3892
4141
3893
4142
3894
4143
3895
4144
3896
4145
3897
4146
3898
4147
3899
4148
3900
4149
3901
4150
3902
4151
3903
4152
3904
4153
3905
4154
3906
4155
3907
4156
3908
4157
3909
4158
3910
4159
3911
4160
3912
4161
3913
4162
3914
4163
3915
4164
3916
4165
3917
4166
3918
4167
3919
4168
3920
4169
3921
4170
3922
4171
3923
4172
3924
4173
3925
4174
3926
4175
3927
4176
3928
4177
3929
4178
3930
4179
3931
4180
3932
4181
3933
4182
3934
4183
3935
4184
3936
4185
3937
4186
3938
4187
3939
4188
3940
4189
3941
4190
3942
4191
3943
4192
3944
4193
3945
4194
3946
4195
3947
4196
3948
4197
3949
4198
3950
4199
3951
4200
3952
4201
3953
4202
3954
4203
3955
4204
3956
4205
3957
4206
3958
4207
3959
4208
3960
4209
3961
4210
3962
4211
3963
4212
3964
4213
3965
4214
3966
4215
3967
4216
3968
4217
3969
4218
3970
4219
3971
4220
3972
4221
3973
4222
3974
4223
3975
4224
3976
4225
3977
4226
3978
4227
3979
4228
3980
4229
3981
4230
3982
4231
3983
4232
3984
4233
3985
4234
3986
4235
3987
4236
3988
4237
3989
4238
3990
4239
3991
4240
3992
4241
3993
4242
3994
4243
3995
4244
3996
4245
3997
4246
3998
4247
3999
4248
4000
4249
4001
4250
4002
4251
4003
4252
4004
4253
4005
4254
4006
4255
4007
4256
4008
4257
4009
4258
4010
4259
4011
4260
4012
4261
4013
4262
4014
4263
4015
4264
4016
4265
4017
4266
4018
4267
4019
4268
4020
4269
4021
4270
4022
4271
4023
4272
4024
4273
4025
4274
4026
4275
4027
4276
4028
4277
4029
4278
4030
4279
4031
4280
4032
4281
4033
4282
4034
4283
4035
4284
4036
4285
4037
4286
4038
4287
4039
4288
4040
4289
4041
4290
4042
4291
4043
4292
4044
4293
4045
4294
4046
4295
4047
4296
4048
4297
4049
4298
4050
4299
4051
4300
4052
4301
4053
4302
4054
4303
4055
4304
4056
4305
4057
4306
4058
4307
4059
4308
4060
4309
4061
4310
4062
4311
4063
4312
4064
4313
4065
4314
4066
4315
4067
4316
4068
4317
4069
4318
4070
4319
4071
4320
4072
4321
4073
4322
4074
4323
4075
4324
4076
4325
4077
4326
4078
4327
4079
4328
4080
4329
4081
4330
4082
4331
4083
4332
4084
4333
4085
4334
4086
4335
4087
4336
4088
4337
4089
4338
4090
4339
4091
4340
4092
4341
4093
4342
4094
4343
4095
4344
4096
4345
4097
4346
4098
4347
4099
4348
4349
4101
4350
4102
4351
4103
4352
4104
4353
4105
4354
4106
4355
4107
4356
4108
4357
4109
4358
4110
4359
4111
4360
4112
4361
4113
4362
4114
4363
4115
4364
4116
4365
4117
4366
4118
4367
4119
4368
4120
4369
4121
4370
4122
4371
4123
4372
4124
4373
4125
4374
4126
4375
4127
4376
4128
4377
4129
4378
4130
4379
4131
4380
4132
4381
4133
4382
4134
4383
4135
4384
4136
4385
4137
4386
4138
4387
4139
4388
4140
4389
4141
4390
4142
4391
4143
4392
4144
4393
4145
4394
4146
4395
4147
4396
4148
4397
4149
4398
4150
4399
4151
4400
4152
4401
4153
4402
4154
4403
4155
4404
4156
4405
4157
4406
4158
4407
4159
4408
4160
4409
4161
4410
4162
4411
4163
4412
4164
4413
4165
4414
4166
4415
4167
4416
4168
4417
4169
4418
4170
4419
4171
4420
4172
4421
4173
4422
4174
4423
4175
4424
4176
4425
4177
4426
4178
4427
4179
4428
4180
4429
4181
4430
4182
4431
4183
4432
4184
4433
4185
4434
4186
4435
4187
4436
4188
4437
4189
4438
4190
4439
4191
4440
4192
4441
4193
4442
4194
4443
4195
4444
4196
4445
4197
4446
4198
4447
4199
4448
4200
4449
4201
4450
4202
4451
4203
4452
4204
4453
4205
4454
4206
4455
4207
4456
4208
4457
4209
4458
4210
4459
4211
4460
4212
4461
4213
4462
4214
4463
4215
4464
4216
4465
4217
4466
4218
4467
4219
4468
4220
4469
4221
4470
4222
4471
4223
4472
4224
4473
4225
4474
4226
4475
4227
4476
4228
4477
4229
4478
4230
4479
4231
4480
4232
4481
4233
4482
4234
4483
4235
4484
4236
4485
4237
4486
4238
4487
4239
4488
4240
4489
4241
4490
4242
4491
4243
4492
4244
4493
4245
4494
4246
4495
4247
4496
4248
4497
4249
4498
4250
4499
4251
4500
4252
4501
4253
4502
4254
4503
4255
4504
4256
4505
4257
4506
4258
4507
4259
4508
4260
4509
4261
4510
4262
4511
4263
4512
4264
4513
4265
4514
4266
4515
4267
4516
4268
4517
4269
4518
4270
4519
4271
4520
4272
4521
4273
4522
4274
4523
4275
4524
4276
4525
4277
4526
4278
4527
4279
4528
4280
4529
4281
4530
4282
4531
4283
4532
4284
4533
4285
4534
4286
4535
4287
4536
4288
4537
4289
4538
4290
4539
4291
4540
4292
4541
4293
4542
4294
4543
4295
4544
4296
4545
4297
4546
4298
4547
4299
4548
4300
4549
4301
4550
4302
4551
4303
4552
4304
4553
4305
4554
4306
4555
4307
4556
4308
4557
4309
4558
4310
4559
4311
4560
4312
4561
4313
4562
4314
4563
4315
4564
4316
4565
4317
4566
4318
4567
4319
4568
4320
4569
4321
4570
4322
4571
4323
4572
4324
4573
4325
4574
4326
4575
4327
4576
4328
4577
4329
4578
4330
4579
4331
4580
4332
4581
4333
4582
4334
4583
4335
4584
4336
4585
4337
4586
4338
4587
4339
4588
4340
4589
4341
4590
4342
4591
4343
4592
4344
4593
4345
4594
4346
4595
4347
4596
4348
4597
4349
4598
4599
4351
4600
4352
4601
4353
4602
4354
4603
4355
4604
4356
4605
4357
4606
4358
4607
4359
4608
4360
4609
4361
4610
4362
4611
4363
4612
4364
4613
4365
4614
4366
4615
4367
4616
4368
4617
4369
4618
4370
4619
4371
4620
4372
4621
4373
4622
4374
4623
4375
4624
4376
4625
4377
4626
4378
4627
4379
4628
4380
4629
4381
4630
4382
4631
4383
4632
4384
4633
4385
4634
4386
4635
4387
4636
4388
4637
4389
4638
4390
4639
4391
4640
4392
4641
4393
4642
4394
4643
4395
4644
4396
4645
4397
4646
4398
4647
4399
4648
4400
4649
4401
4650
4402
4651
4403
4652
4404
4653
4405
4654
4406
4655
4407
4656
4408
4657
4409
4658
4410
4659
4411
4660
4412
4661
4413
4662
4414
4663
4415
4664
4416
4665
4417
4666
4418
4667
4419
4668
4420
4669
4421
4670
4422
4671
4423
4672
4424
4673
4425
4674
4426
4675
4427
4676
4428
4677
4429
4678
4430
4679
4431
4680
4432
4681
4433
4682
4434
4683
4435
4684
4436
4685
4437
4686
4438
4687
4439
4688
4440
4689
4441
4690
4442
4691
4443
4692
4444
4693
4445
4694
4446
4695
4447
4696
4448
4697
4449
4698
4450
4699
4451
4700
4452
4701
4453
4702
4454
4703
4455
4704
4456
4705
4457
4706
4458
4707
4459
4708
4460
4709
4461
4710
4462
4711
4463
4712
4464
4713
4465
4714
4466
4715
4467
4716
4468
4717
4469
4718
4470
4719
4471
4720
4472
4721
4473
4722
4474
4723
4475
4724
4476
4725
4477
4726
4478
4727
4479
4728
4480
4729
4481
4730
4482
4731
4483
4732
4484
4733
4485
4734
4486
4735
4487
4736
4488
4737
4489
4738
4490
4739
4491
4740
4492
4741
4493
4742
4494
4743
4495
4744
4496
4745
4497
4746
4498
4747
4499
4748
4500
4749
4501
4750
4502
4751
4503
4752
4504
4753
4505
4754
4506
4755
4507
4756
4508
4757
4509
4758
4510
4759
4511
4760
4512
4761
4513
4762
4514
4763
4515
4764
4516
4765
4517
4766
4518
4767
4519
4768
4520
4769
4521
4770
4522
4771
4523
4772
4524
4773
4525
4774
4526
4775
4527
4776
4528
4777
4529
4778
4530
4779
4531
4780
4532
4781
4533
4782
4534
4783
4535
4784
4536
4785
4537
4786
4538
4787
4539
4788
4540
4789
4541
4790
4542
4791
4543
4792
4544
4793
4545
4794
4546
4795
4547
4796
4548
4797
4549
4798
4550
4799
4551
4800
4552
4801
4553
4802
4554
4803
4555
4804
4556
4805
4557
4806
4558
4807
4559
4808
4560
4809
4561
4810
4562
4811
4563
4812
4564
4813
4565
4814
4566
4815
4567
4816
4568
4817
4569
4818
4570
4819
4571
4820
4572
4821
4573
4822
4574
4823
4575
4824
4576
4825
4577
4826
4578
4827
4579
4828
4580
4829
4581
4830
4582
4831
4583
4832
4584
4833
4585
4834
4586
4835
4587
4836
4588
4837
4589
4838
4590
4839
4591
4840
4592
4841
4593
4842
4594
4843
4595
4844
4596
4845
4597
4846
4598
4847
4599
4848
4849
4601
4850
4602
4851
4603
4852
4604
4853
4605
4854
4606
4855
4607
4856
4608
4857
4609
4858
4610
4859
4611
4860
4612
4861
4613
4862
4614
4863
4615
4864
4616
4865
4617
4866
4618
4867
4619
4868
4620
4869
4621
4870
4622
4871
4623
4872
4624
4873
4625
4874
4626
4875
4627
4876
4628
4877
4629
4878
4630
4879
4631
4880
4632
4881
4633
4882
4634
4883
4635
4884
4636
4885
4637
4886
4638
4887
4639
4888
4640
4889
4641
4890
4642
4891
4643
4892
4644
4893
4645
4894
4646
4895
4647
4896
4648
4897
4649
4898
4650
4899
4651
4900
4652
4901
4653
4902
4654
4903
4655
4904
4656
4905
4657
4906
4658
4907
4659
4908
4660
4909
4661
4910
4662
4911
4663
4912
4664
4913
4665
4914
4666
4915
4667
4916
4668
4917
4669
4918
4670
4919
4671
4920
4672
4921
4673
4922
4674
4923
4675
4924
4676
4925
4677
4926
4678
4927
4679
4928
4680
4929
4681
4930
4682
4931
4683
4932
4684
4933
4685
4934
4686
4935
4687
4936
4688
4937
4689
4938
4690
4939
4691
4940
4692
4941
4693
4942
4694
4943
4695
4944
4696
4945
4697
4946
4698
4947
4699
4948
4700
4949
4701
4950
4702
4951
4703
4952
4704
4953
4705
4954
4706
4955
4707
4956
4708
4957
4709
4958
4710
4959
4711
4960
4712
4961
4713
4962
4714
4963
4715
4964
4716
4965
4717
4966
4718
4967
4719
4968
4720
4969
4721
4970
4722
4971
4723
4972
4724
4973
4725
4974
4726
4975
4727
4976
4728
4977
4729
4978
4730
4979
4731
4980
4732
4981
4733
4982
4734
4983
4735
4984
4736
4985
4737
4986
4738
4987
4739
4988
4740
4989
4741
4990
4742
4991
4743
4992
4744
4993
4745
4994
4746
4995
4747
4996
4748
4997
4749
4998
4750
4999
4751
5000
4752
5001
4753
5002
4754
5003
4755
5004
4756
5005
4757
5006
4758
5007
4759
5008
4760
5009
4761
5010
4762
5011
4763
5012
4764
5013
4765
5014
4766
5015
4767
5016
4768
5017
4769
5018
4770
5019
4771
5020
4772
5021
4773
5022
4774
5023
4775
5024
4776
5025
4777
5026
4778
5027
4779
5028
4780
5029
4781
5030
4782
5031
4783
5032
4784
5033
4785
5034
4786
5035
4787
5036
4788
5037
4789
5038
4790
5039
4791
5040
4792
5041
4793
5042
4794
5043
4795
5044
4796
5045
4797
5046
4798
5047
4799
5048
4800
5049
4801
5050
4802
5051
4803
5052
4804
5053
4805
5054
4806
5055
4807
5056
4808
5057
4809
5058
4810
5059
4811
5060
4812
5061
4813
5062
4814
5063
4815
5064
4816
5065
4817
5066
4818
5067
4819
5068
4820
5069
4821
5070
4822
5071
4823
5072
4824
5073
4825
5074
4826
5075
4827
5076
4828
5077
4829
5078
4830
5079
4831
5080
4832
5081
4833
5082
4834
5083
4835
5084
4836
5085
4837
5086
4838
5087
4839
5088
4840
5089
4841
5090
4842
5091
4843
5092
4844
5093
4845
5094
4846
5095
4847
5096
4848
5097
4849
5098
5099
4851
4852
4853
4854
4855
4856
4857
4858
4859
4860
4861
4862
4863
4864
4865
4866
4867
4868
4869
4870
4871
4872
4873
4874
4875
4876
4877
4878
4879
4880
4881
4882
4883
4884
4885
4886
4887
4888
4889
4890
4891
4892
4893
4894
4895
4896
4897
4898
4899
4900
4901
4902
4903
4904
4905
4906
4907
4908
4909
4910
4911
4912
4913
4914
4915
4916
4917
4918
4919
4920
4921
4922
4923
4924
4925
4926
4927
4928
4929
4930
4931
4932
4933
4934
4935
4936
4937
4938
4939
4940
4941
4942
4943
4944
4945
4946
4947
4948
4949
4950
4951
4952
4953
4954
4955
4956
4957
4958
4959
4960
4961
4962
4963
4964
4965
4966
4967
4968
4969
4970
4971
4972
4973
4974
4975
4976
4977
4978
4979
4980
4981
4982
4983
4984
4985
4986
4987
4988
4989
4990
4991
4992
4993
4994
4995
4996
4997
4998
4999
5000
5001
5002
5003
5004
5005
5006
5007
5008
5009
5010
5011
5012
5013
5014
5015
5016
5017
5018
5019
5020
5021
5022
5023
5024
5025
5026
5027
5028
5029
5030
5031
5032
5033
5034
5035
5036
5037
5038
5039
5040
5041
5042
5043
5044
5045
5046
5047
5048
5049
5050
5051
5052
5053
5054
5055
5056
5057
5058
5059
5060
5061
5062
5063
5064
5065
5066
5067
5068
5069
5070
5071
5072
5073
5074
5075
5076
5077
5078
5079
5080
5081
5082
5083
5084
5085
5086
5087
5088
5089
5090
5091
5092
5093
5094
5095
5096
5097
5098
5099
)


// ************************************************************************* //
