/*--------------------------------*- C++ -*----------------------------------*\
| =========                 |                                                 |
| \\      /  F ield         | OpenFOAM: The Open Source CFD Toolbox           |
|  \\    /   O peration     | Version:  2312                                  |
|   \\  /    A nd           | Website:  www.openfoam.com                      |
|    \\/     M anipulation  |                                                 |
\*---------------------------------------------------------------------------*/
FoamFile
{
    version     2.0;
    format      ascii;
    arch        "LSB;label=64;scalar=64";
    class       volVectorField;
    location    "0.5";
    object      U;
}
// * * * * * * * * * * * * * * * * * * * * * * * * * * * * * * * * * * * * * //

dimensions      [0 1 -1 0 0 0 0];

internalField   nonuniform List<vector> 
150
(
(4.12449e-05 0 0)
(0.000115762 0 0)
(0.000176339 0 0)
(0.000240629 0 0)
(0.000307246 0 0)
(0.000374362 0 0)
(0.000440263 0 0)
(0.000507224 0 0)
(0.000572672 0 0)
(0.00063948 0 0)
(0.000704042 0 0)
(0.00077045 0 0)
(0.000833961 0 0)
(0.000899845 0 0)
(0.00096207 0 0)
(0.00102734 0 0)
(0.00108807 0 0)
(0.00115264 0 0)
(0.00121169 0 0)
(0.00127546 0 0)
(0.00133265 0 0)
(0.00139553 0 0)
(0.00145071 0 0)
(0.00151257 0 0)
(0.00156563 0 0)
(0.00162634 0 0)
(0.00167717 0 0)
(0.00173658 0 0)
(0.00178514 0 0)
(0.00184307 0 0)
(0.00188932 0 0)
(0.00194558 0 0)
(0.00198952 0 0)
(0.00204394 0 0)
(0.0020855 0 0)
(0.00213799 0 0)
(0.00217709 0 0)
(0.00222753 0 0)
(0.00226416 0 0)
(0.0023124 0 0)
(0.00234657 0 0)
(0.00239241 0 0)
(0.00242423 0 0)
(0.00246743 0 0)
(0.00249699 0 0)
(0.00253734 0 0)
(0.00256468 0 0)
(0.00260206 0 0)
(0.0026272 0 0)
(0.00266153 0 0)
(0.00268445 0 0)
(0.00271568 0 0)
(0.00273636 0 0)
(0.00276444 0 0)
(0.00278288 0 0)
(0.00280778 0 0)
(0.00282396 0 0)
(0.00284565 0 0)
(0.00285959 0 0)
(0.00287795 0 0)
(0.00288999 0 0)
(0.00290522 0 0)
(0.00291449 0 0)
(0.00292736 0 0)
(0.00293297 0 0)
(0.00294373 0 0)
(0.00294558 0 0)
(0.00295507 0 0)
(0.00295328 0 0)
(0.00296073 0 0)
(0.00295577 0 0)
(0.00296092 0 0)
(0.00295315 0 0)
(0.0029557 0 0)
(0.0029454 0 0)
(0.0029452 0 0)
(0.00293257 0 0)
(0.0029295 0 0)
(0.00291471 0 0)
(0.00290871 0 0)
(0.0028919 0 0)
(0.00288296 0 0)
(0.00286423 0 0)
(0.00285236 0 0)
(0.00283177 0 0)
(0.00281705 0 0)
(0.00279462 0 0)
(0.00277714 0 0)
(0.00275291 0 0)
(0.00273277 0 0)
(0.00270674 0 0)
(0.00268406 0 0)
(0.00265625 0 0)
(0.00263116 0 0)
(0.00260158 0 0)
(0.00257419 0 0)
(0.00254286 0 0)
(0.00251328 0 0)
(0.00248024 0 0)
(0.00244858 0 0)
(0.00241387 0 0)
(0.00238024 0 0)
(0.00234391 0 0)
(0.00230841 0 0)
(0.0022705 0 0)
(0.00223321 0 0)
(0.0021938 0 0)
(0.00215481 0 0)
(0.00211395 0 0)
(0.00207335 0 0)
(0.00203111 0 0)
(0.00198897 0 0)
(0.00194542 0 0)
(0.00190184 0 0)
(0.00185703 0 0)
(0.0018121 0 0)
(0.00176609 0 0)
(0.0017199 0 0)
(0.00167276 0 0)
(0.00162539 0 0)
(0.00157718 0 0)
(0.00152872 0 0)
(0.00147951 0 0)
(0.00143003 0 0)
(0.00137989 0 0)
(0.00132947 0 0)
(0.00127848 0 0)
(0.0012272 0 0)
(0.00117542 0 0)
(0.00112335 0 0)
(0.00107086 0 0)
(0.00101808 0 0)
(0.000964948 0 0)
(0.000911535 0 0)
(0.000857832 0 0)
(0.000803864 0 0)
(0.000749662 0 0)
(0.000695222 0 0)
(0.000640602 0 0)
(0.000585752 0 0)
(0.000530845 0 0)
(0.000475659 0 0)
(0.000420485 0 0)
(0.000365252 0 0)
(0.000309919 0 0)
(0.00025483 0 0)
(0.000198849 0 0)
(0.000146464 0 0)
(9.53428e-05 0 0)
(3.43919e-05 0 0)
)
;

boundaryField
{
    leftAndRight
    {
        type            fixedValue;
        value           uniform (0 0 0);
    }
    frontAndBack
    {
        type            empty;
    }
    topAndBottom
    {
        type            empty;
    }
}


// ************************************************************************* //
