/*--------------------------------*- C++ -*----------------------------------*\
| =========                 |                                                 |
| \\      /  F ield         | OpenFOAM: The Open Source CFD Toolbox           |
|  \\    /   O peration     | Version:  2312                                  |
|   \\  /    A nd           | Website:  www.openfoam.com                      |
|    \\/     M anipulation  |                                                 |
\*---------------------------------------------------------------------------*/
FoamFile
{
    version     2.0;
    format      ascii;
    arch        "LSB;label=64;scalar=64";
    class       volScalarField;
    location    "0.45";
    object      H2O;
}
// * * * * * * * * * * * * * * * * * * * * * * * * * * * * * * * * * * * * * //

dimensions      [0 0 0 0 0 0 0];

internalField   nonuniform List<scalar> 
4000
(
0.000189461
0.000615197
0.0010946
0.0016336
0.00223835
0.00291525
0.00367087
0.00451184
0.0054448
0.00647618
0.00761216
0.00885846
0.0102202
0.0117017
0.0133064
0.0150367
0.0168938
0.0188774
0.0209862
0.0232171
0.0255659
0.0280267
0.0305925
0.0332547
0.036004
0.0388298
0.0417207
0.0446648
0.0476498
0.050663
0.0536921
0.0567245
0.0597482
0.0627516
0.065724
0.0686551
0.0715358
0.0743575
0.077113
0.0797959
0.0824005
0.0849225
0.0873584
0.0897053
0.0919614
0.0941256
0.0961975
0.0981773
0.100066
0.101864
0.103574
0.105197
0.106736
0.108163
0.109514
0.11079
0.111993
0.113127
0.114191
0.115185
0.116105
0.116946
0.117691
0.118312
0.118761
0.118952
0.118737
0.117863
0.115893
0.112067
0.106164
0.099278
0.0920154
0.0847172
0.0775742
0.0706922
0.0641284
0.0579126
0.0520593
0.046574
0.041457
0.0367052
0.0323135
0.0282747
0.02458
0.0212191
0.0181799
0.0154489
0.013011
0.0108497
0.00894727
0.0072848
0.0058427
0.0046009
0.00353925
0.0026379
0.00187769
0.00124043
0.000663895
0.00019311
0.000188034
0.000610579
0.00108646
0.0016216
0.00222219
0.00289459
0.00364536
0.00448114
0.00540855
0.00643409
0.00756396
0.00880393
0.0101592
0.0116341
0.0132323
0.0149561
0.0168067
0.0187843
0.0208872
0.0231128
0.0254567
0.0279132
0.0304753
0.0331346
0.0358817
0.0387061
0.0415965
0.0445408
0.0475269
0.050542
0.0535737
0.0566094
0.059637
0.062645
0.0656223
0.0685589
0.0714453
0.0742731
0.0770348
0.0797239
0.0823349
0.0848633
0.0873053
0.0896583
0.0919203
0.0940901
0.0961675
0.0981524
0.100046
0.101848
0.103563
0.10519
0.106732
0.108162
0.109516
0.110794
0.112
0.113135
0.114201
0.115196
0.116117
0.116957
0.117701
0.11832
0.118763
0.118943
0.11871
0.117805
0.115781
0.111863
0.10591
0.098996
0.0917199
0.0844167
0.0772741
0.0703959
0.0638384
0.057631
0.0517875
0.0463133
0.0412086
0.0364702
0.0320927
0.0280688
0.0243897
0.0210447
0.0180217
0.015307
0.0128852
0.0107397
0.00885248
0.00720447
0.00577591
0.0045466
0.00349632
0.00260522
0.00185413
0.00122487
0.000655282
0.000190564
0.000186246
0.000604755
0.00107605
0.00160603
0.00220088
0.00286699
0.00361094
0.0044394
0.00535903
0.00637634
0.0074976
0.00872863
0.0100747
0.0115402
0.0131289
0.0148432
0.0166845
0.0186529
0.0207472
0.0229645
0.0253007
0.0277504
0.0303064
0.0329607
0.0357037
0.0385251
0.0414136
0.0443574
0.047344
0.0503609
0.0533954
0.056435
0.0594676
0.0624815
0.0654656
0.0684097
0.0713042
0.0741406
0.0769114
0.0796098
0.0822303
0.0847683
0.0872198
0.0895822
0.0918535
0.0940323
0.0961183
0.0981115
0.100013
0.101823
0.103544
0.105178
0.106726
0.108162
0.10952
0.110803
0.112012
0.113151
0.114219
0.115216
0.116139
0.116979
0.11772
0.118333
0.118766
0.118928
0.118663
0.117702
0.115584
0.111504
0.105461
0.0984998
0.0912011
0.0838907
0.0767506
0.0698815
0.0633377
0.0571473
0.0513236
0.0458714
0.0407905
0.0360775
0.0317266
0.0277304
0.0240796
0.0207632
0.0177689
0.0150824
0.0126882
0.0105693
0.00870724
0.00708285
0.00567609
0.0044666
0.00343406
0.00255854
0.00182088
0.00120297
0.000643549
0.000187144
0.000184239
0.000598232
0.00106442
0.00158867
0.00217714
0.00283625
0.00357259
0.00439286
0.00530374
0.0063118
0.00742334
0.00864423
0.00997979
0.0114346
0.0130124
0.0147158
0.0165463
0.0185041
0.0205881
0.0227957
0.025123
0.0275643
0.0301131
0.0327611
0.035499
0.0383166
0.0412025
0.044145
0.0471318
0.0501502
0.0531875
0.0562313
0.0592693
0.0622897
0.0652813
0.0682339
0.0711376
0.073984
0.0767652
0.0794745
0.0821062
0.0846554
0.0871183
0.0894919
0.0917743
0.0939639
0.0960604
0.0980636
0.0999743
0.101794
0.103523
0.105165
0.106721
0.108163
0.109527
0.110816
0.11203
0.113173
0.114244
0.115244
0.116168
0.117007
0.117746
0.118352
0.118771
0.118909
0.118601
0.117569
0.115327
0.111038
0.104881
0.097859
0.0905322
0.0832137
0.0760784
0.0692227
0.0626983
0.0565318
0.0507356
0.0453136
0.0402652
0.0355865
0.0312713
0.0273117
0.0236979
0.0204186
0.017461
0.0148104
0.0124508
0.0103648
0.00853374
0.0069381
0.00555765
0.00437189
0.00336042
0.00250332
0.0017815
0.00117699
0.000629576
0.000183062
0.000182293
0.000591914
0.00105317
0.00157186
0.00215413
0.00280634
0.00353511
0.00434713
0.00524913
0.0062477
0.0073492
0.00855958
0.00988424
0.0113278
0.0128942
0.0145861
0.0164052
0.0183518
0.020425
0.0226222
0.0249397
0.0273722
0.0299129
0.032554
0.0352862
0.0380994
0.0409823
0.0439231
0.0469097
0.0499293
0.0529693
0.0560172
0.0590605
0.0620875
0.0650869
0.0680482
0.0709616
0.0738184
0.0766106
0.0793315
0.081975
0.0845363
0.0870113
0.0893971
0.0916914
0.0938927
0.0960006
0.0980148
0.0999359
0.101765
0.103504
0.105154
0.106718
0.108168
0.109539
0.110833
0.112053
0.1132
0.114275
0.115277
0.116202
0.117041
0.117776
0.118374
0.118777
0.118887
0.118531
0.117415
0.115033
0.110506
0.104219
0.0971298
0.0897724
0.0824461
0.0753177
0.0684788
0.0619782
0.0558406
0.0500772
0.0446912
0.0396813
0.0350428
0.0307693
0.026852
0.0232809
0.0200441
0.0171281
0.0145179
0.012197
0.0101476
0.00835058
0.00678622
0.00543407
0.00427354
0.00328423
0.00244629
0.00174081
0.00115008
0.000615135
0.000178846
0.000180439
0.000585898
0.00104247
0.00155591
0.0021323
0.002778
0.00349958
0.00430375
0.00519725
0.00618671
0.00727852
0.00847869
0.00979271
0.0112253
0.0127805
0.014461
0.0162688
0.0182042
0.0202665
0.0224533
0.024761
0.0271845
0.0297171
0.0323512
0.0350775
0.037886
0.0407656
0.0437046
0.0466907
0.0497114
0.0527539
0.0558056
0.0588541
0.0618876
0.0648946
0.0678646
0.0707876
0.0736548
0.0764581
0.0791905
0.081846
0.0844194
0.0869068
0.0893049
0.0916113
0.0938246
0.095944
0.0979693
0.0999012
0.101741
0.103489
0.105148
0.10672
0.108177
0.109554
0.110855
0.11208
0.113231
0.11431
0.115315
0.116241
0.117078
0.117809
0.118397
0.118784
0.118863
0.118455
0.117251
0.114719
0.109942
0.103519
0.0963591
0.088971
0.0816381
0.0745186
0.0676989
0.0612249
0.0551193
0.049392
0.0440453
0.039077
0.0344821
0.0302531
0.0263812
0.0228553
0.0196632
0.0167908
0.0142226
0.0119416
0.00992957
0.00816724
0.00663449
0.00531079
0.0041755
0.00320826
0.00238938
0.00170017
0.00112317
0.000600671
0.000174619
0.000178746
0.000580407
0.0010327
0.00154136
0.00211239
0.00275214
0.00346715
0.00426412
0.00514978
0.00613079
0.00721357
0.0084042
0.0097082
0.0111304
0.0126749
0.0143447
0.0161416
0.0180663
0.0201181
0.0222949
0.0245931
0.0270078
0.0295325
0.0321596
0.0348801
0.037684
0.0405603
0.0434973
0.0464829
0.0495044
0.0525492
0.0556045
0.058658
0.0616976
0.064712
0.0676903
0.0706227
0.0734999
0.076314
0.0790576
0.0817247
0.08431
0.0868094
0.0892195
0.0915378
0.0937627
0.0958935
0.0979298
0.0998722
0.101721
0.103479
0.105147
0.106724
0.108189
0.109573
0.110879
0.11211
0.113265
0.114348
0.115354
0.116281
0.117117
0.117843
0.118421
0.11879
0.118837
0.118376
0.117082
0.114397
0.109368
0.10281
0.0955819
0.0881644
0.0808266
0.0737176
0.0669189
0.0604729
0.0544008
0.0487109
0.0434048
0.0384793
0.0339289
0.0297454
0.0259192
0.022439
0.0192917
0.0164628
0.0139362
0.0116946
0.00971938
0.00799087
0.00648883
0.00519261
0.0040816
0.00313553
0.0023349
0.00166123
0.00109736
0.000586806
0.000170568
0.00017721
0.00057543
0.00102386
0.00152819
0.0020944
0.00272878
0.00343787
0.00422833
0.00510691
0.00608026
0.00715484
0.00833675
0.0096316
0.0110443
0.012579
0.0142387
0.0160256
0.0179403
0.0199824
0.0221497
0.024439
0.0268454
0.0293626
0.0319832
0.0346981
0.0374976
0.0403707
0.0433059
0.0462909
0.0493132
0.05236
0.0554188
0.0584769
0.0615224
0.0645437
0.0675299
0.070471
0.0733578
0.076182
0.0789364
0.0816145
0.0842111
0.0867218
0.0891433
0.0914729
0.0937089
0.0958504
0.0978972
0.0998495
0.101708
0.103475
0.105151
0.106732
0.108204
0.109595
0.110906
0.112141
0.113301
0.114386
0.115395
0.116321
0.117156
0.117876
0.118444
0.118794
0.11881
0.118295
0.116911
0.114074
0.108803
0.102116
0.094823
0.0873793
0.0800384
0.0729413
0.0661643
0.059747
0.0537085
0.048056
0.0427901
0.0379069
0.0334002
0.0292612
0.0254797
0.0220437
0.0189397
0.0161526
0.013666
0.0114619
0.00952157
0.00782505
0.00635196
0.00508161
0.0039934
0.00306719
0.00228367
0.0016246
0.00107307
0.000573743
0.00016675
0.000175844
0.000571
0.001016
0.00151648
0.00207839
0.00270801
0.00341183
0.00419651
0.00506878
0.0060353
0.00710254
0.00827664
0.00956325
0.0109674
0.0124932
0.0141439
0.0159216
0.0178272
0.0198603
0.0220191
0.0243002
0.0266989
0.0292093
0.0318238
0.0345336
0.037329
0.0401992
0.0431326
0.0461171
0.0491401
0.0521889
0.0552508
0.0583132
0.0613641
0.0643919
0.0673855
0.0703348
0.0732305
0.0760641
0.0788284
0.0815168
0.0841239
0.0866452
0.0890772
0.0914173
0.0936636
0.0958151
0.0978715
0.099833
0.101701
0.103475
0.105159
0.106744
0.108222
0.109618
0.110934
0.112174
0.113337
0.114424
0.115434
0.116361
0.117193
0.117908
0.118465
0.118795
0.118778
0.118208
0.116732
0.113742
0.108251
0.101447
0.0940978
0.0866324
0.0792912
0.0722072
0.0654522
0.0590632
0.0530576
0.0474413
0.0422142
0.0373716
0.0329066
0.0288099
0.0250708
0.0216766
0.0186133
0.0158655
0.0134161
0.011247
0.00933909
0.00767221
0.00622588
0.00497938
0.00391217
0.00300425
0.00223648
0.00159084
0.00105067
0.000561701
0.000163231
0.000174634
0.000567082
0.00100904
0.00150612
0.00206426
0.00268967
0.00338885
0.00416843
0.00503513
0.00599562
0.00705637
0.00822356
0.00950287
0.0108994
0.0124173
0.0140599
0.0158294
0.0177269
0.019752
0.021903
0.0241768
0.0265687
0.0290729
0.0316819
0.0343871
0.0371789
0.0400465
0.0429783
0.0459623
0.048986
0.0520366
0.0551014
0.0581679
0.0612238
0.0642574
0.0672578
0.0702146
0.0731184
0.0759608
0.0787342
0.081432
0.0840487
0.0865797
0.0890213
0.0913709
0.0936266
0.0957872
0.0978522
0.0998221
0.101697
0.10348
0.10517
0.106757
0.108241
0.109642
0.110963
0.112206
0.113372
0.114462
0.115472
0.116398
0.117227
0.117936
0.118481
0.118791
0.118738
0.118106
0.116526
0.113358
0.107699
0.100806
0.0934141
0.0859342
0.078596
0.0715264
0.0647934
0.0584318
0.0524575
0.0468757
0.041685
0.0368804
0.0324544
0.0283971
0.0246971
0.0213416
0.0183158
0.015604
0.0131888
0.0110517
0.00917329
0.00753339
0.00611138
0.00488654
0.00383839
0.00294706
0.00219358
0.00156014
0.00103029
0.000550744
0.000160029
0.000173577
0.000563654
0.00100296
0.00149707
0.0020519
0.00267364
0.00336876
0.00414389
0.00500573
0.00596095
0.00701603
0.00817717
0.00945009
0.0108399
0.0123508
0.0139864
0.0157487
0.0176391
0.0196571
0.0218012
0.0240685
0.0264544
0.0289531
0.0315572
0.0342584
0.037047
0.0399122
0.0428428
0.0458264
0.0488508
0.0519031
0.0549706
0.0580407
0.0611011
0.0641402
0.0671467
0.0701103
0.0730215
0.0758717
0.0786533
0.0813595
0.0839849
0.0865246
0.0889749
0.0913331
0.0935971
0.0957658
0.0978386
0.0998158
0.101698
0.103487
0.105184
0.106772
0.108261
0.109666
0.110991
0.112237
0.113406
0.114497
0.115508
0.116433
0.117259
0.117961
0.118494
0.118782
0.118692
0.117997
0.11631
0.112957
0.107167
0.100205
0.092782
0.0852932
0.0779606
0.0709059
0.0641943
0.0578587
0.0519137
0.0463636
0.0412066
0.036437
0.0320466
0.0280252
0.024361
0.0210404
0.0180487
0.0153694
0.0129849
0.0108766
0.00902477
0.00740907
0.00600885
0.00480341
0.00377232
0.00289584
0.00215515
0.00153262
0.00101203
0.000540923
0.000157159
0.000172659
0.000560681
0.000997681
0.00148922
0.00204118
0.00265974
0.00335135
0.00412263
0.00498026
0.00593091
0.00698109
0.00813699
0.00940436
0.0107883
0.0122933
0.0139226
0.0156788
0.0175628
0.0195747
0.0217129
0.0239745
0.0263552
0.0288491
0.0314491
0.0341467
0.0369325
0.0397958
0.0427252
0.0457087
0.0487337
0.0517876
0.0548575
0.0579309
0.0609955
0.0640393
0.0670513
0.070021
0.0729388
0.075796
0.0785849
0.0812987
0.0839317
0.0864791
0.0889371
0.0913028
0.0935742
0.09575
0.0978297
0.0998134
0.101702
0.103496
0.105198
0.106788
0.108281
0.10969
0.111018
0.112267
0.113437
0.11453
0.115541
0.116465
0.117287
0.117983
0.118504
0.118771
0.118645
0.117889
0.116097
0.112566
0.106671
0.0996563
0.0922092
0.0847154
0.0773896
0.0703496
0.0636582
0.0573465
0.0514284
0.0459073
0.0407808
0.0360427
0.0316843
0.0276952
0.0240629
0.0207736
0.0178121
0.0151617
0.0128046
0.0107218
0.00889347
0.00729918
0.00591823
0.00472992
0.0037139
0.00285054
0.00212115
0.00150828
0.000995862
0.000532231
0.000154619
0.000171871
0.000558129
0.000993153
0.00148249
0.00203199
0.00264783
0.00333643
0.0041044
0.00495843
0.00590518
0.00695115
0.00810256
0.00936519
0.0107442
0.012244
0.013868
0.0156188
0.0174975
0.0195042
0.0216373
0.023894
0.0262701
0.0287599
0.0313564
0.034051
0.0368345
0.0396961
0.0426246
0.045608
0.0486337
0.051689
0.0547611
0.0578375
0.0609056
0.0639538
0.0669706
0.0699457
0.0728693
0.0757326
0.0785279
0.0812483
0.083888
0.0864421
0.0889068
0.0912791
0.0935569
0.0957388
0.0978244
0.0998137
0.101707
0.103507
0.105213
0.106804
0.108301
0.109713
0.111043
0.112294
0.113466
0.114559
0.115571
0.116494
0.117313
0.118002
0.118512
0.118759
0.1186
0.117789
0.115902
0.112209
0.106227
0.0991668
0.0917009
0.0842041
0.0768855
0.0698593
0.0631862
0.0568963
0.0510022
0.0455069
0.0404075
0.0356973
0.0313673
0.0274065
0.0238023
0.0205406
0.0176056
0.0149806
0.0126474
0.0105868
0.00877901
0.00720339
0.00583924
0.00466586
0.00366298
0.00281104
0.0020915
0.00148705
0.000981761
0.000524648
0.000152403
0.000171204
0.000555969
0.00098932
0.00147678
0.0020242
0.00263774
0.0033238
0.00408898
0.00493996
0.00588341
0.00692583
0.00807345
0.00933206
0.0107069
0.0122023
0.0138219
0.0155681
0.0174423
0.0194445
0.0215733
0.023826
0.0261983
0.0286846
0.0312781
0.0339702
0.0367517
0.039612
0.0425398
0.0455231
0.0485495
0.0516061
0.0546802
0.0577591
0.0608305
0.0638823
0.0669034
0.0698831
0.0728117
0.0756803
0.0784811
0.0812072
0.0838526
0.0864125
0.0888829
0.0912609
0.0935441
0.0957313
0.0978219
0.0998159
0.101714
0.103517
0.105227
0.106819
0.108319
0.109734
0.111066
0.112319
0.113492
0.114586
0.115597
0.116519
0.117335
0.118018
0.118518
0.118749
0.118561
0.1177
0.115731
0.111896
0.105838
0.0987405
0.091259
0.0837604
0.0764485
0.0694348
0.0627781
0.0565072
0.0506343
0.0451616
0.0400858
0.0353998
0.0310944
0.0271583
0.0235784
0.0203403
0.0174282
0.014825
0.0125124
0.010471
0.00868079
0.0071212
0.00577145
0.00461088
0.00361927
0.00277714
0.00206605
0.00146881
0.000969653
0.000518136
0.000150501
0.000170649
0.00055417
0.000986128
0.00147204
0.00201773
0.00262935
0.00331329
0.00407615
0.0049246
0.00586531
0.00690477
0.00804925
0.00930453
0.0106758
0.0121676
0.0137835
0.015526
0.0173965
0.019395
0.0215202
0.0237695
0.0261386
0.0286222
0.0312131
0.0339033
0.0366832
0.0395424
0.0424697
0.045453
0.0484799
0.0515376
0.0546134
0.0576946
0.0607687
0.0638237
0.0668484
0.069832
0.0727648
0.0756379
0.0784434
0.0811742
0.0838245
0.0863893
0.0888645
0.0912471
0.0935349
0.0957265
0.0978213
0.0998193
0.101721
0.103528
0.105241
0.106833
0.108335
0.109752
0.111087
0.11234
0.113515
0.114609
0.11562
0.116541
0.117354
0.118033
0.118524
0.11874
0.118527
0.117625
0.115584
0.11163
0.105507
0.0983779
0.0908836
0.0833838
0.076078
0.0690752
0.0624326
0.0561781
0.0503233
0.0448698
0.0398141
0.0351488
0.0308643
0.026949
0.0233896
0.0201716
0.0172789
0.0146941
0.0123988
0.0103735
0.00859813
0.00705204
0.00571441
0.00456462
0.00358248
0.0027486
0.00204462
0.00145346
0.000959456
0.000512653
0.000148899
0.000170198
0.000552709
0.000983537
0.00146818
0.00201247
0.00262253
0.00330476
0.00406574
0.00491213
0.00585061
0.00688769
0.0080296
0.00928219
0.0106507
0.0121396
0.0137524
0.0154919
0.0173593
0.0193548
0.0214772
0.0237237
0.0260903
0.0285716
0.0311606
0.0338491
0.0366277
0.0394861
0.042413
0.0453964
0.0484238
0.0514825
0.0545598
0.0576428
0.0607191
0.0637767
0.0668044
0.0697913
0.0727276
0.0756044
0.0784137
0.0811484
0.0838027
0.0863714
0.0888505
0.091237
0.0935285
0.0957237
0.0978218
0.099823
0.101728
0.103537
0.105253
0.106846
0.108349
0.109768
0.111104
0.112359
0.113534
0.114629
0.11564
0.116559
0.11737
0.118045
0.118529
0.118732
0.118499
0.117562
0.115463
0.111409
0.105234
0.0980781
0.0905735
0.0830729
0.0757724
0.0687787
0.0621479
0.0559072
0.0500673
0.0446299
0.0395908
0.0349426
0.0306753
0.0267771
0.0232347
0.0200332
0.0171564
0.0145867
0.0123056
0.0102936
0.00853037
0.00699533
0.00566765
0.00452669
0.00355232
0.0027252
0.00202705
0.00144088
0.000951095
0.000508157
0.000147585
0.000169845
0.000551564
0.000981504
0.00146516
0.00200834
0.00261719
0.00329807
0.00405758
0.00490237
0.0058391
0.00687431
0.00801423
0.0092647
0.010631
0.0121176
0.0137281
0.0154652
0.0173303
0.0193234
0.0214436
0.023688
0.0260527
0.0285321
0.0311196
0.0338068
0.0365845
0.0394423
0.0423689
0.0453523
0.0483802
0.0514397
0.0545181
0.0576026
0.0606807
0.0637405
0.0667704
0.0697599
0.072699
0.0755787
0.078391
0.0811289
0.0837862
0.0863581
0.0888403
0.0912297
0.0935242
0.0957222
0.097823
0.0998266
0.101734
0.103545
0.105263
0.106856
0.108361
0.109781
0.111118
0.112374
0.11355
0.114645
0.115655
0.116574
0.117383
0.118054
0.118533
0.118727
0.118477
0.117512
0.115367
0.111233
0.105016
0.09784
0.0903273
0.0828263
0.07553
0.0685437
0.0619224
0.0556926
0.0498648
0.0444401
0.0394142
0.0347795
0.0305259
0.0266413
0.0231124
0.0199239
0.0170596
0.0145019
0.012232
0.0102305
0.00847687
0.00695056
0.00563073
0.00449674
0.0035285
0.00270672
0.00201317
0.00143093
0.00094449
0.000504605
0.000146548
0.000169584
0.000550719
0.000980004
0.00146293
0.0020053
0.00261324
0.00329313
0.00405155
0.00489515
0.00583061
0.00686443
0.00800289
0.00925181
0.0106165
0.0121014
0.0137102
0.0154456
0.0173089
0.0193004
0.0214188
0.0236617
0.0260249
0.0285031
0.0310895
0.0337758
0.0365528
0.0394101
0.0423365
0.04532
0.0483482
0.0514084
0.0544876
0.0575732
0.0606527
0.063714
0.0667457
0.0697371
0.0726783
0.0755601
0.0783747
0.0811148
0.0837745
0.0863486
0.0888331
0.0912248
0.0935214
0.0957214
0.0978242
0.0998296
0.101738
0.103552
0.105271
0.106864
0.108371
0.109791
0.111129
0.112385
0.113561
0.114656
0.115667
0.116585
0.117393
0.118061
0.118536
0.118722
0.11846
0.117475
0.115295
0.111102
0.104854
0.0976623
0.0901437
0.0826424
0.0753494
0.0683687
0.0617545
0.0555329
0.049714
0.0442988
0.0392828
0.0346582
0.0304148
0.0265404
0.0230214
0.0198427
0.0169877
0.0144389
0.0121774
0.0101836
0.00843712
0.0069173
0.00560329
0.00447449
0.00351081
0.00269299
0.00200286
0.00142355
0.000939586
0.000501969
0.000145778
0.00016941
0.000550156
0.000979007
0.00146145
0.00200328
0.00261063
0.00328986
0.00404756
0.00489039
0.005825
0.00685792
0.00799541
0.00924331
0.0106069
0.0120907
0.0136984
0.0154326
0.0172948
0.0192852
0.0214026
0.0236444
0.0260067
0.0284841
0.0310697
0.0337554
0.036532
0.039389
0.0423153
0.0452989
0.0483273
0.0513878
0.0544677
0.057554
0.0606344
0.0636968
0.0667296
0.0697223
0.0726648
0.0755481
0.0783641
0.0811058
0.083767
0.0863426
0.0888286
0.0912218
0.0935197
0.0957211
0.0978251
0.0998318
0.101742
0.103556
0.105276
0.10687
0.108377
0.109798
0.111137
0.112393
0.113569
0.114665
0.115675
0.116592
0.1174
0.118066
0.118538
0.118719
0.118449
0.11745
0.115247
0.111014
0.104746
0.0975442
0.0900216
0.0825202
0.0752294
0.0682524
0.061643
0.0554269
0.049614
0.0442051
0.0391957
0.0345778
0.0303411
0.0264735
0.0229611
0.0197888
0.01694
0.0143971
0.0121411
0.0101525
0.00841075
0.00689523
0.00558509
0.00445972
0.00349906
0.00268387
0.00199601
0.00141864
0.000936326
0.000500216
0.000145266
0.000169323
0.000549874
0.000978507
0.0014607
0.00200227
0.00260932
0.00328823
0.00404558
0.00488802
0.00582221
0.00685468
0.0079917
0.0092391
0.0106022
0.0120854
0.0136926
0.0154262
0.0172879
0.0192777
0.0213945
0.0236359
0.0259977
0.0284747
0.0310599
0.0337454
0.0365217
0.0393786
0.0423048
0.0452884
0.048317
0.0513777
0.0544578
0.0575446
0.0606254
0.0636883
0.0667217
0.069715
0.0726582
0.0755422
0.0783589
0.0811013
0.0837633
0.0863397
0.0888264
0.0912203
0.093519
0.095721
0.0978256
0.0998329
0.101743
0.103558
0.105278
0.106873
0.10838
0.109802
0.11114
0.112397
0.113573
0.114669
0.115679
0.116596
0.117403
0.118069
0.118539
0.118718
0.118444
0.117438
0.115223
0.110971
0.104692
0.0974851
0.0899606
0.0824591
0.0751694
0.0681943
0.0615873
0.0553739
0.0495639
0.0441582
0.0391521
0.0345376
0.0303043
0.02644
0.0229309
0.0197618
0.0169162
0.0143762
0.012123
0.0101369
0.00839757
0.0068842
0.00557599
0.00445234
0.00349318
0.00267931
0.00199259
0.00141619
0.000934696
0.00049934
0.00014501
0.000169323
0.000549874
0.000978507
0.0014607
0.00200227
0.00260932
0.00328823
0.00404558
0.00488802
0.00582221
0.00685468
0.0079917
0.0092391
0.0106022
0.0120854
0.0136926
0.0154262
0.0172879
0.0192777
0.0213945
0.0236359
0.0259977
0.0284747
0.0310599
0.0337454
0.0365217
0.0393786
0.0423048
0.0452884
0.048317
0.0513777
0.0544578
0.0575446
0.0606254
0.0636883
0.0667217
0.069715
0.0726582
0.0755422
0.0783589
0.0811013
0.0837633
0.0863397
0.0888264
0.0912203
0.093519
0.095721
0.0978256
0.0998329
0.101743
0.103558
0.105278
0.106873
0.10838
0.109802
0.11114
0.112397
0.113573
0.114669
0.115679
0.116596
0.117403
0.118069
0.118539
0.118718
0.118444
0.117438
0.115223
0.110971
0.104692
0.0974851
0.0899606
0.0824591
0.0751694
0.0681943
0.0615873
0.0553739
0.049564
0.0441583
0.0391521
0.0345376
0.0303043
0.02644
0.0229309
0.0197619
0.0169162
0.0143762
0.012123
0.0101369
0.00839758
0.00688421
0.005576
0.00445234
0.00349318
0.00267931
0.00199259
0.00141619
0.000934697
0.00049934
0.00014501
0.00016941
0.000550156
0.000979007
0.00146145
0.00200328
0.00261063
0.00328986
0.00404756
0.00489039
0.005825
0.00685792
0.00799541
0.00924331
0.0106069
0.0120907
0.0136984
0.0154326
0.0172948
0.0192852
0.0214026
0.0236444
0.0260067
0.0284841
0.0310697
0.0337554
0.036532
0.039389
0.0423153
0.0452989
0.0483273
0.0513878
0.0544677
0.057554
0.0606344
0.0636968
0.0667296
0.0697223
0.0726648
0.0755481
0.0783641
0.0811058
0.083767
0.0863426
0.0888286
0.0912217
0.0935197
0.0957211
0.0978251
0.0998318
0.101742
0.103556
0.105276
0.10687
0.108377
0.109798
0.111137
0.112393
0.113569
0.114665
0.115675
0.116592
0.1174
0.118066
0.118538
0.118719
0.118449
0.11745
0.115247
0.111014
0.104746
0.0975442
0.0900217
0.0825202
0.0752295
0.0682525
0.0616431
0.055427
0.049614
0.0442052
0.0391958
0.0345779
0.0303412
0.0264735
0.0229611
0.0197888
0.0169401
0.0143971
0.0121412
0.0101525
0.00841078
0.00689526
0.00558511
0.00445974
0.00349907
0.00268388
0.00199602
0.00141865
0.00093633
0.000500218
0.000145266
0.000169584
0.000550719
0.000980004
0.00146293
0.0020053
0.00261324
0.00329313
0.00405155
0.00489515
0.0058306
0.00686443
0.00800289
0.00925181
0.0106165
0.0121014
0.0137102
0.0154456
0.0173089
0.0193004
0.0214188
0.0236617
0.0260249
0.0285031
0.0310895
0.0337758
0.0365528
0.0394101
0.0423365
0.04532
0.0483482
0.0514084
0.0544876
0.0575732
0.0606527
0.063714
0.0667457
0.0697371
0.0726783
0.0755601
0.0783747
0.0811148
0.0837745
0.0863486
0.0888331
0.0912248
0.0935214
0.0957214
0.0978242
0.0998296
0.101738
0.103552
0.105271
0.106864
0.108371
0.109791
0.111129
0.112385
0.113561
0.114656
0.115667
0.116585
0.117393
0.118061
0.118536
0.118722
0.11846
0.117475
0.115295
0.111102
0.104854
0.0976624
0.0901438
0.0826425
0.0753495
0.0683688
0.0617546
0.055533
0.0497142
0.0442989
0.039283
0.0346584
0.0304149
0.0265405
0.0230215
0.0198427
0.0169878
0.0144389
0.0121774
0.0101836
0.00843716
0.00691734
0.00560332
0.00447451
0.00351083
0.002693
0.00200288
0.00142356
0.000939592
0.000501972
0.000145779
0.000169845
0.000551563
0.000981504
0.00146516
0.00200834
0.00261719
0.00329807
0.00405758
0.00490236
0.0058391
0.0068743
0.00801423
0.0092647
0.010631
0.0121176
0.0137281
0.0154652
0.0173303
0.0193234
0.0214436
0.023688
0.0260526
0.0285321
0.0311196
0.0338068
0.0365845
0.0394423
0.0423689
0.0453523
0.0483802
0.0514397
0.0545181
0.0576026
0.0606807
0.0637405
0.0667704
0.0697599
0.072699
0.0755787
0.078391
0.0811289
0.0837862
0.0863581
0.0888403
0.0912297
0.0935242
0.0957221
0.097823
0.0998266
0.101734
0.103545
0.105263
0.106856
0.108361
0.109781
0.111118
0.112374
0.11355
0.114644
0.115655
0.116574
0.117383
0.118054
0.118533
0.118727
0.118477
0.117512
0.115367
0.111233
0.105016
0.0978402
0.0903275
0.0828265
0.0755302
0.0685439
0.0619226
0.0556928
0.049865
0.0444402
0.0394144
0.0347797
0.030526
0.0266415
0.0231125
0.019924
0.0170597
0.014502
0.0122321
0.0102305
0.00847693
0.00695061
0.00563077
0.00449678
0.00352853
0.00270674
0.00201319
0.00143095
0.000944498
0.000504609
0.000146549
0.000170198
0.000552709
0.000983536
0.00146818
0.00201247
0.00262253
0.00330476
0.00406574
0.00491213
0.00585061
0.00688768
0.0080296
0.00928218
0.0106507
0.0121395
0.0137524
0.0154919
0.0173593
0.0193548
0.0214772
0.0237237
0.0260903
0.0285716
0.0311606
0.0338491
0.0366277
0.0394861
0.042413
0.0453964
0.0484238
0.0514825
0.0545598
0.0576428
0.0607191
0.0637767
0.0668044
0.0697913
0.0727276
0.0756044
0.0784137
0.0811484
0.0838027
0.0863714
0.0888505
0.091237
0.0935285
0.0957237
0.0978218
0.099823
0.101728
0.103537
0.105253
0.106846
0.108349
0.109768
0.111104
0.112359
0.113534
0.114629
0.11564
0.116559
0.11737
0.118045
0.118529
0.118732
0.118499
0.117562
0.115463
0.111409
0.105234
0.0980784
0.0905738
0.0830732
0.0757726
0.068779
0.0621482
0.0559074
0.0500676
0.0446301
0.039591
0.0349428
0.0306755
0.0267773
0.0232349
0.0200334
0.0171565
0.0145868
0.0123057
0.0102937
0.00853045
0.0069954
0.0056677
0.00452674
0.00355236
0.00272523
0.00202707
0.00144089
0.000951105
0.000508162
0.000147587
0.000170649
0.00055417
0.000986128
0.00147204
0.00201773
0.00262934
0.00331329
0.00407615
0.0049246
0.0058653
0.00690477
0.00804924
0.00930452
0.0106758
0.0121676
0.0137835
0.015526
0.0173965
0.019395
0.0215202
0.0237695
0.0261386
0.0286222
0.0312131
0.0339033
0.0366832
0.0395424
0.0424697
0.045453
0.0484799
0.0515376
0.0546134
0.0576946
0.0607687
0.0638237
0.0668484
0.069832
0.0727648
0.0756379
0.0784434
0.0811742
0.0838245
0.0863893
0.0888645
0.0912471
0.0935349
0.0957265
0.0978213
0.0998193
0.101721
0.103528
0.105241
0.106833
0.108335
0.109752
0.111087
0.11234
0.113515
0.114609
0.11562
0.116541
0.117354
0.118033
0.118524
0.11874
0.118527
0.117625
0.115585
0.11163
0.105508
0.0983782
0.0908839
0.0833841
0.0760783
0.0690755
0.0624329
0.0561784
0.0503236
0.0448701
0.0398144
0.0351491
0.0308645
0.0269492
0.0233898
0.0201718
0.017279
0.0146942
0.0123989
0.0103736
0.00859823
0.00705212
0.00571448
0.00456468
0.00358253
0.00274863
0.00204465
0.00145348
0.000959469
0.00051266
0.000148901
0.000171204
0.000555968
0.000989319
0.00147678
0.0020242
0.00263774
0.0033238
0.00408898
0.00493996
0.0058834
0.00692582
0.00807344
0.00933206
0.0107069
0.0122023
0.0138219
0.0155681
0.0174423
0.0194445
0.0215733
0.0238259
0.0261983
0.0286846
0.0312781
0.0339702
0.0367517
0.039612
0.0425398
0.0455231
0.0485495
0.0516061
0.0546802
0.0577591
0.0608305
0.0638823
0.0669034
0.0698831
0.0728117
0.0756803
0.0784811
0.0812072
0.0838526
0.0864125
0.0888829
0.0912608
0.0935441
0.0957313
0.0978219
0.0998159
0.101714
0.103517
0.105227
0.106819
0.108319
0.109734
0.111066
0.112319
0.113492
0.114586
0.115597
0.116519
0.117335
0.118018
0.118518
0.118749
0.118561
0.1177
0.115731
0.111897
0.105838
0.0987408
0.0912594
0.0837608
0.0764489
0.0694352
0.0627785
0.0565076
0.0506347
0.0451619
0.0400861
0.0354001
0.0310947
0.0271585
0.0235786
0.0203405
0.0174284
0.0148252
0.0125125
0.0104711
0.0086809
0.0071213
0.00577153
0.00461095
0.00361932
0.00277718
0.00206608
0.00146884
0.000969667
0.000518144
0.000150503
0.000171871
0.000558129
0.000993153
0.00148248
0.00203198
0.00264782
0.00333643
0.0041044
0.00495843
0.00590517
0.00695115
0.00810256
0.00936518
0.0107442
0.012244
0.013868
0.0156188
0.0174975
0.0195042
0.0216373
0.023894
0.0262701
0.0287599
0.0313564
0.034051
0.0368345
0.0396961
0.0426246
0.045608
0.0486337
0.051689
0.0547611
0.0578375
0.0609056
0.0639538
0.0669706
0.0699457
0.0728693
0.0757326
0.0785279
0.0812483
0.083888
0.0864421
0.0889068
0.0912791
0.0935569
0.0957388
0.0978244
0.0998137
0.101707
0.103507
0.105213
0.106804
0.1083
0.109713
0.111043
0.112294
0.113466
0.114559
0.115571
0.116494
0.117313
0.118002
0.118512
0.118759
0.1186
0.117789
0.115902
0.11221
0.106227
0.0991671
0.0917013
0.0842045
0.0768859
0.0698597
0.0631866
0.0568967
0.0510026
0.0455073
0.0404078
0.0356976
0.0313676
0.0274068
0.0238026
0.0205408
0.0176058
0.0149808
0.0126476
0.010587
0.00877914
0.0072035
0.00583933
0.00466593
0.00366304
0.00281109
0.00209154
0.00148707
0.000981778
0.000524657
0.000152406
0.000172659
0.00056068
0.00099768
0.00148922
0.00204118
0.00265974
0.00335135
0.00412262
0.00498026
0.00593091
0.00698108
0.00813698
0.00940436
0.0107883
0.0122933
0.0139226
0.0156788
0.0175628
0.0195747
0.0217129
0.0239745
0.0263552
0.0288491
0.0314491
0.0341467
0.0369325
0.0397958
0.0427252
0.0457087
0.0487337
0.0517876
0.0548575
0.0579309
0.0609955
0.0640393
0.0670513
0.070021
0.0729388
0.075796
0.0785849
0.0812987
0.0839317
0.0864791
0.0889371
0.0913028
0.0935742
0.09575
0.0978297
0.0998134
0.101702
0.103496
0.105198
0.106788
0.108281
0.10969
0.111018
0.112267
0.113437
0.11453
0.115541
0.116465
0.117287
0.117982
0.118504
0.118771
0.118645
0.117889
0.116097
0.112567
0.106672
0.0996567
0.0922096
0.0847159
0.0773901
0.0703501
0.0636586
0.057347
0.0514288
0.0459077
0.0407812
0.036043
0.0316847
0.0276955
0.0240632
0.0207739
0.0178124
0.015162
0.0128048
0.010722
0.00889362
0.00729931
0.00591833
0.00473
0.00371397
0.00285059
0.00212119
0.00150831
0.000995881
0.000532241
0.000154622
0.000173577
0.000563654
0.00100296
0.00149707
0.00205189
0.00267364
0.00336876
0.00414389
0.00500573
0.00596094
0.00701603
0.00817717
0.00945008
0.0108399
0.0123508
0.0139864
0.0157487
0.017639
0.0196571
0.0218012
0.0240685
0.0264544
0.028953
0.0315572
0.0342584
0.037047
0.0399122
0.0428428
0.0458264
0.0488508
0.0519031
0.0549706
0.0580407
0.0611011
0.0641402
0.0671467
0.0701103
0.0730215
0.0758717
0.0786533
0.0813596
0.0839849
0.0865246
0.0889749
0.0913331
0.0935971
0.0957658
0.0978386
0.0998158
0.101698
0.103487
0.105184
0.106772
0.108261
0.109666
0.110991
0.112237
0.113406
0.114497
0.115508
0.116433
0.117259
0.117961
0.118494
0.118782
0.118692
0.117997
0.11631
0.112958
0.107167
0.100206
0.0927825
0.0852937
0.0779611
0.0709064
0.0641947
0.0578591
0.0519141
0.0463641
0.041207
0.0364374
0.032047
0.0280256
0.0243613
0.0210407
0.018049
0.0153696
0.0129852
0.0108768
0.00902493
0.00740921
0.00600897
0.0048035
0.00377239
0.0028959
0.00215519
0.00153265
0.00101205
0.000540934
0.000157162
0.000174634
0.000567081
0.00100904
0.00150612
0.00206425
0.00268967
0.00338884
0.00416842
0.00503513
0.00599561
0.00705637
0.00822356
0.00950287
0.0108993
0.0124172
0.0140599
0.0158294
0.0177269
0.019752
0.021903
0.0241768
0.0265687
0.0290729
0.0316819
0.0343871
0.0371789
0.0400465
0.0429783
0.0459623
0.048986
0.0520366
0.0551014
0.0581679
0.0612238
0.0642574
0.0672578
0.0702146
0.0731185
0.0759608
0.0787342
0.081432
0.0840487
0.0865797
0.0890213
0.0913709
0.0936266
0.0957872
0.0978522
0.0998221
0.101697
0.10348
0.10517
0.106757
0.108241
0.109642
0.110963
0.112206
0.113372
0.114461
0.115472
0.116398
0.117227
0.117936
0.118481
0.118791
0.118738
0.118106
0.116526
0.113359
0.107699
0.100806
0.0934146
0.0859347
0.0785965
0.0715269
0.0647939
0.0584323
0.052458
0.0468761
0.0416854
0.0368808
0.0324548
0.0283974
0.0246975
0.0213419
0.0183161
0.0156043
0.013189
0.0110519
0.00917346
0.00753354
0.0061115
0.00488663
0.00383847
0.00294712
0.00219363
0.00156017
0.00103031
0.000550756
0.000160032
0.000175843
0.000571
0.001016
0.00151648
0.00207839
0.00270801
0.00341183
0.00419651
0.00506877
0.00603529
0.00710253
0.00827663
0.00956324
0.0109674
0.0124931
0.0141439
0.0159216
0.0178272
0.0198603
0.022019
0.0243001
0.0266989
0.0292093
0.0318238
0.0345336
0.037329
0.0401992
0.0431326
0.0461171
0.0491401
0.0521889
0.0552508
0.0583132
0.0613641
0.0643919
0.0673855
0.0703348
0.0732305
0.0760641
0.0788284
0.0815168
0.0841239
0.0866452
0.0890773
0.0914173
0.0936636
0.0958151
0.0978715
0.099833
0.101701
0.103475
0.105159
0.106744
0.108222
0.109618
0.110934
0.112174
0.113337
0.114424
0.115434
0.116361
0.117193
0.117908
0.118465
0.118795
0.118778
0.118208
0.116732
0.113742
0.108251
0.101447
0.0940982
0.0866328
0.0792917
0.0722077
0.0654527
0.0590637
0.053058
0.0474418
0.0422146
0.037372
0.032907
0.0288103
0.0250711
0.0216769
0.0186136
0.0158657
0.0134163
0.0112472
0.00933926
0.00767236
0.006226
0.00497948
0.00391225
0.00300431
0.00223653
0.00159087
0.00105069
0.000561713
0.000163234
0.00017721
0.000575429
0.00102386
0.00152819
0.0020944
0.00272878
0.00343786
0.00422833
0.00510691
0.00608026
0.00715483
0.00833674
0.00963159
0.0110443
0.012579
0.0142387
0.0160256
0.0179403
0.0199824
0.0221497
0.024439
0.0268454
0.0293626
0.0319832
0.0346981
0.0374976
0.0403707
0.0433059
0.0462909
0.0493132
0.05236
0.0554188
0.0584769
0.0615224
0.0645437
0.0675299
0.070471
0.0733578
0.076182
0.0789364
0.0816145
0.0842111
0.0867219
0.0891433
0.0914729
0.0937089
0.0958504
0.0978972
0.0998495
0.101708
0.103475
0.105151
0.106732
0.108204
0.109594
0.110906
0.112141
0.113301
0.114386
0.115395
0.116321
0.117156
0.117876
0.118444
0.118794
0.11881
0.118295
0.116911
0.114074
0.108804
0.102116
0.0948234
0.0873797
0.0800389
0.0729418
0.0661647
0.0597474
0.0537089
0.0480564
0.0427905
0.0379073
0.0334005
0.0292615
0.02548
0.022044
0.01894
0.0161529
0.0136662
0.0114621
0.00952174
0.0078252
0.00635208
0.00508171
0.00399347
0.00306725
0.00228372
0.00162463
0.00107309
0.000573755
0.000166753
0.000178746
0.000580406
0.0010327
0.00154136
0.00211239
0.00275214
0.00346715
0.00426412
0.00514978
0.00613079
0.00721357
0.00840419
0.00970819
0.0111304
0.0126749
0.0143447
0.0161416
0.0180663
0.0201181
0.0222949
0.0245931
0.0270078
0.0295325
0.0321596
0.0348801
0.037684
0.0405603
0.0434973
0.0464829
0.0495044
0.0525492
0.0556045
0.058658
0.0616977
0.064712
0.0676904
0.0706227
0.0734999
0.076314
0.0790576
0.0817247
0.0843101
0.0868094
0.0892195
0.0915378
0.0937627
0.0958935
0.0979298
0.0998722
0.101722
0.103479
0.105147
0.106724
0.108189
0.109573
0.110879
0.11211
0.113265
0.114348
0.115354
0.116281
0.117117
0.117843
0.118421
0.11879
0.118837
0.118376
0.117082
0.114397
0.109369
0.10281
0.0955822
0.0881648
0.080827
0.073718
0.0669192
0.0604733
0.0544012
0.0487113
0.0434051
0.0384797
0.0339292
0.0297457
0.0259195
0.0224393
0.0192919
0.016463
0.0139364
0.0116948
0.00971953
0.007991
0.00648894
0.0051927
0.00408167
0.00313559
0.00233494
0.00166126
0.00109738
0.000586816
0.000170571
0.000180439
0.000585899
0.00104247
0.00155591
0.0021323
0.002778
0.00349958
0.00430375
0.00519725
0.00618671
0.00727852
0.00847869
0.00979271
0.0112253
0.0127805
0.014461
0.0162688
0.0182042
0.0202665
0.0224533
0.024761
0.0271845
0.0297171
0.0323512
0.0350775
0.037886
0.0407656
0.0437046
0.0466907
0.0497114
0.0527539
0.0558056
0.0588541
0.0618876
0.0648946
0.0678646
0.0707876
0.0736548
0.0764581
0.0791905
0.081846
0.0844195
0.0869068
0.0893049
0.0916113
0.0938246
0.095944
0.0979694
0.0999012
0.101741
0.103489
0.105148
0.10672
0.108177
0.109554
0.110855
0.11208
0.113231
0.11431
0.115315
0.116241
0.117078
0.117809
0.118397
0.118784
0.118863
0.118455
0.117251
0.11472
0.109942
0.103519
0.0963594
0.0889712
0.0816383
0.0745189
0.0676992
0.0612252
0.0551196
0.0493923
0.0440456
0.0390773
0.0344823
0.0302534
0.0263814
0.0228555
0.0196634
0.0167909
0.0142227
0.0119417
0.00992969
0.00816734
0.00663458
0.00531087
0.00417556
0.0032083
0.00238942
0.00170019
0.00112318
0.000600679
0.000174621
0.000182294
0.000591915
0.00105317
0.00157187
0.00215413
0.00280635
0.00353511
0.00434714
0.00524913
0.00624771
0.00734921
0.00855959
0.00988424
0.0113279
0.0128942
0.0145861
0.0164052
0.0183518
0.020425
0.0226222
0.0249397
0.0273722
0.029913
0.032554
0.0352863
0.0380994
0.0409823
0.0439232
0.0469097
0.0499293
0.0529694
0.0560172
0.0590605
0.0620875
0.0650869
0.0680482
0.0709616
0.0738184
0.0766107
0.0793315
0.081975
0.0845363
0.0870113
0.0893971
0.0916914
0.0938928
0.0960006
0.0980148
0.099936
0.101765
0.103504
0.105154
0.106718
0.108168
0.109539
0.110833
0.112053
0.1132
0.114275
0.115277
0.116202
0.117041
0.117776
0.118374
0.118777
0.118887
0.118531
0.117415
0.115033
0.110506
0.104219
0.0971299
0.0897725
0.0824462
0.0753178
0.0684789
0.0619783
0.0558407
0.0500774
0.0446914
0.0396814
0.035043
0.0307694
0.0268522
0.0232811
0.0200442
0.0171282
0.014518
0.0121971
0.0101476
0.00835065
0.00678628
0.00543412
0.00427358
0.00328426
0.00244631
0.00174082
0.00115009
0.000615141
0.000178847
0.00018424
0.000598234
0.00106442
0.00158868
0.00217715
0.00283626
0.0035726
0.00439287
0.00530376
0.00631182
0.00742336
0.00864425
0.00997982
0.0114346
0.0130124
0.0147158
0.0165463
0.0185042
0.0205882
0.0227958
0.025123
0.0275644
0.0301131
0.0327611
0.0354991
0.0383166
0.0412026
0.0441451
0.0471318
0.0501502
0.0531876
0.0562314
0.0592693
0.0622897
0.0652814
0.0682339
0.0711377
0.073984
0.0767652
0.0794746
0.0821062
0.0846554
0.0871183
0.089492
0.0917743
0.0939639
0.0960604
0.0980636
0.0999743
0.101794
0.103523
0.105165
0.106721
0.108163
0.109527
0.110816
0.11203
0.113173
0.114244
0.115244
0.116168
0.117007
0.117746
0.118352
0.118771
0.118909
0.118601
0.117569
0.115327
0.111038
0.104881
0.0978589
0.0905322
0.0832137
0.0760783
0.0692226
0.0626982
0.0565318
0.0507355
0.0453136
0.0402652
0.0355865
0.0312713
0.0273117
0.0236979
0.0204186
0.017461
0.0148104
0.0124508
0.0103648
0.00853376
0.00693812
0.00555766
0.0043719
0.00336043
0.00250333
0.0017815
0.00117699
0.000629578
0.000183063
0.000186247
0.000604759
0.00107605
0.00160604
0.00220089
0.00286701
0.00361096
0.00443943
0.00535906
0.00637638
0.00749764
0.00872868
0.0100747
0.0115403
0.0131289
0.0148433
0.0166846
0.018653
0.0207472
0.0229646
0.0253008
0.0277504
0.0303065
0.0329607
0.0357038
0.0385252
0.0414137
0.0443574
0.047344
0.0503609
0.0533954
0.056435
0.0594676
0.0624815
0.0654657
0.0684097
0.0713042
0.0741407
0.0769114
0.0796099
0.0822304
0.0847683
0.0872198
0.0895822
0.0918535
0.0940323
0.0961183
0.0981115
0.100013
0.101823
0.103544
0.105178
0.106726
0.108162
0.10952
0.110803
0.112012
0.113151
0.114219
0.115216
0.116139
0.116979
0.11772
0.118333
0.118766
0.118928
0.118663
0.117702
0.115584
0.111504
0.105461
0.0984996
0.0912009
0.0838904
0.0767503
0.0698812
0.0633374
0.057147
0.0513233
0.0458712
0.0407903
0.0360773
0.0317265
0.0277303
0.0240794
0.0207631
0.0177688
0.0150823
0.0126881
0.0105692
0.00870719
0.00708281
0.00567606
0.00446657
0.00343404
0.00255852
0.00182087
0.00120297
0.000643546
0.000187143
0.000188036
0.000610584
0.00108646
0.00162162
0.00222221
0.00289461
0.00364539
0.00448117
0.00540859
0.00643414
0.00756402
0.00880399
0.0101593
0.0116342
0.0132324
0.0149561
0.0168068
0.0187844
0.0208873
0.0231129
0.0254568
0.0279133
0.0304754
0.0331347
0.0358818
0.0387062
0.0415966
0.0445409
0.047527
0.0505421
0.0535737
0.0566094
0.059637
0.062645
0.0656224
0.0685589
0.0714453
0.0742731
0.0770348
0.0797239
0.0823349
0.0848633
0.0873053
0.0896583
0.0919203
0.0940901
0.0961675
0.0981524
0.100046
0.101848
0.103563
0.10519
0.106732
0.108162
0.109516
0.110794
0.112
0.113135
0.114201
0.115196
0.116117
0.116958
0.117701
0.11832
0.118763
0.118943
0.11871
0.117805
0.115781
0.111863
0.105909
0.0989956
0.0917195
0.0844163
0.0772736
0.0703954
0.063838
0.0576305
0.0517871
0.0463129
0.0412082
0.0364698
0.0320923
0.0280685
0.0243894
0.0210444
0.0180215
0.0153068
0.012885
0.0107396
0.00885236
0.00720438
0.00577583
0.00454654
0.00349628
0.00260519
0.0018541
0.00122486
0.000655274
0.000190562
0.000189462
0.000615203
0.00109461
0.00163362
0.00223837
0.00291528
0.0036709
0.00451188
0.00544484
0.00647623
0.00761221
0.00885852
0.0102203
0.0117018
0.0133065
0.0150368
0.0168938
0.0188775
0.0209863
0.0232172
0.025566
0.0280268
0.0305925
0.0332548
0.0360041
0.0388298
0.0417207
0.0446648
0.0476498
0.0506631
0.0536921
0.0567245
0.0597482
0.0627516
0.065724
0.0686551
0.0715357
0.0743575
0.077113
0.0797958
0.0824005
0.0849225
0.0873583
0.0897052
0.0919613
0.0941256
0.0961975
0.0981773
0.100066
0.101864
0.103574
0.105197
0.106736
0.108163
0.109514
0.11079
0.111993
0.113127
0.114191
0.115185
0.116105
0.116946
0.117691
0.118312
0.118761
0.118952
0.118737
0.117863
0.115893
0.112067
0.106164
0.0992774
0.0920148
0.0847166
0.0775736
0.0706916
0.0641278
0.057912
0.0520588
0.0465735
0.0414564
0.0367047
0.032313
0.0282743
0.0245796
0.0212187
0.0181796
0.0154486
0.0130107
0.0108495
0.00894708
0.00728464
0.00584258
0.00460081
0.00353918
0.00263785
0.00187765
0.00124041
0.000663883
0.000193106
)
;

boundaryField
{
    fuel
    {
        type            fixedValue;
        value           uniform 0;
    }
    air
    {
        type            fixedValue;
        value           uniform 0;
    }
    outlet
    {
        type            inletOutlet;
        inletValue      uniform 0;
        value           nonuniform List<scalar> 
200
(
0.000189461
0.000615197
0.0010946
0.0016336
0.00223835
0.00291525
0.00367087
0.00451184
0.0054448
0.00647618
0.00761216
0.00885846
0.0102202
0.0117017
0.0133064
0.0150367
0.0168938
0.0188774
0.0209862
0.0232171
0.0255659
0.0280267
0.0305925
0.0332547
0.036004
0.0388298
0.0417207
0.0446648
0.0476498
0.050663
0.0536921
0.0567245
0.0597482
0.0627516
0.065724
0.0686551
0.0715358
0.0743575
0.077113
0.0797959
0.0824005
0.0849225
0.0873584
0.0897053
0.0919614
0.0941256
0.0961975
0.0981773
0.100066
0.101864
0.103574
0.105197
0.106736
0.108163
0.109514
0.11079
0.111993
0.113127
0.114191
0.115185
0.116105
0.116946
0.117691
0.118312
0.118761
0.118952
0.118737
0.117863
0.115893
0.112067
0.106164
0.099278
0.0920154
0.0847172
0.0775742
0.0706922
0.0641284
0.0579126
0.0520593
0.046574
0.041457
0.0367052
0.0323135
0.0282747
0.02458
0.0212191
0.0181799
0.0154489
0.013011
0.0108497
0.00894727
0.0072848
0.0058427
0.0046009
0.00353925
0.0026379
0.00187769
0.00124043
0.000663895
0.00019311
0.000189462
0.000615203
0.00109461
0.00163362
0.00223837
0.00291528
0.0036709
0.00451188
0.00544484
0.00647623
0.00761221
0.00885852
0.0102203
0.0117018
0.0133065
0.0150368
0.0168938
0.0188775
0.0209863
0.0232172
0.025566
0.0280268
0.0305925
0.0332548
0.0360041
0.0388298
0.0417207
0.0446648
0.0476498
0.0506631
0.0536921
0.0567245
0.0597482
0.0627516
0.065724
0.0686551
0.0715357
0.0743575
0.077113
0.0797958
0.0824005
0.0849225
0.0873583
0.0897052
0.0919613
0.0941256
0.0961975
0.0981773
0.100066
0.101864
0.103574
0.105197
0.106736
0.108163
0.109514
0.11079
0.111993
0.113127
0.114191
0.115185
0.116105
0.116946
0.117691
0.118312
0.118761
0.118952
0.118737
0.117863
0.115893
0.112067
0.106164
0.0992774
0.0920148
0.0847166
0.0775736
0.0706916
0.0641278
0.057912
0.0520588
0.0465735
0.0414564
0.0367047
0.032313
0.0282743
0.0245796
0.0212187
0.0181796
0.0154486
0.0130107
0.0108495
0.00894708
0.00728464
0.00584258
0.00460081
0.00353918
0.00263785
0.00187765
0.00124041
0.000663883
0.000193106
)
;
    }
    frontAndBack
    {
        type            empty;
    }
}


// ************************************************************************* //
