/*--------------------------------*- C++ -*----------------------------------*\
| =========                 |                                                 |
| \\      /  F ield         | OpenFOAM: The Open Source CFD Toolbox           |
|  \\    /   O peration     | Version:  2312                                  |
|   \\  /    A nd           | Website:  www.openfoam.com                      |
|    \\/     M anipulation  |                                                 |
\*---------------------------------------------------------------------------*/
FoamFile
{
    version     2.0;
    format      ascii;
    arch        "LSB;label=64;scalar=64";
    class       volScalarField;
    location    "0.45";
    object      N2;
}
// * * * * * * * * * * * * * * * * * * * * * * * * * * * * * * * * * * * * * //

dimensions      [0 0 0 0 0 0 0];

internalField   nonuniform List<scalar> 
4000
(
0.00113209
0.00367599
0.00654047
0.00976082
0.0133737
0.0174173
0.0219306
0.0269532
0.0325244
0.0386825
0.0454642
0.0529033
0.0610303
0.0698707
0.0794449
0.0897666
0.100843
0.112672
0.125245
0.138545
0.152545
0.16721
0.182498
0.198359
0.214736
0.231565
0.24878
0.266309
0.284079
0.302014
0.32004
0.338084
0.356073
0.37394
0.391618
0.409049
0.426177
0.442953
0.459332
0.475277
0.490756
0.505741
0.520212
0.534153
0.547553
0.560406
0.572709
0.584464
0.595675
0.60635
0.616499
0.626135
0.635268
0.643741
0.651761
0.659344
0.666507
0.673267
0.679643
0.685651
0.691309
0.696634
0.701643
0.706353
0.710781
0.714942
0.718854
0.722533
0.725999
0.729273
0.732378
0.735331
0.738142
0.740814
0.743351
0.745755
0.748027
0.750167
0.752177
0.754058
0.755811
0.757438
0.758942
0.760325
0.761589
0.76274
0.76378
0.764715
0.765549
0.766288
0.766939
0.767508
0.768002
0.768426
0.76879
0.769098
0.769358
0.769576
0.769773
0.769934
0.00112357
0.00364841
0.0064918
0.00968917
0.0132772
0.0172939
0.0217783
0.0267699
0.032308
0.0384313
0.0451765
0.0525779
0.0606662
0.0694675
0.0790024
0.0892854
0.100323
0.112116
0.124655
0.137923
0.151893
0.166533
0.1818
0.197643
0.214007
0.230829
0.24804
0.265571
0.283347
0.301293
0.319335
0.337399
0.355411
0.373305
0.391013
0.408476
0.425639
0.44245
0.458867
0.474849
0.490366
0.505388
0.519896
0.533874
0.547309
0.560195
0.57253
0.584315
0.595555
0.606257
0.616431
0.62609
0.635245
0.643737
0.651773
0.659371
0.666547
0.67332
0.679705
0.685722
0.691388
0.69672
0.701735
0.70645
0.710881
0.715045
0.718959
0.722641
0.726107
0.729382
0.732487
0.73544
0.738249
0.74092
0.743456
0.745857
0.748126
0.750263
0.75227
0.754147
0.755896
0.757519
0.759017
0.760395
0.761654
0.762799
0.763834
0.764763
0.765592
0.766326
0.766972
0.767536
0.768024
0.768445
0.768804
0.769109
0.769366
0.769581
0.769776
0.769935
0.0011129
0.00361363
0.00642964
0.00959618
0.01315
0.0171292
0.0215728
0.0265207
0.0320124
0.0380866
0.0447805
0.0521286
0.060162
0.0689073
0.0783857
0.0886122
0.0995946
0.111333
0.12382
0.137038
0.150964
0.165563
0.180793
0.196607
0.212946
0.22975
0.246951
0.264478
0.282257
0.300214
0.318273
0.33636
0.354403
0.372331
0.39008
0.407588
0.424799
0.441662
0.458132
0.47417
0.489743
0.504823
0.519388
0.533421
0.546911
0.559851
0.572237
0.584071
0.595358
0.606104
0.61632
0.626017
0.635207
0.643732
0.651798
0.659422
0.666622
0.673415
0.679819
0.685852
0.691532
0.696876
0.701901
0.706624
0.711062
0.715231
0.719148
0.722831
0.726299
0.729574
0.732679
0.735631
0.738438
0.741107
0.743638
0.746035
0.748299
0.750429
0.752429
0.754298
0.756039
0.757653
0.759143
0.760511
0.761761
0.762896
0.763921
0.76484
0.765659
0.766384
0.767022
0.767577
0.768059
0.768472
0.768826
0.769125
0.769377
0.769589
0.76978
0.769936
0.00110091
0.00357467
0.00636021
0.00949251
0.0130083
0.0169456
0.0213439
0.0262429
0.0316824
0.0377014
0.0443372
0.0516249
0.0595958
0.0682771
0.0776907
0.0878522
0.0987701
0.110446
0.122872
0.136032
0.149904
0.164454
0.179641
0.195417
0.211726
0.228507
0.245693
0.263213
0.280993
0.29896
0.317036
0.335147
0.353222
0.371189
0.388983
0.406541
0.423807
0.440729
0.457262
0.473365
0.489004
0.504151
0.518783
0.532883
0.546439
0.559443
0.571892
0.583786
0.59513
0.60593
0.616196
0.625941
0.635175
0.64374
0.651842
0.659499
0.666729
0.673548
0.679976
0.686029
0.691726
0.697085
0.702122
0.706855
0.7113
0.715474
0.719395
0.72308
0.726548
0.729823
0.732927
0.735878
0.738682
0.741346
0.743873
0.746263
0.748519
0.750641
0.75263
0.754489
0.756219
0.757821
0.759299
0.760654
0.761891
0.763014
0.764026
0.764933
0.765741
0.766454
0.767081
0.767627
0.768099
0.768505
0.768851
0.769144
0.769391
0.769597
0.769785
0.769937
0.00108929
0.00353695
0.00629302
0.00939217
0.0128708
0.0167671
0.0211201
0.0259699
0.0313564
0.0373188
0.0438948
0.0511197
0.0590256
0.0676401
0.0769857
0.0870788
0.0979287
0.109537
0.121899
0.134998
0.148811
0.163308
0.178448
0.194183
0.210459
0.227213
0.244381
0.261891
0.27967
0.297644
0.315736
0.333872
0.351979
0.369985
0.387825
0.405436
0.422759
0.439743
0.456341
0.472513
0.488223
0.503441
0.518146
0.532318
0.545945
0.559019
0.571535
0.583494
0.5949
0.605759
0.616081
0.625877
0.63516
0.643769
0.651911
0.659604
0.666866
0.673714
0.680167
0.686242
0.691958
0.697332
0.702382
0.707124
0.711576
0.715756
0.719679
0.723365
0.726833
0.730107
0.73321
0.736158
0.738959
0.741618
0.744138
0.74652
0.748766
0.750878
0.752856
0.754702
0.756419
0.758007
0.75947
0.760811
0.762034
0.763142
0.76414
0.765033
0.765827
0.766529
0.767144
0.767679
0.768141
0.768538
0.768877
0.769163
0.769405
0.769607
0.76979
0.769939
0.00107822
0.00350103
0.00622914
0.0092969
0.0127405
0.0165978
0.020908
0.025711
0.0310467
0.0369547
0.043473
0.0506371
0.0584795
0.0670285
0.0763072
0.0863326
0.0971151
0.108657
0.120954
0.133991
0.147746
0.162189
0.177281
0.192974
0.209215
0.225942
0.24309
0.260589
0.278366
0.296346
0.314453
0.332612
0.35075
0.368795
0.38668
0.404342
0.421723
0.438769
0.455433
0.471674
0.487454
0.502746
0.517524
0.531769
0.545468
0.558613
0.571198
0.583223
0.594693
0.605612
0.61599
0.625839
0.635168
0.643821
0.652003
0.659733
0.667027
0.673904
0.680383
0.68648
0.692214
0.697603
0.702664
0.707415
0.711874
0.716057
0.719982
0.723668
0.727135
0.730408
0.73351
0.736454
0.739251
0.741904
0.744416
0.746789
0.749025
0.751125
0.753091
0.754924
0.756626
0.758199
0.759647
0.760973
0.76218
0.763272
0.764255
0.765134
0.765915
0.766603
0.767206
0.767731
0.768184
0.768572
0.768903
0.769183
0.769419
0.769616
0.769795
0.76994
0.00106811
0.00346824
0.00617085
0.00921002
0.0126217
0.0164435
0.0207144
0.0254744
0.0307634
0.036621
0.0430854
0.0501925
0.0579753
0.0664624
0.0756776
0.0856386
0.0963565
0.107835
0.120069
0.133046
0.146745
0.161136
0.17618
0.191832
0.208038
0.224738
0.241867
0.259354
0.277128
0.295113
0.313234
0.331414
0.349582
0.367664
0.385593
0.403305
0.420741
0.437847
0.454575
0.470882
0.486732
0.502094
0.516943
0.53126
0.54503
0.558244
0.570896
0.582987
0.594519
0.605497
0.615931
0.625832
0.635195
0.643892
0.652114
0.65988
0.667206
0.674111
0.680613
0.686731
0.692482
0.697884
0.702956
0.707716
0.712179
0.716365
0.720291
0.723976
0.727442
0.730712
0.733811
0.736753
0.739544
0.742191
0.744695
0.747059
0.749284
0.751372
0.753324
0.755143
0.75683
0.758389
0.759821
0.761131
0.762322
0.763399
0.764368
0.765232
0.765999
0.766675
0.767267
0.767781
0.768224
0.768604
0.768928
0.769201
0.769432
0.769625
0.769799
0.769942
0.00105894
0.00343852
0.00611807
0.00913141
0.0125142
0.016304
0.0205396
0.0252608
0.0305075
0.0363194
0.0427348
0.04979
0.0575182
0.0659485
0.0751052
0.0850066
0.0956646
0.107083
0.119259
0.132181
0.145826
0.160168
0.175168
0.190781
0.206954
0.223628
0.240737
0.258214
0.275984
0.293974
0.312107
0.330308
0.348503
0.36662
0.38459
0.40235
0.419838
0.437001
0.453789
0.47016
0.486076
0.501505
0.516422
0.530806
0.544643
0.557922
0.570639
0.582792
0.594383
0.605418
0.615905
0.625855
0.635242
0.643981
0.652241
0.66004
0.667396
0.674327
0.680851
0.686987
0.692753
0.698167
0.703249
0.708014
0.712482
0.716669
0.720595
0.724279
0.727742
0.73101
0.734106
0.737043
0.73983
0.742469
0.744965
0.747319
0.749534
0.75161
0.753549
0.755354
0.757026
0.75857
0.759987
0.761281
0.762457
0.76352
0.764474
0.765325
0.766079
0.766743
0.767323
0.767827
0.768262
0.768634
0.768951
0.769219
0.769444
0.769633
0.769804
0.769943
0.00105078
0.00341208
0.00607111
0.00906148
0.0124187
0.01618
0.0203842
0.0250708
0.0302799
0.036051
0.0424227
0.0494313
0.0571104
0.0654894
0.0745932
0.0844407
0.0950442
0.106409
0.118532
0.131401
0.144999
0.159295
0.174254
0.189831
0.205973
0.222623
0.239716
0.257182
0.274949
0.292943
0.311088
0.329308
0.347528
0.365677
0.383686
0.401489
0.419026
0.436242
0.453087
0.469517
0.485494
0.500985
0.515965
0.530412
0.544311
0.557652
0.570428
0.582638
0.594283
0.60537
0.615906
0.625902
0.635308
0.644084
0.652378
0.660208
0.66759
0.674544
0.681088
0.68724
0.693019
0.698444
0.703532
0.708303
0.712773
0.716961
0.720886
0.724568
0.728028
0.731293
0.734386
0.737319
0.7401
0.742733
0.745221
0.747565
0.749769
0.751833
0.753759
0.755551
0.75721
0.758739
0.760141
0.761421
0.762583
0.763631
0.764572
0.76541
0.766152
0.766805
0.767376
0.76787
0.768297
0.768662
0.768973
0.769235
0.769456
0.769641
0.769808
0.769944
0.00104356
0.00338868
0.00602957
0.00899967
0.0123343
0.0160705
0.020247
0.0249032
0.0300791
0.0358142
0.0421472
0.0491146
0.0567501
0.0650837
0.0741404
0.0839397
0.0944946
0.105811
0.117886
0.13071
0.144263
0.158519
0.173441
0.188985
0.2051
0.221728
0.238805
0.256262
0.274027
0.292025
0.310181
0.328418
0.346663
0.364841
0.382885
0.400729
0.418311
0.435575
0.452471
0.468955
0.484988
0.500536
0.515574
0.530078
0.544034
0.557431
0.570261
0.582522
0.594217
0.605351
0.61593
0.625967
0.635388
0.644198
0.652522
0.660378
0.667784
0.674758
0.681318
0.687484
0.693274
0.698707
0.703802
0.708576
0.713047
0.717236
0.721159
0.724838
0.728296
0.731558
0.734647
0.737576
0.740351
0.742977
0.745457
0.747792
0.749986
0.752039
0.753953
0.755732
0.757378
0.758893
0.760282
0.761549
0.762698
0.763733
0.764661
0.765488
0.766219
0.766862
0.767423
0.76791
0.768329
0.768687
0.768992
0.76925
0.769466
0.769648
0.769812
0.769945
0.00103725
0.00336822
0.00599325
0.00894562
0.0122605
0.0159748
0.0201271
0.0247567
0.0299036
0.0356073
0.0419065
0.0488378
0.0564352
0.0647288
0.0737442
0.0835011
0.0940132
0.105287
0.11732
0.130103
0.143618
0.157837
0.172727
0.188242
0.204333
0.220942
0.238005
0.255454
0.273217
0.291219
0.309385
0.327639
0.345905
0.364111
0.382187
0.400067
0.417689
0.434997
0.451941
0.468473
0.484556
0.500156
0.515245
0.529801
0.543808
0.557254
0.570132
0.58244
0.594179
0.605354
0.615972
0.626044
0.635478
0.644317
0.652667
0.660547
0.667972
0.674963
0.681538
0.687715
0.693514
0.698954
0.704052
0.708829
0.713301
0.717489
0.72141
0.725087
0.728542
0.731801
0.734887
0.737811
0.740581
0.7432
0.745672
0.747999
0.750183
0.752225
0.754129
0.755896
0.75753
0.759033
0.76041
0.761664
0.762801
0.763825
0.764742
0.765558
0.766279
0.766913
0.767466
0.767945
0.768357
0.76871
0.76901
0.769263
0.769476
0.769654
0.769815
0.769946
0.00103177
0.00335046
0.00596174
0.00889874
0.0121965
0.0158919
0.0200232
0.0246298
0.0297515
0.035428
0.0416979
0.048598
0.0561623
0.0644213
0.0734008
0.083121
0.0935959
0.104832
0.116829
0.129576
0.143057
0.157246
0.172107
0.187597
0.203668
0.22026
0.237312
0.254754
0.272516
0.290522
0.308697
0.326965
0.345251
0.363481
0.381586
0.399499
0.417157
0.434505
0.451489
0.468066
0.484193
0.499839
0.514974
0.529576
0.543627
0.557117
0.570037
0.582386
0.594163
0.605374
0.616027
0.626129
0.635571
0.644436
0.652809
0.660708
0.66815
0.675156
0.681742
0.687929
0.693735
0.69918
0.704282
0.70906
0.713532
0.717718
0.721638
0.725311
0.728763
0.73202
0.735102
0.738022
0.740787
0.7434
0.745865
0.748184
0.750358
0.752392
0.754285
0.756042
0.757665
0.759157
0.760523
0.761766
0.762892
0.763906
0.764813
0.765619
0.766332
0.766958
0.767503
0.767976
0.768382
0.76873
0.769025
0.769275
0.769484
0.769659
0.769818
0.769947
0.00102707
0.00333523
0.00593471
0.00885854
0.0121416
0.0158207
0.0199341
0.024521
0.0296213
0.0352745
0.0415192
0.0483925
0.0559286
0.0641579
0.0731066
0.0827953
0.0932383
0.104443
0.116408
0.129125
0.142577
0.156739
0.171575
0.187045
0.203097
0.219676
0.236717
0.254155
0.271915
0.289926
0.30811
0.326391
0.344694
0.362946
0.381076
0.399018
0.416709
0.43409
0.451112
0.467726
0.483893
0.499578
0.514753
0.529394
0.543485
0.557013
0.56997
0.582353
0.594164
0.605406
0.616088
0.626217
0.635665
0.644551
0.652943
0.660858
0.668315
0.675332
0.681928
0.688123
0.693935
0.699383
0.704487
0.709266
0.713738
0.717923
0.72184
0.725511
0.72896
0.732214
0.735293
0.738209
0.740968
0.743576
0.746035
0.748346
0.750513
0.752538
0.754422
0.75617
0.757783
0.759265
0.760621
0.761855
0.762972
0.763976
0.764875
0.765673
0.766378
0.766997
0.767536
0.768003
0.768404
0.768747
0.769039
0.769285
0.769491
0.769664
0.769821
0.769948
0.00102308
0.00332233
0.00591182
0.00882449
0.0120952
0.0157605
0.0198587
0.0244289
0.029511
0.0351445
0.0413681
0.0482188
0.0557309
0.0639352
0.0728579
0.08252
0.0929359
0.104113
0.116052
0.128743
0.142171
0.15631
0.171126
0.186578
0.202616
0.219183
0.236216
0.253649
0.27141
0.289424
0.307616
0.325908
0.344227
0.362498
0.380651
0.398617
0.416335
0.433747
0.4508
0.467447
0.483648
0.499367
0.514576
0.529252
0.543376
0.556936
0.569924
0.582338
0.594176
0.605445
0.616151
0.626303
0.635755
0.644659
0.653066
0.660996
0.668464
0.675491
0.682094
0.688295
0.694111
0.699563
0.704668
0.709447
0.713918
0.718101
0.722016
0.725685
0.729131
0.732382
0.735458
0.738371
0.741126
0.743729
0.746181
0.748487
0.750647
0.752664
0.754541
0.75628
0.757885
0.759359
0.760706
0.761932
0.76304
0.764037
0.764928
0.765719
0.766418
0.767031
0.767564
0.768026
0.768423
0.768762
0.76905
0.769293
0.769498
0.769668
0.769823
0.769949
0.00101977
0.00331159
0.00589277
0.00879616
0.0120565
0.0157104
0.019796
0.0243524
0.0294193
0.0350365
0.0412425
0.0480744
0.0555666
0.0637501
0.0726512
0.0822912
0.0926848
0.10384
0.115756
0.128427
0.141834
0.155955
0.170754
0.186191
0.202216
0.218774
0.235801
0.253231
0.270992
0.289009
0.307208
0.325511
0.343843
0.36213
0.380301
0.398289
0.416031
0.433468
0.450547
0.467222
0.483451
0.499199
0.514437
0.529141
0.543293
0.556881
0.569895
0.582333
0.594195
0.605486
0.616212
0.626382
0.635837
0.644756
0.653177
0.661117
0.668595
0.675629
0.682239
0.688444
0.694264
0.699717
0.704824
0.709602
0.714073
0.718254
0.722167
0.725833
0.729277
0.732526
0.735599
0.738508
0.74126
0.743858
0.746306
0.748606
0.75076
0.75277
0.75464
0.756373
0.757971
0.759438
0.760778
0.761997
0.763098
0.764088
0.764973
0.765758
0.766451
0.767059
0.767588
0.768045
0.768439
0.768775
0.76906
0.769301
0.769503
0.769672
0.769825
0.769949
0.00101708
0.00330287
0.0058773
0.00877314
0.0120251
0.0156697
0.019745
0.0242902
0.0293449
0.0349488
0.0411405
0.0479572
0.0554333
0.0635999
0.0724836
0.0821057
0.0924812
0.103618
0.115517
0.12817
0.141562
0.155667
0.170453
0.185878
0.201893
0.218444
0.235466
0.252893
0.270654
0.288675
0.306879
0.325191
0.343534
0.361835
0.380022
0.398027
0.415788
0.433246
0.450347
0.467044
0.483297
0.499069
0.51433
0.529058
0.543232
0.556842
0.569878
0.582336
0.594217
0.605525
0.616268
0.626453
0.63591
0.644841
0.653272
0.661221
0.668706
0.675746
0.682361
0.68857
0.694392
0.699846
0.704953
0.709732
0.714201
0.718381
0.722292
0.725956
0.729398
0.732644
0.735715
0.738622
0.74137
0.743965
0.746408
0.748704
0.750853
0.752858
0.754723
0.756449
0.758041
0.759502
0.760837
0.76205
0.763145
0.76413
0.76501
0.76579
0.766479
0.767082
0.767607
0.768061
0.768452
0.768785
0.769068
0.769307
0.769507
0.769675
0.769826
0.76995
0.00101496
0.00329603
0.00586516
0.0087551
0.0120005
0.0156378
0.0197051
0.0242415
0.0292866
0.0348801
0.0410606
0.0478654
0.055329
0.0634824
0.0723525
0.0819606
0.092322
0.103445
0.11533
0.12797
0.141349
0.155442
0.170217
0.185633
0.201642
0.218186
0.235205
0.25263
0.270392
0.288415
0.306624
0.324942
0.343294
0.361606
0.379805
0.397825
0.415601
0.433075
0.450194
0.466909
0.48318
0.49897
0.51425
0.528996
0.543189
0.556816
0.569868
0.582342
0.594238
0.60556
0.616316
0.626512
0.635971
0.644911
0.65335
0.661305
0.668796
0.675841
0.682459
0.688671
0.694494
0.69995
0.705057
0.709835
0.714304
0.718482
0.722391
0.726053
0.729494
0.732739
0.735808
0.738712
0.741458
0.744049
0.74649
0.748781
0.750926
0.752928
0.754788
0.75651
0.758097
0.759553
0.760883
0.762091
0.763183
0.764163
0.765039
0.765815
0.7665
0.7671
0.767623
0.768074
0.768462
0.768793
0.769074
0.769312
0.769511
0.769677
0.769827
0.76995
0.00101341
0.00329099
0.00585621
0.00874178
0.0119823
0.0156143
0.0196756
0.0242055
0.0292435
0.0348294
0.0410017
0.0477977
0.055252
0.0633958
0.0722559
0.0818537
0.0922047
0.103317
0.115192
0.127822
0.141192
0.155277
0.170044
0.185454
0.201457
0.217997
0.235013
0.252437
0.270199
0.288225
0.306437
0.324761
0.343119
0.361439
0.379648
0.397678
0.415465
0.432951
0.450083
0.466812
0.483096
0.4989
0.514194
0.528953
0.543159
0.556799
0.569863
0.582349
0.594255
0.605588
0.616352
0.626557
0.63602
0.644966
0.65341
0.661371
0.668865
0.675913
0.682534
0.688747
0.694572
0.700028
0.705135
0.709913
0.714381
0.718558
0.722466
0.726126
0.729565
0.732809
0.735877
0.738779
0.741523
0.744112
0.74655
0.748839
0.750981
0.752979
0.754836
0.756555
0.758138
0.759591
0.760918
0.762123
0.763211
0.764188
0.76506
0.765834
0.766516
0.767114
0.767634
0.768083
0.76847
0.768799
0.769079
0.769315
0.769513
0.769679
0.769828
0.76995
0.00101237
0.00328763
0.00585025
0.00873293
0.0119702
0.0155986
0.0196561
0.0241817
0.0292151
0.0347959
0.0409628
0.0477531
0.0552013
0.0633388
0.0721923
0.0817834
0.0921276
0.103233
0.115102
0.127725
0.141089
0.155168
0.169931
0.185336
0.201335
0.217873
0.234887
0.252311
0.270073
0.2881
0.306315
0.324642
0.343005
0.36133
0.379545
0.397582
0.415377
0.432871
0.450011
0.466749
0.483042
0.498855
0.514158
0.528926
0.543141
0.556788
0.569861
0.582354
0.594268
0.605606
0.616377
0.626586
0.636055
0.645004
0.653452
0.661415
0.668912
0.675962
0.682584
0.688798
0.694624
0.70008
0.705187
0.709965
0.714432
0.718609
0.722515
0.726175
0.729613
0.732856
0.735923
0.738824
0.741567
0.744154
0.74659
0.748877
0.751018
0.753014
0.754868
0.756584
0.758166
0.759617
0.760941
0.762143
0.763229
0.764204
0.765074
0.765846
0.766527
0.767123
0.767641
0.76809
0.768475
0.768803
0.769082
0.769317
0.769515
0.76968
0.769829
0.76995
0.00101185
0.00328594
0.00584727
0.0087285
0.0119642
0.0155908
0.0196464
0.0241699
0.029201
0.0347792
0.0409435
0.047731
0.0551762
0.0633105
0.0721608
0.0817486
0.0920895
0.103192
0.115057
0.127677
0.141038
0.155114
0.169875
0.185278
0.201275
0.217812
0.234825
0.252249
0.270011
0.288038
0.306255
0.324583
0.342949
0.361276
0.379494
0.397534
0.415333
0.432832
0.449976
0.466718
0.483016
0.498833
0.514141
0.528913
0.543132
0.556784
0.56986
0.582357
0.594274
0.605616
0.616389
0.626602
0.636072
0.645023
0.653473
0.661437
0.668935
0.675986
0.682609
0.688824
0.69465
0.700106
0.705214
0.709991
0.714458
0.718634
0.72254
0.726199
0.729637
0.732879
0.735946
0.738846
0.741588
0.744175
0.746611
0.748897
0.751036
0.753031
0.754884
0.756599
0.75818
0.759629
0.760952
0.762153
0.763238
0.764212
0.765082
0.765853
0.766532
0.767127
0.767645
0.768093
0.768477
0.768805
0.769084
0.769319
0.769516
0.76968
0.769829
0.76995
0.00101185
0.00328594
0.00584727
0.0087285
0.0119642
0.0155908
0.0196464
0.0241698
0.029201
0.0347792
0.0409435
0.0477309
0.0551762
0.0633105
0.0721608
0.0817486
0.0920895
0.103192
0.115057
0.127677
0.141038
0.155114
0.169875
0.185278
0.201275
0.217812
0.234825
0.252249
0.270011
0.288038
0.306255
0.324583
0.342949
0.361276
0.379494
0.397534
0.415333
0.432832
0.449976
0.466718
0.483016
0.498833
0.514141
0.528913
0.543132
0.556784
0.56986
0.582357
0.594274
0.605616
0.616389
0.626602
0.636072
0.645023
0.653473
0.661437
0.668935
0.675986
0.682609
0.688824
0.69465
0.700106
0.705214
0.709991
0.714458
0.718634
0.72254
0.726199
0.729637
0.732879
0.735946
0.738846
0.741588
0.744175
0.746611
0.748897
0.751036
0.753031
0.754884
0.756599
0.75818
0.759629
0.760952
0.762153
0.763238
0.764212
0.765082
0.765853
0.766532
0.767127
0.767645
0.768093
0.768477
0.768805
0.769084
0.769319
0.769516
0.76968
0.769829
0.76995
0.00101237
0.00328763
0.00585025
0.00873293
0.0119702
0.0155986
0.0196561
0.0241817
0.0292151
0.0347959
0.0409628
0.0477531
0.0552013
0.0633388
0.0721923
0.0817834
0.0921276
0.103233
0.115102
0.127725
0.141089
0.155168
0.169931
0.185336
0.201335
0.217873
0.234887
0.252311
0.270073
0.2881
0.306315
0.324642
0.343005
0.36133
0.379545
0.397582
0.415377
0.432871
0.450011
0.466749
0.483042
0.498855
0.514158
0.528926
0.543141
0.556788
0.569861
0.582354
0.594268
0.605606
0.616377
0.626586
0.636055
0.645004
0.653452
0.661415
0.668912
0.675962
0.682584
0.688798
0.694624
0.70008
0.705187
0.709965
0.714432
0.718609
0.722515
0.726175
0.729613
0.732856
0.735923
0.738824
0.741567
0.744154
0.74659
0.748877
0.751018
0.753014
0.754868
0.756584
0.758166
0.759617
0.760941
0.762143
0.763229
0.764204
0.765074
0.765846
0.766527
0.767123
0.767641
0.76809
0.768475
0.768803
0.769082
0.769317
0.769515
0.76968
0.769829
0.76995
0.00101341
0.00329099
0.00585621
0.00874178
0.0119823
0.0156143
0.0196756
0.0242055
0.0292435
0.0348294
0.0410017
0.0477977
0.055252
0.0633958
0.0722559
0.0818537
0.0922047
0.103317
0.115192
0.127822
0.141192
0.155277
0.170044
0.185454
0.201457
0.217997
0.235013
0.252437
0.270199
0.288225
0.306437
0.324761
0.343119
0.361439
0.379648
0.397678
0.415465
0.432951
0.450083
0.466812
0.483096
0.4989
0.514194
0.528953
0.543159
0.556799
0.569863
0.582349
0.594255
0.605587
0.616352
0.626557
0.63602
0.644966
0.65341
0.661371
0.668865
0.675913
0.682534
0.688747
0.694572
0.700028
0.705135
0.709913
0.714381
0.718558
0.722466
0.726126
0.729565
0.732809
0.735877
0.738779
0.741523
0.744112
0.74655
0.748839
0.750981
0.752979
0.754836
0.756555
0.758138
0.759591
0.760918
0.762122
0.763211
0.764188
0.76506
0.765834
0.766516
0.767114
0.767634
0.768083
0.76847
0.768799
0.769079
0.769315
0.769513
0.769679
0.769828
0.76995
0.00101496
0.00329603
0.00586516
0.00875509
0.0120005
0.0156378
0.0197051
0.0242415
0.0292866
0.0348801
0.0410606
0.0478654
0.0553289
0.0634824
0.0723525
0.0819606
0.092322
0.103445
0.11533
0.12797
0.141349
0.155442
0.170217
0.185633
0.201642
0.218186
0.235205
0.25263
0.270392
0.288415
0.306624
0.324942
0.343294
0.361606
0.379805
0.397825
0.415601
0.433075
0.450194
0.466909
0.48318
0.49897
0.51425
0.528996
0.543189
0.556816
0.569868
0.582342
0.594238
0.60556
0.616316
0.626512
0.635971
0.644911
0.65335
0.661305
0.668796
0.675841
0.682459
0.68867
0.694494
0.69995
0.705057
0.709835
0.714304
0.718482
0.722391
0.726053
0.729494
0.732739
0.735808
0.738712
0.741458
0.744049
0.74649
0.748781
0.750926
0.752927
0.754788
0.75651
0.758097
0.759553
0.760883
0.762091
0.763183
0.764163
0.765039
0.765815
0.7665
0.7671
0.767623
0.768074
0.768462
0.768793
0.769074
0.769312
0.769511
0.769677
0.769827
0.76995
0.00101708
0.00330287
0.00587729
0.00877314
0.0120251
0.0156697
0.019745
0.0242902
0.0293449
0.0349488
0.0411405
0.0479571
0.0554333
0.0635999
0.0724836
0.0821057
0.0924811
0.103618
0.115517
0.12817
0.141562
0.155667
0.170453
0.185878
0.201893
0.218444
0.235466
0.252893
0.270654
0.288675
0.306879
0.325191
0.343534
0.361835
0.380022
0.398027
0.415788
0.433246
0.450347
0.467044
0.483297
0.499069
0.51433
0.529058
0.543232
0.556842
0.569878
0.582336
0.594217
0.605525
0.616268
0.626453
0.63591
0.644841
0.653272
0.661221
0.668706
0.675746
0.682361
0.688569
0.694391
0.699846
0.704953
0.709732
0.714201
0.718381
0.722292
0.725955
0.729398
0.732644
0.735715
0.738622
0.74137
0.743965
0.746408
0.748703
0.750853
0.752858
0.754723
0.756449
0.758041
0.759502
0.760837
0.762049
0.763145
0.76413
0.765009
0.76579
0.766479
0.767082
0.767607
0.768061
0.768452
0.768785
0.769068
0.769307
0.769507
0.769675
0.769826
0.76995
0.00101977
0.00331159
0.00589277
0.00879615
0.0120565
0.0157104
0.019796
0.0243524
0.0294193
0.0350365
0.0412425
0.0480743
0.0555666
0.06375
0.0726512
0.0822912
0.0926848
0.10384
0.115756
0.128427
0.141834
0.155955
0.170754
0.186191
0.202216
0.218774
0.235801
0.253231
0.270992
0.289009
0.307208
0.325511
0.343843
0.36213
0.380301
0.398289
0.416031
0.433468
0.450547
0.467222
0.483451
0.499199
0.514437
0.529141
0.543293
0.556881
0.569895
0.582333
0.594195
0.605486
0.616212
0.626382
0.635837
0.644756
0.653177
0.661117
0.668595
0.675629
0.682239
0.688444
0.694264
0.699717
0.704824
0.709602
0.714073
0.718254
0.722167
0.725833
0.729277
0.732526
0.735599
0.738508
0.74126
0.743858
0.746306
0.748605
0.75076
0.75277
0.75464
0.756373
0.75797
0.759438
0.760778
0.761996
0.763098
0.764088
0.764973
0.765758
0.766451
0.767059
0.767588
0.768045
0.768439
0.768775
0.76906
0.769301
0.769503
0.769672
0.769825
0.769949
0.00102308
0.00332233
0.00591182
0.00882449
0.0120952
0.0157605
0.0198587
0.0244289
0.029511
0.0351445
0.0413681
0.0482188
0.0557309
0.0639351
0.0728579
0.0825199
0.0929359
0.104113
0.116052
0.128743
0.142171
0.15631
0.171126
0.186578
0.202616
0.219183
0.236216
0.253649
0.27141
0.289424
0.307616
0.325908
0.344227
0.362498
0.380651
0.398617
0.416335
0.433747
0.4508
0.467447
0.483648
0.499367
0.514576
0.529252
0.543376
0.556936
0.569924
0.582338
0.594176
0.605445
0.616151
0.626302
0.635755
0.644659
0.653066
0.660995
0.668464
0.67549
0.682094
0.688295
0.694111
0.699562
0.704668
0.709447
0.713918
0.718101
0.722016
0.725684
0.729131
0.732382
0.735458
0.738371
0.741126
0.743729
0.746181
0.748487
0.750647
0.752664
0.75454
0.75628
0.757885
0.759359
0.760706
0.761932
0.76304
0.764037
0.764928
0.765719
0.766418
0.767031
0.767564
0.768026
0.768423
0.768762
0.76905
0.769293
0.769498
0.769668
0.769823
0.769949
0.00102707
0.00333523
0.00593471
0.00885853
0.0121416
0.0158207
0.0199341
0.024521
0.0296212
0.0352744
0.0415192
0.0483925
0.0559285
0.0641579
0.0731066
0.0827953
0.0932382
0.104443
0.116408
0.129125
0.142577
0.156739
0.171575
0.187045
0.203097
0.219676
0.236717
0.254155
0.271915
0.289926
0.308109
0.326391
0.344694
0.362946
0.381077
0.399018
0.416709
0.43409
0.451112
0.467726
0.483893
0.499578
0.514753
0.529394
0.543485
0.557013
0.56997
0.582353
0.594164
0.605406
0.616088
0.626217
0.635665
0.644551
0.652943
0.660858
0.668315
0.675332
0.681928
0.688123
0.693935
0.699383
0.704487
0.709266
0.713738
0.717923
0.72184
0.725511
0.72896
0.732213
0.735293
0.738209
0.740968
0.743576
0.746034
0.748346
0.750513
0.752538
0.754422
0.756169
0.757783
0.759265
0.760621
0.761855
0.762972
0.763976
0.764875
0.765673
0.766378
0.766997
0.767536
0.768003
0.768404
0.768747
0.769039
0.769285
0.769491
0.769664
0.769821
0.769948
0.00103177
0.00335046
0.00596174
0.00889874
0.0121965
0.0158918
0.0200231
0.0246298
0.0297515
0.035428
0.0416979
0.048598
0.0561623
0.0644213
0.0734008
0.083121
0.0935958
0.104832
0.116829
0.129576
0.143057
0.157246
0.172107
0.187597
0.203668
0.22026
0.237312
0.254754
0.272515
0.290522
0.308697
0.326965
0.345251
0.363481
0.381586
0.399499
0.417157
0.434505
0.451489
0.468066
0.484194
0.499839
0.514974
0.529576
0.543627
0.557117
0.570037
0.582386
0.594163
0.605374
0.616027
0.626129
0.635571
0.644436
0.652809
0.660708
0.66815
0.675155
0.681742
0.687929
0.693735
0.69918
0.704282
0.709059
0.713532
0.717718
0.721638
0.725311
0.728763
0.73202
0.735102
0.738022
0.740786
0.7434
0.745865
0.748183
0.750358
0.752391
0.754285
0.756042
0.757664
0.759157
0.760523
0.761766
0.762892
0.763906
0.764813
0.765619
0.766332
0.766958
0.767503
0.767976
0.768382
0.76873
0.769025
0.769275
0.769484
0.769659
0.769818
0.769947
0.00103725
0.00336822
0.00599325
0.00894562
0.0122605
0.0159748
0.0201271
0.0247567
0.0299035
0.0356073
0.0419064
0.0488377
0.0564351
0.0647287
0.0737441
0.0835011
0.0940132
0.105287
0.11732
0.130103
0.143617
0.157837
0.172727
0.188242
0.204333
0.220942
0.238005
0.255454
0.273217
0.291219
0.309385
0.327639
0.345905
0.364111
0.382187
0.400067
0.417689
0.434997
0.451941
0.468473
0.484556
0.500156
0.515245
0.529801
0.543808
0.557254
0.570132
0.58244
0.594179
0.605354
0.615972
0.626044
0.635477
0.644317
0.652667
0.660546
0.667972
0.674963
0.681538
0.687715
0.693514
0.698954
0.704052
0.708829
0.713301
0.717489
0.72141
0.725087
0.728541
0.731801
0.734886
0.737811
0.74058
0.7432
0.745672
0.747999
0.750182
0.752225
0.754129
0.755896
0.757529
0.759033
0.76041
0.761664
0.762801
0.763825
0.764742
0.765558
0.766279
0.766913
0.767466
0.767945
0.768357
0.76871
0.76901
0.769263
0.769476
0.769654
0.769815
0.769946
0.00104356
0.00338868
0.00602957
0.00899966
0.0123343
0.0160705
0.020247
0.0249032
0.030079
0.0358142
0.0421472
0.0491146
0.0567501
0.0650836
0.0741403
0.0839397
0.0944945
0.105811
0.117886
0.13071
0.144263
0.158519
0.173441
0.188985
0.2051
0.221728
0.238805
0.256262
0.274027
0.292025
0.310181
0.328418
0.346663
0.364841
0.382885
0.400729
0.418311
0.435575
0.452471
0.468955
0.484988
0.500536
0.515574
0.530078
0.544034
0.557431
0.570261
0.582522
0.594217
0.605351
0.61593
0.625967
0.635388
0.644198
0.652522
0.660378
0.667784
0.674758
0.681318
0.687484
0.693274
0.698707
0.703802
0.708575
0.713047
0.717236
0.721159
0.724838
0.728296
0.731558
0.734647
0.737576
0.740351
0.742977
0.745457
0.747792
0.749986
0.752038
0.753953
0.755732
0.757378
0.758893
0.760282
0.761549
0.762698
0.763733
0.764661
0.765488
0.766219
0.766862
0.767423
0.76791
0.768329
0.768687
0.768992
0.76925
0.769466
0.769648
0.769812
0.769945
0.00105078
0.00341207
0.0060711
0.00906147
0.0124187
0.01618
0.0203842
0.0250708
0.0302799
0.036051
0.0424227
0.0494313
0.0571103
0.0654894
0.0745931
0.0844406
0.0950441
0.106409
0.118532
0.131401
0.144999
0.159295
0.174254
0.189831
0.205973
0.222623
0.239715
0.257182
0.274949
0.292943
0.311088
0.329308
0.347528
0.365678
0.383686
0.401489
0.419026
0.436242
0.453087
0.469517
0.485494
0.500985
0.515965
0.530412
0.544311
0.557652
0.570428
0.582638
0.594283
0.60537
0.615906
0.625902
0.635308
0.644084
0.652378
0.660208
0.66759
0.674544
0.681088
0.68724
0.693019
0.698444
0.703532
0.708302
0.712773
0.716961
0.720886
0.724568
0.728028
0.731293
0.734386
0.737319
0.7401
0.742733
0.74522
0.747565
0.749769
0.751833
0.753759
0.755551
0.757209
0.758738
0.760141
0.761421
0.762583
0.763631
0.764572
0.76541
0.766152
0.766805
0.767376
0.76787
0.768297
0.768662
0.768973
0.769235
0.769456
0.769641
0.769808
0.769944
0.00105894
0.00343852
0.00611807
0.0091314
0.0125142
0.016304
0.0205396
0.0252607
0.0305075
0.0363194
0.0427348
0.04979
0.0575181
0.0659484
0.0751051
0.0850066
0.0956645
0.107083
0.119259
0.132181
0.145826
0.160168
0.175168
0.190781
0.206954
0.223628
0.240737
0.258214
0.275984
0.293974
0.312107
0.330308
0.348503
0.36662
0.38459
0.40235
0.419838
0.437001
0.453789
0.47016
0.486076
0.501505
0.516422
0.530806
0.544643
0.557922
0.570639
0.582792
0.594383
0.605418
0.615905
0.625855
0.635242
0.643981
0.652241
0.66004
0.667396
0.674327
0.680851
0.686987
0.692753
0.698167
0.703248
0.708014
0.712481
0.716669
0.720595
0.724279
0.727742
0.73101
0.734106
0.737043
0.73983
0.742469
0.744965
0.747319
0.749534
0.751609
0.753549
0.755354
0.757026
0.758569
0.759987
0.761281
0.762457
0.76352
0.764474
0.765325
0.766079
0.766743
0.767323
0.767827
0.768262
0.768634
0.768951
0.769219
0.769444
0.769633
0.769804
0.769943
0.00106811
0.00346824
0.00617085
0.00921001
0.0126217
0.0164435
0.0207144
0.0254744
0.0307634
0.036621
0.0430853
0.0501925
0.0579752
0.0664624
0.0756775
0.0856386
0.0963565
0.107835
0.120069
0.133046
0.146745
0.161136
0.17618
0.191832
0.208038
0.224738
0.241867
0.259354
0.277128
0.295113
0.313234
0.331415
0.349582
0.367664
0.385593
0.403305
0.420741
0.437847
0.454575
0.470882
0.486732
0.502094
0.516943
0.53126
0.54503
0.558244
0.570896
0.582987
0.594519
0.605497
0.615931
0.625832
0.635195
0.643892
0.652114
0.65988
0.667206
0.674111
0.680613
0.686731
0.692482
0.697884
0.702956
0.707715
0.712179
0.716365
0.720291
0.723976
0.727442
0.730712
0.733811
0.736753
0.739544
0.742191
0.744695
0.747059
0.749284
0.751372
0.753324
0.755143
0.75683
0.758388
0.759821
0.761131
0.762322
0.763399
0.764367
0.765232
0.765999
0.766675
0.767267
0.76778
0.768224
0.768604
0.768928
0.769201
0.769432
0.769625
0.769799
0.769942
0.00107822
0.00350103
0.00622914
0.0092969
0.0127405
0.0165978
0.020908
0.025711
0.0310467
0.0369547
0.043473
0.0506371
0.0584795
0.0670285
0.0763072
0.0863326
0.0971151
0.108657
0.120954
0.133991
0.147746
0.162189
0.177281
0.192974
0.209215
0.225942
0.24309
0.260589
0.278366
0.296346
0.314453
0.332612
0.35075
0.368795
0.38668
0.404343
0.421723
0.438769
0.455434
0.471674
0.487455
0.502746
0.517524
0.531769
0.545468
0.558613
0.571198
0.583223
0.594693
0.605612
0.61599
0.625839
0.635168
0.643821
0.652003
0.659733
0.667027
0.673904
0.680383
0.68648
0.692214
0.697603
0.702664
0.707415
0.711874
0.716057
0.719982
0.723668
0.727135
0.730408
0.733509
0.736454
0.739251
0.741904
0.744416
0.746789
0.749025
0.751125
0.753091
0.754924
0.756626
0.758199
0.759647
0.760973
0.762179
0.763272
0.764255
0.765134
0.765915
0.766603
0.767206
0.767731
0.768184
0.768572
0.768903
0.769183
0.769419
0.769616
0.769795
0.76994
0.00108929
0.00353695
0.00629303
0.00939218
0.0128708
0.0167671
0.0211201
0.0259699
0.0313564
0.0373188
0.0438948
0.0511198
0.0590257
0.0676402
0.0769858
0.0870788
0.0979288
0.109537
0.121899
0.134998
0.148812
0.163308
0.178448
0.194183
0.210459
0.227213
0.244381
0.261891
0.279671
0.297644
0.315736
0.333872
0.351979
0.369985
0.387825
0.405436
0.422759
0.439743
0.456342
0.472513
0.488223
0.503442
0.518146
0.532318
0.545945
0.559019
0.571535
0.583495
0.5949
0.605759
0.616081
0.625877
0.63516
0.643769
0.651911
0.659604
0.666866
0.673714
0.680167
0.686242
0.691958
0.697332
0.702382
0.707124
0.711576
0.715756
0.719679
0.723365
0.726833
0.730107
0.73321
0.736158
0.738959
0.741618
0.744138
0.74652
0.748766
0.750878
0.752856
0.754702
0.756419
0.758007
0.75947
0.760811
0.762034
0.763142
0.76414
0.765033
0.765827
0.766529
0.767144
0.767679
0.768141
0.768538
0.768877
0.769163
0.769405
0.769607
0.76979
0.769939
0.00110092
0.00357469
0.00636023
0.00949255
0.0130083
0.0169457
0.0213439
0.0262429
0.0316825
0.0377015
0.0443373
0.051625
0.0595959
0.0682773
0.0776909
0.0878523
0.0987703
0.110446
0.122872
0.136033
0.149904
0.164454
0.179641
0.195417
0.211727
0.228508
0.245693
0.263213
0.280994
0.29896
0.317036
0.335148
0.353222
0.371189
0.388983
0.406541
0.423807
0.440729
0.457262
0.473365
0.489004
0.504151
0.518783
0.532883
0.546439
0.559443
0.571892
0.583786
0.59513
0.60593
0.616196
0.625941
0.635175
0.64374
0.651842
0.6595
0.666729
0.673548
0.679976
0.686029
0.691726
0.697085
0.702122
0.706855
0.7113
0.715474
0.719395
0.72308
0.726548
0.729823
0.732927
0.735878
0.738682
0.741346
0.743873
0.746263
0.748519
0.750641
0.752631
0.754489
0.756219
0.757821
0.759299
0.760654
0.761891
0.763014
0.764026
0.764933
0.765741
0.766454
0.767081
0.767627
0.768099
0.768505
0.768851
0.769144
0.769391
0.769597
0.769785
0.769937
0.0011129
0.00361365
0.00642968
0.00959624
0.0131501
0.0171292
0.021573
0.0265209
0.0320126
0.0380868
0.0447807
0.0521288
0.0601622
0.0689076
0.078386
0.0886125
0.0995949
0.111334
0.12382
0.137039
0.150964
0.165563
0.180794
0.196607
0.212947
0.22975
0.246951
0.264478
0.282258
0.300215
0.318274
0.336361
0.354403
0.372332
0.39008
0.407588
0.424799
0.441662
0.458132
0.47417
0.489743
0.504823
0.519388
0.533421
0.546911
0.559851
0.572237
0.584071
0.595358
0.606104
0.61632
0.626017
0.635207
0.643732
0.651798
0.659422
0.666622
0.673415
0.679819
0.685852
0.691532
0.696876
0.701901
0.706624
0.711062
0.715231
0.719148
0.722831
0.726299
0.729574
0.732679
0.735631
0.738439
0.741107
0.743638
0.746035
0.748299
0.75043
0.752429
0.754298
0.756039
0.757653
0.759143
0.760511
0.761761
0.762896
0.763921
0.76484
0.765659
0.766384
0.767022
0.767577
0.768059
0.768472
0.768826
0.769125
0.769377
0.769589
0.76978
0.769936
0.00112358
0.00364844
0.00649186
0.00968925
0.0132773
0.0172941
0.0217785
0.0267701
0.0323083
0.0384316
0.0451768
0.0525783
0.0606666
0.069468
0.0790029
0.0892859
0.100324
0.112117
0.124656
0.137923
0.151894
0.166534
0.1818
0.197644
0.214008
0.230829
0.248041
0.265571
0.283347
0.301294
0.319336
0.337399
0.355412
0.373305
0.391013
0.408476
0.425639
0.44245
0.458867
0.474849
0.490366
0.505388
0.519897
0.533874
0.547309
0.560195
0.57253
0.584315
0.595555
0.606257
0.616431
0.62609
0.635245
0.643737
0.651774
0.659371
0.666548
0.67332
0.679705
0.685722
0.691388
0.69672
0.701735
0.70645
0.710881
0.715046
0.71896
0.722641
0.726108
0.729382
0.732487
0.73544
0.738249
0.740921
0.743456
0.745858
0.748126
0.750264
0.75227
0.754147
0.755896
0.757519
0.759018
0.760395
0.761655
0.762799
0.763834
0.764763
0.765592
0.766326
0.766972
0.767536
0.768024
0.768445
0.768804
0.769109
0.769366
0.769581
0.769776
0.769935
0.0011321
0.00367602
0.00654053
0.0097609
0.0133738
0.0174175
0.0219308
0.0269534
0.0325246
0.0386828
0.0454645
0.0529037
0.0610306
0.0698711
0.0794453
0.089767
0.100843
0.112672
0.125246
0.138545
0.152545
0.16721
0.182499
0.198359
0.214736
0.231565
0.24878
0.266309
0.284079
0.302014
0.320041
0.338084
0.356073
0.37394
0.391618
0.409049
0.426177
0.442953
0.459332
0.475277
0.490756
0.505741
0.520212
0.534153
0.547553
0.560406
0.572709
0.584463
0.595675
0.60635
0.616499
0.626135
0.635268
0.643741
0.651761
0.659344
0.666507
0.673267
0.679643
0.685651
0.691309
0.696634
0.701643
0.706353
0.710781
0.714942
0.718854
0.722533
0.725999
0.729273
0.732379
0.735332
0.738142
0.740814
0.743351
0.745755
0.748027
0.750167
0.752177
0.754058
0.755811
0.757438
0.758942
0.760325
0.761589
0.76274
0.76378
0.764715
0.765549
0.766288
0.766939
0.767508
0.768002
0.768426
0.76879
0.769098
0.769358
0.769576
0.769773
0.769934
)
;

boundaryField
{
    fuel
    {
        type            fixedValue;
        value           uniform 0;
    }
    air
    {
        type            fixedValue;
        value           uniform 0.77;
    }
    outlet
    {
        type            inletOutlet;
        inletValue      uniform 1;
        value           nonuniform List<scalar> 
200
(
0.00113209
0.00367599
0.00654047
0.00976082
0.0133737
0.0174173
0.0219306
0.0269532
0.0325244
0.0386825
0.0454642
0.0529033
0.0610303
0.0698707
0.0794449
0.0897666
0.100843
0.112672
0.125245
0.138545
0.152545
0.16721
0.182498
0.198359
0.214736
0.231565
0.24878
0.266309
0.284079
0.302014
0.32004
0.338084
0.356073
0.37394
0.391618
0.409049
0.426177
0.442953
0.459332
0.475277
0.490756
0.505741
0.520212
0.534153
0.547553
0.560406
0.572709
0.584464
0.595675
0.60635
0.616499
0.626135
0.635268
0.643741
0.651761
0.659344
0.666507
0.673267
0.679643
0.685651
0.691309
0.696634
0.701643
0.706353
0.710781
0.714942
0.718854
0.722533
0.725999
0.729273
0.732378
0.735331
0.738142
0.740814
0.743351
0.745755
0.748027
0.750167
0.752177
0.754058
0.755811
0.757438
0.758942
0.760325
0.761589
0.76274
0.76378
0.764715
0.765549
0.766288
0.766939
0.767508
0.768002
0.768426
0.76879
0.769098
0.769358
0.769576
0.769773
0.769934
0.0011321
0.00367602
0.00654053
0.0097609
0.0133738
0.0174175
0.0219308
0.0269534
0.0325246
0.0386828
0.0454645
0.0529037
0.0610306
0.0698711
0.0794453
0.089767
0.100843
0.112672
0.125246
0.138545
0.152545
0.16721
0.182499
0.198359
0.214736
0.231565
0.24878
0.266309
0.284079
0.302014
0.320041
0.338084
0.356073
0.37394
0.391618
0.409049
0.426177
0.442953
0.459332
0.475277
0.490756
0.505741
0.520212
0.534153
0.547553
0.560406
0.572709
0.584463
0.595675
0.60635
0.616499
0.626135
0.635268
0.643741
0.651761
0.659344
0.666507
0.673267
0.679643
0.685651
0.691309
0.696634
0.701643
0.706353
0.710781
0.714942
0.718854
0.722533
0.725999
0.729273
0.732379
0.735332
0.738142
0.740814
0.743351
0.745755
0.748027
0.750167
0.752177
0.754058
0.755811
0.757438
0.758942
0.760325
0.761589
0.76274
0.76378
0.764715
0.765549
0.766288
0.766939
0.767508
0.768002
0.768426
0.76879
0.769098
0.769358
0.769576
0.769773
0.769934
)
;
    }
    frontAndBack
    {
        type            empty;
    }
}


// ************************************************************************* //
