/*--------------------------------*- C++ -*----------------------------------*\
  =========                 |
  \\      /  F ield         | OpenFOAM: The Open Source CFD Toolbox
   \\    /   O peration     | Website:  https://openfoam.org
    \\  /    A nd           | Version:  12
     \\/     M anipulation  |
\*---------------------------------------------------------------------------*/
FoamFile
{
    format      ascii;
    class       volScalarField;
    location    "0.014";
    object      p;
}
// * * * * * * * * * * * * * * * * * * * * * * * * * * * * * * * * * * * * * //

dimensions      [1 -1 -2 0 0 0 0];

internalField   nonuniform List<scalar> 
3584
(
99998.7
99998.7
99998.7
99998.7
99998.7
99998.7
99998.8
99998.8
99998.9
99999
99999.1
99999.3
99999.4
99999.6
99999.9
99999.8
99999.9
99999.8
100000
100000
99999.7
99999.7
100000
99999.7
100000
99999.6
99999.7
99999.7
99999.7
99999.7
99999.7
99999.7
100002
100002
100002
100002
100002
100002
100002
100002
100002
100002
100002
100002
100002
100001
100001
99999.7
99999.6
99999.7
99999.9
100000
99999.4
99999.7
99999.9
99999.9
99999.6
99999.8
99999.8
99999.7
99999.7
99999.9
99999.8
99999.8
100001
100001
100001
100001
100001
100001
100000
100000
100000
100000
100000
100000
100000
100000
100000
100000
100001
100000
100000
99999.9
99999.8
99999.1
99999.5
99999.9
99999.7
99999.7
99999.7
99999.7
99999.8
99999.7
99999.7
99999.7
99997.6
99997.6
99997.6
99997.6
99997.6
99997.7
99997.7
99997.7
99997.8
99997.9
99998.1
99998.2
99998.4
99998.4
99998.5
99998.4
99998.4
99998.7
99999.3
99999.4
99999.7
99999.4
99999.5
99999.3
99999.2
99999.2
99999.3
99999.3
99999.7
99999.7
99999.8
99999.2
99999.8
99999.8
99999.8
99999.8
99999.8
99999.8
99999.8
99999.7
99999.6
99999.5
99999.3
99999.2
99999
99998.9
99998.8
99998.8
99998.3
99998.4
99998.1
99997.6
99998.7
99998.3
99998.4
99998.3
99998.7
99998.5
99998.7
99999.3
99999.3
99999.5
99998.2
100003
99995.7
99995.7
99995.7
99995.7
99995.6
99995.6
99995.6
99995.5
99995.4
99995.3
99995.3
99995.3
99995.4
99995.6
99995.8
99996.2
99996.8
99997.5
99997.3
99997.2
99997.6
99996.4
99996.9
99996.3
99996.3
99996.1
99996.1
99999.1
100001
100005
100008
99999.2
100002
100002
100002
100002
100002
100001
100001
100001
100000
99999.7
99998.7
99997.7
99997
99996.5
99996.1
99995.1
99994.8
99992.8
99990.7
99991.3
99991.1
99988.9
99989.2
99989.1
99988.8
99985.2
99993.5
99998.9
99993.4
99989.9
99996.2
99996.3
100037
100037
100037
100037
100037
100036
100035
100033
100031
100027
100023
100017
100013
100010
100007
100003
99999.2
99996
99986.1
99968.2
99944.7
99942.3
99935.1
99898.9
99888.4
99903.7
99991.5
99989.4
100016
99994
99993.5
100000
99886.9
99886.9
99886.8
99886.7
99886.5
99886.1
99885.5
99884.6
99883
99880.7
99877.7
99874.3
99871
99868
99864.6
99855.9
99835.5
99821.7
99779.1
99770.1
99743.4
99691.6
99493.8
99387.4
99433.2
99884
99969.4
100024
100009
99994.6
100001
100003
99713.9
99713.8
99713.8
99713.7
99713.6
99713.4
99713
99712.4
99711.4
99709.8
99707.8
99705.6
99704.8
99705.3
99708.1
99711.3
99713.4
99720.7
99722.4
99717.7
99681.9
99540.7
99007.2
98969.9
99241.2
99922.2
100008
100002
99989.7
100006
100005
99999.8
99635.5
99635.5
99635.5
99635.4
99635.4
99635.3
99635.3
99635
99634.4
99633.4
99633.5
99634.2
99636.8
99644.8
99658.1
99675.6
99696.2
99712.2
99744.1
99735.3
99642.6
99252.5
98849.9
98198.4
99225.9
99876.2
100015
99982.2
99988.4
100004
100001
99996.2
98560.7
98560.6
98561.3
98561.7
98562.6
98564.1
98566.5
98570.2
98575.7
98582.8
98590.1
98596.4
98604.4
98622.3
98661.8
98740.5
98816.9
99082.6
99540.5
99518.7
99422.7
99147.5
97976.7
97791.5
99222.7
99877.2
99974.8
99996.1
100001
99992.9
99994.4
99997.8
95714.5
95714.9
95715.2
95715.6
95716.2
95717.2
95719.4
95723.3
95729.2
95737
95745.7
95760.5
95794.8
95862.6
95988.6
96204.5
96492.7
96692
96859.2
97305.9
98970.6
99187.1
93768.7
97713.4
99383.1
99893.5
99961.3
100020
100012
99999.1
99996.5
100001
91688.9
91689.3
91690.2
91690.7
91691.6
91692.3
91693.4
91693.6
91692
91684.1
91670
91653.3
91630.1
91598.3
91549.8
91503.5
91352.7
91376
91674.1
93218
95447.3
84910.9
93040.6
97677.3
99450.9
99931.1
99991.6
100014
100008
100006
100002
100003
90432.8
90433.6
90434.8
90436.2
90437.7
90439.3
90441
90442.4
90443.2
90442.9
90439.8
90426.8
90380.1
90292.7
90141.4
89983.9
89703.2
89723
90182.2
90667
78121.8
82013.2
92709.6
97670.8
99493.4
99946.7
100013
99989.3
99993.2
99997.3
100004
100002
90307.5
90308.8
90310.2
90311.6
90313.2
90314.7
90316.2
90317
90316.7
90315.9
90314
90306.7
90280
90187.4
89979.1
89710.9
89343.9
89442.7
89935.8
75537
73766.5
80810.4
92617.6
97678
99542.3
99914.1
100000
99987.3
99992.8
99996.4
100002
100001
92949.3
92953.1
92957.9
92963.8
92971.3
92980.7
92991.1
92999.6
92999.2
92995.7
92987.3
92963.1
92905.9
92809.4
92553.6
91624.4
91425.4
89554.8
79221.3
70917.9
71822.7
80497.8
92616.3
98099.6
99595.6
99908.2
99970.1
100009
100008
100005
100002
99997.7
96497.6
96499.5
96501
96501.3
96500.2
96497.8
96495
96493
96492.3
96496.6
96506.6
96533
96532.4
96532.8
96434.3
96036.3
92299.9
88218.1
68789.2
68748.1
71185.2
80462.3
92746.4
98510
99646.1
99955
99970.3
100016
100003
100002
100000
99997.6
99460.2
99456.5
99449.2
99441.7
99425.8
99404.1
99383.9
99381.5
99391.6
99439.4
99557.5
99787.9
100081
100292
100084
97848.9
91218.9
65268.3
63898.9
67983.7
71109.6
80516.4
93729.6
98860
99691
99971.8
99982.9
100001
99992.1
99995
99995.9
99999.6
101698
101698
101703
101713
101731
101760
101806
101882
101963
102025
102048
102137
102449
102245
100716
91731.5
62370.1
55317.7
62025.7
67907.3
71396.8
82585.3
94836.3
99211.2
99726
99941.2
100012
99985
100001
99997.9
99998.6
100002
102415
102415
102419
102433
102462
102509
102584
102721
102985
103434
103849
103769
103153
102416
85170.3
59908.4
50554
51176.6
61711.1
68606.4
74304.8
85768.1
96489.3
99394.9
99755.7
99928.9
100003
99991.4
100007
100005
100003
100001
101847
101835
101844
101875
101952
102090
102315
102708
103255
103846
104742
104133
100826
70033.5
55374.4
47505.5
45749
49817.3
62638.6
71092.3
78639.1
89688.5
97944
99530.4
99783.6
99943
99974.6
99995.3
99995.8
100003
100001
99999.7
99176.9
99180.1
99222.3
99346.4
99582.3
100011
100760
102063
103720
103871
104975
96058.8
61103.9
49888.8
44574.8
42876.3
43941.6
49658.8
66293
75177.8
83774.9
93315.7
98724.4
99629.6
99805.2
99981.6
99979.8
100011
99994.3
100001
99996.4
99997.3
92601.6
92629.7
92722.7
92877.6
93328.7
94439.7
95576.7
95334
93423.5
87927.1
68454.6
56483.3
45882.7
42497
40924.8
41180.6
43456.6
50224.3
70727
78818.6
88523.1
96468.4
99187.8
99694.5
99838.3
99974.9
100010
100011
100005
99995.5
99997.4
99998.3
58070.7
58075.1
57977.4
57887.5
57816
57693.6
57788.2
58480
58590.8
54915.2
47743.6
43169.3
40122.3
39796.6
39757.9
40686.1
43365.5
56544.2
74325.4
83465.8
93114.5
98226.3
99462.5
99735.3
99882
99960.3
100010
100006
100005
99997.1
100001
100001
45085.3
45086
45088.4
45098.8
45119.4
45156.7
45216.1
45278
45178.9
43650
40541.5
38587.1
37697.2
38645.4
39412.3
40576.2
43361.9
59700
79145.4
87974.8
96666.8
99080.1
99610.8
99767.5
99874.3
99966.5
99986.1
99992.3
99996.1
100004
100002
100001
38741.4
38741.5
38742.1
38744.1
38747.8
38755.3
38763.6
38762.6
38713.9
38364.3
37516.5
36802.3
36588.7
38041.1
39311.9
40552.9
46184.6
62888.8
82143.3
92240.7
98507.2
99497.5
99692.5
99797.4
99879.5
99972.9
99982
99992.6
99996.2
100003
100000
100001
36099
36099
36099.3
36099.7
36101.8
36105.2
36111.7
36122.1
36128.9
36071.1
35885
35804.7
36013
37442.3
39281
40996.6
48268.7
68427.9
86320.1
95488.2
99441.4
99704
99742.6
99822.3
99888.6
99984.1
99988.5
100004
100003
100002
99997.7
100000
35104.3
35104.3
35104.4
35104.6
35105.7
35107.6
35111.1
35116.9
35126.6
35137.1
35099.5
35229
35657.8
36822.6
39248.5
42061.4
49828.6
70682.2
89688
98186.1
99894.6
99824.3
99795.5
99834.3
99896.4
99992.8
99991.9
100006
100002
100000
99998.6
99999.7
34744.9
34744.9
34745
34745.3
34746.1
34747.9
34752.1
34761.1
34780.1
34817.5
34876
35044.6
35515.4
36468.6
39111.8
42726.8
52748
72837.1
93091.3
99797.9
100140
99904.2
99835
99847.1
99905.2
99982.4
99996.8
100003
99997.3
99997.5
100001
99998.6
34697.5
34697.5
34697.6
34697.9
34698.7
34700.8
34705.8
34716.8
34739.1
34778
34843.2
35047
35536.7
36488.6
38955.4
42954.9
55834.2
77407.5
95845.5
100696
100236
99896.2
99856.9
99860.3
99913.6
99975
100005
99995.8
99998.7
99998.5
100000
99999.2
34721.2
34721.2
34721.2
34721.4
34721.8
34722.9
34725.6
34732.2
34747.9
34780
34848.6
35014.2
35439.1
36219.1
38733.1
42927.5
57377.4
79461.3
98339
101119
100268
99896.7
99888.4
99880
99925.1
99979.9
99999.8
99996
100002
100001
99999.2
100000
34680.3
34680.3
34680.4
34680.4
34680.6
34681.1
34682
34684.5
34691.2
34714.3
34791.7
34965.1
35365.5
36172.7
38293.6
42584.1
58035.6
82455.1
100269
101315
100276
99914.3
99917.2
99892.8
99929.9
99988.7
99996.7
99998.2
100000
100000
99999.9
99999.7
34621.1
34621
34621.1
34621.3
34621.9
34623.4
34626.5
34633
34647.4
34680.1
34761.7
34927.1
35331.4
36136.8
38262.5
42314.4
58055.7
87342.6
101658
101403
100277
99909.8
99906.9
99905
99933.6
99993.8
100001
100002
99998.5
99998.8
99999.9
99999.5
36255.4
36255.4
36255.6
36255.9
36256.6
36258.2
36261.7
36269.1
36286.3
36327.1
36397.6
36742.4
37072.3
37646.9
38729.1
42005
58090.5
89478
103033
101434
100262
99911.8
99909.8
99913.7
99938.2
99989.8
100001
100001
99998.9
99998.9
99999.5
99999.8
40002
40002.1
40002.3
40002.7
40004
40006.7
40012.8
40026.2
40052.6
40106.6
40209.6
40253.4
40227.4
40897.2
41793.7
46211.2
58013.3
93415.2
103657
101443
100257
99914.6
99919
99926.4
99952.8
99990.4
99998.4
99997.6
100000
99999.5
99999.4
99999.8
42132.3
42132.3
42132.4
42132.8
42133.5
42135
42138.3
42144.9
42157.7
42181.3
42224.1
42318.1
42593.2
43566.9
44324.9
49641.9
58941.5
99685.9
103939
101444
100235
99918.7
99920.3
99935.2
99970.3
99991.9
99999.4
99998.7
100001
100000
99999.8
99999.5
44933.6
44933.7
44933.8
44934.7
44936.4
44940.4
44949.6
44968.5
45006.6
45105.5
45264.8
45444.1
45957.9
46900.4
48201.7
55207.3
63506
105867
104059
100790
100195
99938.4
99922.7
99945
99968.4
99992.2
99999.9
100001
99999.3
100000
99999.8
99999.5
51667.6
51667.6
51667.9
51669.6
51672.8
51681.1
51695.3
51715.3
51785.5
51958.6
52203.2
52736.3
53725.5
55510.4
59883.6
69228.5
73985.4
108326
104103
100485
100130
99938.3
99934.5
99950.8
99970.9
99992.4
99999.6
99999.9
99999
99999.3
99999.6
99999.6
54479.6
54479.6
54480.2
54481
54483.7
54488.3
54503.8
54548.2
54616.7
54716
55060.4
55846
57481
60173.8
67027
78042.7
87618.9
110622
104127
100344
100092
99942.6
99946.4
99960
99976.9
99994.4
100000
99998.9
100000
99999.5
99999.8
99999.8
59355.2
59355.3
59356.2
59358.2
59364.6
59377.5
59407.7
59473.9
59618.9
59919.9
60522.6
61724.9
63961.3
69125.7
80610.8
89718
106499
112976
104147
100249
100062
99956
99953.3
99970.4
99983.3
99995.5
99999.7
99999.4
100000
100000
99999.7
99999.9
68149.2
68149.3
68150.7
68154.7
68165.4
68188.5
68242.9
68356.3
68590.2
69062.8
69969.9
71756.8
75223.6
83254.8
95357.9
105548
117604
114407
104138
100191
100044
99972.6
99967.4
99979.9
99989.9
99996
99999.5
100000
99999.4
100000
99999.7
99999.8
77005
77005.4
77007.8
77015.2
77033.8
77075.8
77170.2
77363.2
77753.3
78511.6
79983
82732.6
88504.5
97904.5
109993
125340
122939
115070
103569
100159
100036
99985.5
99981.6
99986.9
99991.4
99997.3
99999.6
99999.6
99999.7
99999.6
99999.8
99999.7
91478.7
91479.1
91481.9
91493.7
91524.9
91619
91815.3
92146.4
92811.9
94089.8
96479.5
101122
109241
115633
133194
136538
124818
107711
102282
100143
100032
99995.8
99990.9
99993.1
99994
99997.8
99999.5
99999.5
99999.8
99999.6
99999.7
99999.7
105710
105712
105721
105749
105816
105944
106198
106805
107968
110168
114390
121783
129128
136467
150574
141356
124849
103928
101371
100135
100029
100000
99996
99995.8
99996.4
99998.3
99999.5
99999.7
99999.6
99999.6
99999.7
99999.7
122234
122236
122258
122307
122425
122677
123213
124280
126390
130437
138011
146423
149905
163197
158946
141975
111634
101985
100801
100131
100026
100003
99998.5
99997.9
99998.1
99998.9
99999.5
99999.8
99999.7
99999.7
99999.8
99999.8
137463
137469
137516
137610
137843
138334
139338
141368
145399
152886
164104
169435
178822
176232
161421
118946
105467
101031
100444
100127
100024
100004
99999.7
99998.9
99999
99999.3
99999.4
99999.7
99999.8
99999.8
99999.8
99999.8
153725
153745
153834
154052
154489
155422
157336
161144
168200
178794
190958
198257
199937
181071
127259
108737
102642
100582
100259
100097
100023
100005
100001
99999.6
99999.3
99999.5
99999.6
99999.6
99999.7
99999.8
99999.8
99999.8
172948
172997
173165
173590
174414
176131
179593
186081
196234
207534
216302
231276
209271
136057
112666
104239
101369
100381
100168
100073
100023
100006
100001
99999.9
99999.6
99999.8
99999.8
99999.8
99999.8
99999.8
99999.8
99999.8
196454
196627
196890
197436
198864
201785
207266
216270
226923
232019
251324
248011
210132
117335
106423
102290
100810
100299
100126
100057
100022
100007
100002
100000
99999.9
99999.8
99999.8
99999.9
99999.8
99999.8
99999.8
99999.8
223376
223578
223965
224971
227089
231161
237968
246835
250481
256767
269843
254070
146368
111725
103814
101474
100579
100245
100109
100051
100022
100007
100002
100001
100000
99999.8
99999.8
99999.8
99999.8
99999.8
99999.8
99999.8
252648
252897
253399
254659
257192
261542
266869
269657
272101
291643
276297
173019
123662
107469
102876
101171
100499
100220
100100
100047
100021
100009
100003
100001
100000
99999.9
99999.8
99999.8
99999.8
99999.8
99999.8
99999.8
280360
280634
281156
282423
284664
287271
287695
287037
288575
309106
260798
144046
116024
106275
102593
101105
100480
100213
100096
100045
100021
100009
100004
100001
100000
99999.9
99999.8
99999.8
99999.8
99999.8
99999.8
99999.8
303245
303490
303871
304803
305757
305401
303495
302160
305243
314207
203794
138383
114259
105834
102463
101062
100466
100207
100093
100042
100020
100009
100004
100001
100000
100000
99999.9
99999.8
99999.8
99999.8
99999.8
99999.8
320236
320416
320564
320809
320264
319061
317417
317758
324555
306761
188483
134650
113397
105492
102342
101021
100451
100201
100090
100041
100019
100009
100004
100002
100001
100000
99999.9
99999.8
99999.8
99999.8
99999.8
99999.8
332068
332272
332395
332158
331692
331040
330085
332218
340038
298830
185478
132889
112841
105302
102272
100995
100442
100198
100089
100040
100018
100009
100004
100002
100001
100000
99999.9
99999.9
99999.8
99999.8
99999.8
99999.8
342084
342119
342050
342022
342134
341916
341313
343184
348775
299686
185667
132817
112787
105283
102267
100995
100442
100198
100089
100040
100019
100009
100004
100002
100001
100000
99999.9
99999.9
99999.8
99999.8
99999.8
99999.8
352980
352962
352724
352198
351945
351737
350917
350849
353414
311845
189515
133808
113001
105327
102276
100997
100443
100199
100091
100042
100020
100010
100004
100002
100001
100000
99999.9
99999.9
99999.9
99999.9
99999.9
99999.9
365885
365791
365416
364386
362840
361476
358765
356973
356629
335046
203352
137708
114124
105695
102408
101049
100467
100212
100098
100046
100022
100011
100005
100002
100001
100000
100000
99999.9
99999.9
99999.9
99999.9
99999.9
380217
380073
379604
378418
376073
372503
367315
363531
362717
371949
228930
142421
115520
106166
102586
101123
100500
100228
100107
100052
100026
100012
100005
100002
100001
100000
100000
99999.9
99999.9
99999.9
99999.9
99999.9
391054
390911
390440
389246
386830
382886
377064
369710
365130
368493
316975
156428
119998
107226
102918
101239
100547
100251
100120
100059
100028
100012
100005
100002
100001
100000
100000
99999.9
99999.9
99999.9
99999.9
99999.9
395192
395101
394782
393959
392180
388906
383847
375927
366984
361233
354370
205145
128204
108900
103392
101400
100611
100280
100134
100066
100032
100012
100005
100002
100001
100000
100000
99999.9
99999.9
99999.9
99999.9
99999.9
387150
387095
386954
386564
385680
383884
380671
375618
367246
357673
352294
336536
142522
113663
104443
101713
100715
100321
100153
100075
100035
100013
100005
100002
100001
100000
100000
99999.9
99999.9
99999.9
99999.9
99999.9
371334
371336
371281
371148
370860
370280
369191
367177
362735
354475
345709
335666
191541
120408
107286
102239
100870
100378
100179
100089
100036
100013
100005
100002
100001
100000
100000
99999.9
99999.9
99999.9
99999.9
99999.9
348607
348612
348614
348576
348516
348358
348041
347557
347301
345308
335579
331463
323434
138689
114066
103513
101204
100477
100221
100108
100037
100014
100005
100002
100001
100000
100000
99999.9
99999.9
99999.9
99999.9
99999.9
324201
324212
324228
324223
324221
324279
324363
324490
324694
325298
323425
321179
314134
189391
130205
106513
101963
100677
100308
100135
100041
100015
100006
100002
100001
100000
100000
99999.9
99999.9
99999.9
99999.9
99999.9
303081
303084
303100
303116
303149
303197
303338
303603
304089
304973
306299
303809
301106
301181
169942
113379
103611
101099
100479
100155
100049
100018
100007
100003
100001
100000
100000
99999.9
99999.9
99999.9
99999.9
99999.9
279445
279447
279459
279475
279513
279571
279703
279946
280397
281223
282737
282846
281926
292924
269228
128971
107118
101960
100749
100186
100064
100023
100009
100003
100001
100000
100000
100000
99999.9
99999.9
99999.9
99999.9
257451
257452
257465
257471
257512
257547
257624
257829
258214
258924
260233
261915
264524
272224
264794
164843
114538
103679
101184
100251
100087
100032
100012
100004
100002
100001
100000
100000
99999.9
99999.9
99999.9
99999.9
239296
239296
239302
239315
239336
239382
239455
239593
239883
240434
241456
243236
246450
253861
257273
242106
130084
107069
101836
100389
100127
100045
100016
100006
100002
100001
100000
100000
99999.9
99999.9
99999.9
99999.9
223488
223489
223492
223497
223515
223546
223597
223689
223902
224300
225048
226423
228952
234363
238363
237004
162309
114000
102302
100557
100173
100059
100021
100007
100003
100001
100000
100000
99999.9
99999.9
99999.9
99999.9
207973
207973
207975
207981
207995
208015
208063
208129
208252
208547
209087
210075
211859
215296
220574
226911
226935
126456
102415
100658
100207
100070
100025
100009
100003
100001
100000
100000
99999.9
99999.9
99999.9
99999.8
192125
192125
192127
192128
192139
192158
192190
192251
192358
192577
192977
193718
195028
197513
201528
209730
220950
140513
102488
100728
100230
100078
100027
100010
100003
100001
100000
100000
99999.9
99999.9
99999.9
99999.8
178063
178063
178064
178066
178071
178084
178119
178175
178262
178427
178733
179309
180304
182386
185456
194043
205320
161992
102640
100798
100250
100085
100029
100010
100004
100001
100000
100000
99999.9
99999.9
99999.8
99999.8
167199
167199
167199
167201
167204
167212
167227
167272
167355
167453
167707
168136
168921
170564
173177
179405
190269
168510
102996
100899
100271
100091
100032
100011
100004
100001
100000
100000
99999.8
99999.8
99999.8
99999.8
160765
160765
160765
160766
160769
160774
160786
160809
160862
160966
161138
161485
162053
163300
165462
170877
186169
193968
103817
101083
100310
100100
100034
100012
100004
100002
100000
99999.9
99999.9
99999.8
99999.8
99999.9
159471
159471
159472
159473
159474
159479
159488
159506
159545
159622
159774
160073
160645
161780
164177
168908
184775
195423
105468
101306
100350
100111
100038
100014
100005
100002
100000
100000
99999.9
99999.9
99999.9
99999.8
159752
159752
159753
159753
159755
159758
159764
159778
159806
159864
159983
160230
160746
161818
164192
169084
183361
192529
107519
101682
100405
100121
100041
100015
100006
100002
100000
100000
99999.9
99999.8
99999.8
99999.9
160208
160208
160209
160209
160210
160213
160219
160232
160258
160309
160405
160598
161029
161968
164414
170418
182939
188516
108306
101929
100439
100128
100042
100016
100006
100002
100000
99999.8
99999.9
99999.8
99999.8
99999.8
160893
160893
160893
160893
160894
160896
160898
160905
160927
160981
161083
161266
161626
162359
165151
173007
182494
184696
110435
102449
100470
100131
100043
100016
100007
100003
100000
99999.8
99999.9
99999.8
99999.9
99999.8
160850
160850
160850
160850
160851
160854
160861
160872
160891
160937
161052
161242
161625
162357
165182
172936
180983
181758
116362
102738
100498
100133
100043
100017
100008
100002
100000
100000
100000
99999.8
99999.9
99999.9
160668
160668
160668
160669
160670
160673
160680
160695
160727
160790
160905
161135
161578
162284
165153
172661
177919
179716
118094
103246
100546
100137
100043
100018
100009
100003
100000
99999.8
100000
99999.7
99999.8
99999.9
160208
160208
160209
160209
160211
160215
160223
160245
160295
160392
160589
160899
161359
162119
164969
171448
175870
178315
120469
104381
100627
100147
100044
100019
100010
100004
100000
99999.9
99999.9
99999.8
99999.8
99999.8
159405
159405
159405
159406
159408
159411
159424
159458
159533
159677
159951
160374
160973
161853
164262
168364
173980
178207
130592
106210
100707
100166
100046
100021
100013
100005
100001
100001
100000
100000
99999.9
99999.6
158042
158042
158042
158043
158044
158047
158054
158054
158063
158279
158864
159626
160429
161231
162413
163533
170946
177595
135374
107313
100883
100198
100050
100025
100016
100004
100001
99999.8
99999.9
99999.7
99999.7
99999.8
154632
154632
154632
154632
154634
154640
154688
154873
155285
156041
157305
158634
159483
159636
158888
159206
165970
175985
139370
108410
101198
100244
100056
100031
100022
100005
99999.3
99998.4
100000
99999.6
99999.9
99999.9
148998
148998
148998
148999
148997
149003
149058
149280
150146
152319
154998
156826
157396
156317
155173
155176
160794
172292
147940
111945
101859
100322
100069
100041
100033
100005
100000
100001
100000
100000
100000
100000
129960
129990
130158
130474
131288
132878
135301
138251
141430
145843
150020
152652
153268
152415
151107
151729
155849
165152
156950
122190
102636
100395
100088
100055
100045
100004
100002
100002
100000
100000
99999.8
99999.9
92617
92684.2
92996.6
94117.7
96517.8
100500
106463
113989
121937
130239
138128
143507
146703
147409
147167
147949
151171
158543
156772
126555
103608
100531
100114
100069
100059
100006
100000
99998.3
99999.6
99999.2
99999
99999.1
99175.1
99077.9
98956.1
98818.9
98744.4
98828.7
99382.1
100943
104527
110747
120558
128237
136490
140092
141131
143167
146197
152041
156334
136967
105637
100788
100153
100087
100063
100007
99998.6
99997.9
99999.1
99999.3
100000
99999.6
101844
101803
101762
101689
101541
101303
101130
101082
101326
102551
106350
114656
123069
129692
133016
136626
140751
144703
155284
148886
110173
101301
100212
100110
100064
100006
100002
100002
100000
100001
100001
100000
102414
102400
102387
102358
102315
102216
102000
101761
101628
101611
102123
104674
111179
118136
122850
128405
133827
137391
152829
148856
118460
102322
100298
100129
100066
100005
100003
100001
100000
100000
99998.9
99999.9
101696
101695
101691
101673
101663
101621
101540
101357
101158
101028
100990
101135
102633
107208
112635
118624
126111
129711
147713
147788
137751
104358
100457
100151
100068
100005
99993
99998.4
99997.9
99997.9
99999.2
99999.3
99462
99462.2
99461.6
99461.6
99460
99450.1
99431.3
99378
99233.7
99097.5
99011.1
98977.7
98978.7
99879.6
103035
109490
116983
120513
138824
145457
137722
106707
100745
100195
100073
100008
100000
99999.3
100000
100001
100001
100000
96497.5
96497.3
96497
96496.6
96495.8
96492.4
96480.6
96458.3
96427.2
96399.1
96382.4
96374.6
96373.4
96503.9
97418
100825
109086
112031
128408
140774
137290
111469
101270
100243
100080
100007
100012
100001
100004
100002
100001
100000
92949
92950.9
92954.6
92954.9
92960
92959.4
92963.7
92966.7
92972.7
92984
93005.5
93046.6
93129.3
93296.8
93682.6
94879.7
98482.8
103225
117655
135148
135739
121617
102233
100315
100084
100005
99993.9
99999.4
99998.5
99995.9
99998.7
99999
90307.4
90307.4
90307.7
90307.5
90307.3
90307.1
90307
90307.5
90311
90321.3
90346.5
90399.8
90498.4
90662.5
90933.4
91396.5
92460.1
96321.1
109647
126350
132084
121550
103229
100400
100089
100010
99985.5
99999.3
99993.9
99998.2
99998.5
100000
90432.2
90432.8
90433.4
90434.1
90434.6
90434.9
90435.3
90436.2
90439.7
90449.8
90471
90511.7
90591.6
90739.7
91006.8
91494.7
92500.4
95458.4
102418
115676
124823
121190
105088
100558
100093
100007
100014
99998.1
100001
100005
100002
99999.7
91688.6
91688.7
91689.1
91689.4
91689.6
91689.6
91689
91688.3
91686.8
91686.5
91688.3
91695.1
91710.7
91759.2
91903.6
92243.6
92962.8
94539.8
97120.3
105079
116798
120419
108754
100758
100099
99999.1
100014
99999.2
100005
100001
99999.7
99997.7
95714.2
95713.9
95713.3
95712.6
95711.2
95709.2
95705.7
95699.6
95687.9
95663.2
95600.7
95437.9
95266.1
95128.8
95029.9
94974.4
94956.8
95087.3
96852.1
100586
109597
116099
108730
101118
100095
100015
99977.6
100009
100007
99993.7
99996.9
100001
98560.5
98560
98559.9
98558.5
98558
98554.2
98552.3
98543.4
98536
98520.3
98502.4
98480.2
98426.7
98238.3
97909.6
97630.7
97419.2
97305.9
97288.9
100588
105293
108417
108512
101862
100099
100015
99986.6
99999.8
99995.3
99998
100003
100002
99635.4
99635.1
99635.2
99634.5
99634.7
99633.2
99632.7
99629
99624.9
99617.3
99607.1
99591.7
99557
99456.4
99316.5
99197.4
99101.3
99033.7
99000.3
100927
103032
104367
104639
101882
100105
99986.8
100028
99985.7
99994.1
100007
100003
99998.1
99714
99714
99714.1
99714.4
99714.8
99715.5
99716.8
99718.7
99722.2
99726.5
99729.9
99731.9
99732.4
99732.5
99732.4
99732.9
99748.6
99844
100425
100953
101397
101664
101752
100880
100134
100028
100016
100001
100006
100001
99994.7
99997.4
99886.9
99887
99887
99887.3
99887.4
99888.3
99888.6
99890.7
99892.3
99896.5
99901.1
99907.5
99914.1
99924.3
99956.8
100048
100232
100392
100522
100613
100645
100655
100484
100277
100109
100012
99977.1
100020
100004
99993.6
99997.7
100001
100037
100037
100037
100038
100038
100038
100039
100040
100042
100047
100055
100074
100101
100124
100141
100154
100163
100168
100170
100155
100134
100113
100087
100060
100033
100011
100002
99989
99991.1
99999.3
100006
100001
100002
100002
100002
100002
100002
100002
100002
100002
100003
100004
100007
100009
100011
100012
100013
100013
100013
100012
100012
100012
100012
100011
100010
100009
100008
100005
100001
100001
100002
100004
100002
100003
99995.7
99995.7
99995.7
99995.7
99995.7
99995.7
99995.8
99995.8
99996
99996.2
99996.6
99997.2
99997.7
99998.1
99998.3
99998.5
99998.7
99999.1
99999.6
100001
100001
100001
100002
100002
100001
100001
100000
99999.7
99999.9
99999.6
99992.6
100002
99999.8
99999.8
99999.8
99999.8
99999.8
99999.8
99999.9
99999.9
99999.9
100000
100000
100000
99999.2
99998.3
99998.5
99999
99999.3
99999.5
99999.9
100000
99999.9
99999.9
100000
100000
100001
100000
100000
100000
100000
99999.8
100001
99994.3
99997.6
99997.6
99997.6
99997.6
99997.6
99997.6
99997.6
99997.6
99997.6
99997.5
99997.5
99997.5
99997.4
99997.4
99997.5
99997.8
99999.1
99999.6
99999.8
99999.9
100000
100000
99999.9
100000
99999.8
99999.6
99999.7
100000
100000
99999.7
99999.9
100000
100001
100001
100001
100001
100001
100001
100001
100001
100001
100001
100002
100002
100002
100002
100002
100002
100001
99999.3
99999.5
99999.9
99999.8
99999.6
99999.5
99999.6
99999.8
99999.8
99999.8
99999.6
99999.6
99999.9
99999.8
99999.8
100002
100002
100002
100002
100002
100002
100002
100002
100002
100002
100002
100002
100002
100002
100002
100002
100002
100002
100001
100001
100000
100000
99999.9
99999.7
99999.6
99999.6
99999.7
99999.9
99999.9
99999.8
99999.8
99999.8
99998.7
99998.7
99998.7
99998.7
99998.7
99998.7
99998.7
99998.7
99998.7
99998.6
99998.6
99998.6
99998.6
99998.8
99998.8
99998.9
99999
99999.1
99999.2
99999.3
99999.4
99999.7
100000
100000
99999.9
99999.8
99999.8
99999.8
99999.7
99999.7
99999.8
99999.7
)
;

boundaryField
{
    QUAD_bdy____1
    {
        type            empty;
    }
    QUAD_bdy____2
    {
        type            empty;
    }
    QUAD_bdy____3
    {
        type            waveTransmissive;
        gamma           1.3;
        fieldInf        100000;
        lInf            1;
        value           uniform 100000;
    }
    QUAD_bdy____4
    {
        type            waveTransmissive;
        gamma           1.3;
        fieldInf        100000;
        lInf            1;
        value           uniform 100000;
    }
    QUAD_bdy____5
    {
        type            zeroGradient;
    }
    QUAD_bdy____6
    {
        type            zeroGradient;
    }
}


// ************************************************************************* //
