/*--------------------------------*- C++ -*----------------------------------*\
| =========                 |                                                 |
| \\      /  F ield         | OpenFOAM: The Open Source CFD Toolbox           |
|  \\    /   O peration     | Version:  2312                                  |
|   \\  /    A nd           | Website:  www.openfoam.com                      |
|    \\/     M anipulation  |                                                 |
\*---------------------------------------------------------------------------*/
FoamFile
{
    version     2.0;
    format      ascii;
    arch        "LSB;label=64;scalar=64";
    class       volScalarField;
    location    "0.05";
    object      CH4;
}
// * * * * * * * * * * * * * * * * * * * * * * * * * * * * * * * * * * * * * //

dimensions      [0 0 0 0 0 0 0];

internalField   nonuniform List<scalar> 
4000
(
0.991259
0.97155
0.949413
0.924711
0.897324
0.867154
0.834128
0.798205
0.759382
0.717707
0.673279
0.626267
0.57691
0.525535
0.47256
0.418509
0.364017
0.309842
0.25687
0.206129
0.158786
0.116124
0.0794737
0.0500033
0.0282584
0.0137426
0.00600284
0.00300363
0.00202758
0.00196183
0.00241206
0.00339795
0.00507185
0.00776409
0.0120024
0.0185939
0.0282882
0.038204
0.0458279
0.0521671
0.0576394
0.0624107
0.0664569
0.0696104
0.0716128
0.0721304
0.0712057
0.0685433
0.0641222
0.0581487
0.0509843
0.0430939
0.0350274
0.0272889
0.0204632
0.0139949
0.00903034
0.0055213
0.00320272
0.00176532
0.00092627
0.000463562
0.000221744
0.00010163
4.47656e-05
1.90248e-05
7.84599e-06
3.17112e-06
1.26635e-06
5.04027e-07
2.01607e-07
8.16111e-08
3.36065e-08
1.41228e-08
6.06566e-09
2.66274e-09
1.19367e-09
5.45515e-10
2.53407e-10
1.19035e-10
5.84214e-11
2.89408e-11
1.44212e-11
7.19502e-12
3.57385e-12
1.75627e-12
8.48839e-13
4.01991e-13
1.7943e-13
7.76568e-14
3.25623e-14
1.32403e-14
5.23209e-15
2.01513e-15
7.58859e-16
2.80268e-16
1.01738e-16
3.62035e-17
1.21904e-17
2.73733e-18
0.991543
0.972478
0.951076
0.927209
0.900765
0.871654
0.839805
0.805181
0.767779
0.727641
0.684859
0.639584
0.592035
0.542506
0.491376
0.439116
0.386301
0.333608
0.281831
0.231882
0.184789
0.141674
0.103702
0.0719465
0.047202
0.0296629
0.0184587
0.0120602
0.00901113
0.00823925
0.00887101
0.0107505
0.0137698
0.0178404
0.0228766
0.0287379
0.0352084
0.0418822
0.0484931
0.0549832
0.061314
0.0673585
0.0728631
0.0774615
0.0807197
0.0821715
0.0816965
0.079194
0.0744855
0.0678549
0.059782
0.0508684
0.0415702
0.0326987
0.0249379
0.0174545
0.011228
0.00684295
0.00395894
0.00217761
0.00114108
0.000570826
0.000273211
0.000125404
5.53562e-05
2.35853e-05
9.74339e-06
3.93759e-06
1.56977e-06
6.22731e-07
2.47901e-07
9.97552e-08
4.08023e-08
1.70249e-08
7.25935e-09
3.16421e-09
1.40887e-09
6.39831e-10
2.95676e-10
1.38385e-10
6.54042e-11
3.22137e-11
1.59823e-11
7.94751e-12
3.9382e-12
1.93246e-12
9.33785e-13
4.4355e-13
1.98489e-13
8.60841e-14
3.6143e-14
1.47027e-14
5.80769e-15
2.23437e-15
8.40025e-16
3.09598e-16
1.12118e-16
3.97976e-17
1.33693e-17
2.99715e-18
0.992006
0.973991
0.953785
0.931272
0.906354
0.878945
0.848985
0.816435
0.781291
0.743586
0.703399
0.660858
0.616151
0.569535
0.521338
0.471973
0.421934
0.371809
0.322269
0.274071
0.228041
0.185068
0.146061
0.111885
0.0832344
0.0604674
0.0434353
0.0315848
0.0240897
0.0200418
0.0186928
0.0191363
0.0210175
0.0241667
0.0283206
0.0333214
0.0390557
0.0454029
0.0522545
0.0594794
0.0668691
0.074103
0.0807452
0.0862765
0.0901478
0.0918072
0.0911962
0.0882242
0.0827492
0.0751626
0.0660542
0.0563159
0.0458179
0.0363525
0.0277035
0.019924
0.0128658
0.00783724
0.00452898
0.00248888
0.00130393
0.0006528
0.000313023
0.000144092
6.38433e-05
2.73196e-05
1.13409e-05
4.59317e-06
1.83385e-06
7.27792e-07
2.89487e-07
1.16265e-07
4.74244e-08
1.97244e-08
8.38233e-09
3.64193e-09
1.6168e-09
7.3238e-10
3.3779e-10
1.58079e-10
7.45946e-11
3.65902e-11
1.80884e-11
8.97058e-12
4.43773e-12
2.17606e-12
1.05176e-12
5.00719e-13
2.25091e-13
9.79883e-14
4.12503e-14
1.68069e-14
6.64333e-15
2.55566e-15
9.60174e-16
3.53486e-16
1.27828e-16
4.53005e-17
1.51939e-17
3.40245e-18
0.992592
0.975906
0.957204
0.936387
0.913369
0.888077
0.860456
0.830473
0.798122
0.763428
0.726456
0.687313
0.646158
0.603204
0.558726
0.513063
0.466625
0.419887
0.37339
0.32774
0.283586
0.241606
0.202471
0.166817
0.135219
0.108096
0.0856825
0.0679724
0.0547248
0.0454921
0.0397082
0.0367563
0.0362548
0.0372374
0.0397918
0.0437535
0.0489545
0.0552254
0.0623622
0.0701002
0.0780842
0.085853
0.0928506
0.0984665
0.102091
0.103117
0.101741
0.0976134
0.0908164
0.0818719
0.0715334
0.0606877
0.0499645
0.0396361
0.0302074
0.0220526
0.0143727
0.00877011
0.00506358
0.00277914
0.00145473
0.000728188
0.000349399
0.000161066
7.15104e-05
3.06764e-05
1.27685e-05
5.18424e-06
2.0729e-06
8.23098e-07
3.27281e-07
1.31299e-07
5.34692e-08
2.21954e-08
9.41344e-09
4.08211e-09
1.80912e-09
8.18316e-10
3.76999e-10
1.76305e-10
8.32068e-11
4.07595e-11
2.01309e-11
9.97941e-12
4.93769e-12
2.42288e-12
1.17179e-12
5.57297e-13
2.54528e-13
1.11091e-13
4.68425e-14
1.91058e-14
7.55686e-15
2.90793e-15
1.09251e-15
4.02106e-16
1.45349e-16
5.14818e-17
1.72577e-17
3.86298e-18
0.99324
0.97802
0.960973
0.942018
0.921081
0.898101
0.873032
0.845847
0.816538
0.785126
0.751664
0.716239
0.67898
0.64006
0.5997
0.558171
0.515798
0.472958
0.430075
0.387616
0.346077
0.305973
0.267829
0.232164
0.199475
0.170157
0.144508
0.122692
0.104749
0.0905893
0.0799951
0.072659
0.0682327
0.0664426
0.0667999
0.0688588
0.0726574
0.0778989
0.0842353
0.0912599
0.0984848
0.10534
0.111195
0.1154
0.117352
0.11673
0.113493
0.107348
0.0986116
0.0879576
0.076952
0.0653384
0.0536769
0.0425276
0.0324052
0.0238254
0.0156894
0.00958838
0.00553285
0.00303592
0.00159025
0.00079745
0.000383708
0.000177532
7.91591e-05
3.41135e-05
1.42643e-05
5.8169e-06
2.33008e-06
9.26081e-07
3.68194e-07
1.47558e-07
5.99827e-08
2.48427e-08
1.05099e-08
4.54605e-09
2.00991e-09
9.07183e-10
4.17177e-10
1.94816e-10
9.18507e-11
4.49092e-11
2.21503e-11
1.09725e-11
5.42908e-12
2.66586e-12
1.29036e-12
6.12254e-13
2.84324e-13
1.24105e-13
5.23831e-14
2.13928e-14
8.47141e-15
3.26291e-15
1.22668e-15
4.51665e-16
1.63291e-16
5.78377e-17
1.93866e-17
4.33894e-18
0.993903
0.98018
0.964821
0.947757
0.92893
0.908288
0.885795
0.861428
0.835181
0.807074
0.777148
0.745475
0.712158
0.677336
0.641183
0.603915
0.565783
0.527079
0.488133
0.449308
0.410993
0.373601
0.337551
0.303262
0.271123
0.24148
0.214624
0.19078
0.170099
0.152651
0.138423
0.127331
0.119227
0.11392
0.111158
0.110803
0.111968
0.114711
0.118607
0.123146
0.127778
0.131898
0.134907
0.136112
0.135196
0.131837
0.125677
0.116797
0.105642
0.0942508
0.081949
0.0692413
0.0566728
0.0447864
0.0340619
0.0248305
0.0168714
0.0102035
0.00586442
0.00321527
0.00168544
0.000846774
0.000408584
0.000189704
8.49229e-05
3.67513e-05
1.54319e-05
6.31819e-06
2.53849e-06
1.0109e-06
4.02315e-07
1.61257e-07
6.55181e-08
2.71099e-08
1.14559e-08
4.94934e-09
2.18577e-09
9.85617e-10
4.52914e-10
2.11403e-10
9.96335e-11
4.86594e-11
2.39761e-11
1.18712e-11
5.87519e-12
2.88794e-12
1.4003e-12
6.65906e-13
3.10195e-13
1.35819e-13
5.7489e-14
2.35351e-14
9.33843e-15
3.60254e-15
1.35598e-15
4.99711e-16
1.80773e-16
6.40567e-17
2.14767e-17
4.80704e-18
0.994541
0.982258
0.968519
0.953268
0.936456
0.918043
0.897999
0.876307
0.852966
0.827989
0.801415
0.773299
0.743725
0.712801
0.680667
0.647489
0.613469
0.578838
0.543856
0.50881
0.474008
0.439774
0.406438
0.37433
0.343768
0.315049
0.288434
0.26415
0.242372
0.22323
0.206794
0.19308
0.182039
0.173561
0.167464
0.163491
0.161307
0.160598
0.160789
0.161455
0.162122
0.162092
0.16108
0.158412
0.153664
0.146556
0.13695
0.124873
0.112426
0.0995251
0.0859401
0.0722019
0.0588357
0.0463473
0.0351779
0.0256226
0.0174134
0.0105406
0.00605781
0.00332468
0.00174688
0.000880657
0.000426778
0.000199137
8.96164e-05
3.89905e-05
1.64575e-05
6.77099e-06
2.73137e-06
1.09023e-06
4.34504e-07
1.74252e-07
7.07844e-08
2.92679e-08
1.2355e-08
5.33161e-09
2.35189e-09
1.05944e-09
4.86467e-10
2.26993e-10
1.06978e-10
5.206e-11
2.56037e-11
1.26703e-11
6.2742e-12
3.08851e-12
1.50073e-12
7.15502e-13
3.34221e-13
1.46784e-13
6.23036e-14
2.55681e-14
1.01655e-14
3.92783e-15
1.48023e-15
5.4599e-16
1.97644e-16
7.00669e-17
2.34988e-17
5.26004e-18
0.995126
0.984165
0.97191
0.958315
0.94334
0.926953
0.909132
0.889863
0.869147
0.846996
0.823441
0.798529
0.772328
0.744927
0.716438
0.686996
0.656759
0.625911
0.594655
0.563216
0.531836
0.500768
0.470275
0.440619
0.412059
0.384838
0.359184
0.335298
0.313351
0.293475
0.275761
0.260252
0.246935
0.235737
0.226516
0.219062
0.213093
0.208273
0.204199
0.200434
0.196513
0.191958
0.186322
0.179193
0.170253
0.159318
0.146389
0.131789
0.117939
0.10345
0.088669
0.0740364
0.0600274
0.0470964
0.0356218
0.0258303
0.0176457
0.0106601
0.00611443
0.00335661
0.0017671
0.000893857
0.000435024
0.00020399
9.22892e-05
4.03698e-05
1.71288e-05
7.08135e-06
2.86901e-06
1.14877e-06
4.58853e-07
1.84273e-07
7.4908e-08
3.09794e-08
1.30762e-08
5.64142e-09
2.48786e-09
1.12045e-09
5.14498e-10
2.40318e-10
1.13767e-10
5.42784e-11
2.68058e-11
1.3311e-11
6.61151e-12
3.26385e-12
1.59042e-12
7.60421e-13
3.56199e-13
1.56878e-13
6.6759e-14
2.74575e-14
1.09369e-14
4.23217e-15
1.59676e-15
5.89492e-16
2.13532e-16
7.57362e-17
2.54085e-17
5.68814e-18
0.995643
0.985845
0.974894
0.962751
0.949384
0.934766
0.918878
0.90171
0.883264
0.863553
0.842603
0.820453
0.797162
0.7728
0.747459
0.721248
0.694294
0.666741
0.638752
0.610504
0.582185
0.553996
0.526143
0.498835
0.472276
0.446665
0.422188
0.399013
0.377285
0.35712
0.338598
0.32176
0.306601
0.293062
0.281027
0.270322
0.260713
0.251917
0.243604
0.235408
0.226945
0.217835
0.207722
0.196304
0.18336
0.16875
0.152319
0.137227
0.121643
0.105794
0.0900097
0.0746858
0.060241
0.0470693
0.0354913
0.0256831
0.0175072
0.01058
0.0060781
0.00334447
0.00176546
0.000895501
0.000437208
0.00020579
9.35587e-05
4.11595e-05
1.7564e-05
7.29987e-06
2.97182e-06
1.19415e-06
4.78259e-07
1.92423e-07
7.83111e-08
3.24068e-08
1.36822e-08
5.9031e-09
2.60314e-09
1.17231e-09
5.38325e-10
2.51501e-10
1.19138e-10
5.68921e-11
2.80821e-11
1.39472e-11
6.93278e-12
3.42684e-12
1.6727e-12
8.01377e-13
3.76193e-13
1.66068e-13
7.08234e-14
2.91851e-14
1.16439e-14
4.5117e-15
1.704e-15
6.29589e-16
2.28197e-16
8.0975e-17
2.71748e-17
6.0842e-18
0.996081
0.987272
0.977427
0.966514
0.954503
0.941372
0.927105
0.911696
0.895144
0.877463
0.858674
0.838811
0.817923
0.796069
0.773325
0.749778
0.725531
0.7007
0.675414
0.649813
0.624047
0.598273
0.572653
0.547351
0.522529
0.498345
0.474945
0.452462
0.431012
0.410685
0.391543
0.373616
0.356895
0.341328
0.326818
0.313219
0.300344
0.287964
0.275816
0.263615
0.251067
0.237886
0.223822
0.208681
0.19236
0.174901
0.156597
0.140109
0.123317
0.106507
0.0900338
0.0742789
0.0596181
0.0463923
0.0348766
0.0252188
0.0169871
0.0102373
0.00589316
0.00325324
0.00172503
0.000879916
0.000432251
0.000204694
9.35408e-05
4.13337e-05
1.77213e-05
7.40292e-06
3.02822e-06
1.2215e-06
4.9071e-07
1.97887e-07
8.06679e-08
3.34205e-08
1.41214e-08
6.09617e-09
2.68954e-09
1.21174e-09
5.56674e-10
2.602e-10
1.23333e-10
5.89395e-11
2.9112e-11
1.44708e-11
7.20086e-12
3.56427e-12
1.74268e-12
8.36489e-13
3.93455e-13
1.74052e-13
7.43751e-14
3.0703e-14
1.2268e-14
4.75951e-15
1.79941e-15
6.65377e-16
2.41321e-16
8.56742e-17
2.87621e-17
6.44041e-18
0.996443
0.988445
0.979509
0.969602
0.958698
0.946778
0.933826
0.919836
0.90481
0.888756
0.871694
0.853654
0.834674
0.814807
0.794112
0.772665
0.750547
0.727854
0.704688
0.681163
0.657397
0.633515
0.609644
0.585914
0.56245
0.539376
0.516804
0.494838
0.473563
0.453046
0.433333
0.414439
0.396352
0.379024
0.362375
0.346287
0.330612
0.315172
0.299769
0.284189
0.268222
0.251671
0.234372
0.216214
0.197129
0.17706
0.159136
0.141191
0.123346
0.10583
0.0889368
0.0729919
0.0583184
0.0452043
0.0338781
0.0244889
0.0162063
0.00976924
0.00564028
0.00312442
0.00166392
0.000853084
0.000421453
0.000200802
9.23567e-05
4.10716e-05
1.77051e-05
7.42853e-06
3.05138e-06
1.23575e-06
4.98092e-07
2.01385e-07
8.22551e-08
3.41278e-08
1.4436e-08
6.23728e-09
2.75373e-09
1.24145e-09
5.70668e-10
2.66907e-10
1.26597e-10
6.05474e-11
2.99288e-11
1.48904e-11
7.41791e-12
3.67665e-12
1.80047e-12
8.65742e-13
4.07954e-13
1.8081e-13
7.7403e-14
3.20051e-14
1.28064e-14
4.97427e-15
1.88242e-15
6.96614e-16
2.52807e-16
8.97963e-17
3.01568e-17
6.75364e-18
0.996731
0.989382
0.981168
0.972061
0.962034
0.951068
0.93915
0.926272
0.912433
0.897642
0.881913
0.865273
0.847753
0.829397
0.810258
0.790394
0.769877
0.748784
0.727198
0.705213
0.682922
0.660428
0.63783
0.61523
0.592728
0.570419
0.548388
0.526714
0.50546
0.484675
0.464388
0.444607
0.425317
0.406477
0.388021
0.369857
0.351873
0.333938
0.315905
0.297628
0.278965
0.259793
0.240022
0.219646
0.198817
0.177805
0.159109
0.140423
0.121997
0.104112
0.0870556
0.0711226
0.0565927
0.0437076
0.0326516
0.0236389
0.0152728
0.00926131
0.0053628
0.00298089
0.0015942
0.000821279
0.00040785
0.00019537
9.03511e-05
4.04005e-05
1.75114e-05
7.386e-06
3.04746e-06
1.23842e-06
5.00664e-07
2.02965e-07
8.30791e-08
3.45273e-08
1.46244e-08
6.32558e-09
2.79535e-09
1.26129e-09
5.80264e-10
2.71615e-10
1.28937e-10
6.17217e-11
3.0537e-11
1.52083e-11
7.58504e-12
3.76449e-12
1.84625e-12
8.89204e-13
4.19711e-13
1.86344e-13
7.99043e-14
3.30893e-14
1.32578e-14
5.15533e-15
1.95275e-15
7.23184e-16
2.6261e-16
9.3324e-17
3.13529e-17
7.02252e-18
0.996955
0.990108
0.982455
0.973964
0.964612
0.954378
0.943247
0.931212
0.91827
0.904426
0.889693
0.874091
0.857649
0.840401
0.822394
0.803677
0.78431
0.764357
0.74389
0.722984
0.701719
0.680174
0.658434
0.636578
0.614686
0.592831
0.571082
0.549496
0.528122
0.506994
0.486133
0.465541
0.445204
0.425089
0.405145
0.385305
0.365485
0.345594
0.325533
0.305208
0.284531
0.263446
0.241936
0.219978
0.197478
0.177469
0.1578
0.138506
0.119744
0.101729
0.0847099
0.0689406
0.0546636
0.0420803
0.0313238
0.0225348
0.014461
0.00876254
0.00508351
0.00283527
0.00152273
0.000788125
0.000393304
0.000189342
8.79993e-05
3.95417e-05
1.72205e-05
7.29618e-06
3.02319e-06
1.23334e-06
5.00163e-07
2.0324e-07
8.33553e-08
3.4702e-08
1.47199e-08
6.37464e-09
2.82001e-09
1.27363e-09
5.86467e-10
2.74756e-10
1.30542e-10
6.25471e-11
3.09739e-11
1.54413e-11
7.70979e-12
3.83116e-12
1.88153e-12
9.07531e-13
4.29006e-13
1.90768e-13
8.19241e-14
3.39726e-14
1.36282e-14
5.30485e-15
2.01111e-15
7.45323e-16
2.70805e-16
9.62806e-17
3.23572e-17
7.24848e-18
0.997124
0.990657
0.983425
0.975398
0.966551
0.956862
0.946316
0.934902
0.922617
0.909462
0.895448
0.880591
0.864914
0.848449
0.831233
0.813311
0.794733
0.775555
0.755837
0.735644
0.715042
0.6941
0.672886
0.651467
0.629907
0.608266
0.586597
0.564948
0.543354
0.521843
0.500429
0.479115
0.45789
0.436729
0.415596
0.394443
0.373215
0.35185
0.330288
0.308475
0.286382
0.263995
0.241334
0.218495
0.195609
0.175334
0.155373
0.135876
0.117036
0.0990742
0.0822201
0.0667029
0.0527338
0.0404825
0.0300393
0.0214598
0.013699
0.00829656
0.00482367
0.00269936
0.0014554
0.000756431
0.000379114
0.000183302
8.55596e-05
3.86078e-05
1.68826e-05
7.18081e-06
2.98611e-06
1.22233e-06
4.97174e-07
2.0254e-07
8.32375e-08
3.47076e-08
1.47417e-08
6.39168e-09
2.83065e-09
1.27973e-09
5.89827e-10
2.76579e-10
1.31524e-10
6.30749e-11
3.12644e-11
1.56014e-11
7.79794e-12
3.87942e-12
1.9076e-12
9.21324e-13
4.36111e-13
1.94197e-13
8.35095e-14
3.46734e-14
1.39247e-14
5.4254e-15
2.05843e-15
7.63355e-16
2.77503e-16
9.87038e-17
3.3182e-17
7.43419e-18
0.997248
0.991061
0.984139
0.976451
0.967972
0.958679
0.948553
0.937585
0.925766
0.913098
0.899587
0.885246
0.870095
0.854161
0.837477
0.820081
0.802018
0.783338
0.764092
0.744338
0.724134
0.703538
0.68261
0.661406
0.639981
0.618386
0.596666
0.574859
0.552997
0.531101
0.509185
0.487253
0.465299
0.443307
0.421253
0.399109
0.376838
0.354407
0.331787
0.308952
0.285883
0.262578
0.239057
0.215437
0.193465
0.172867
0.152658
0.133063
0.114264
0.0964506
0.0798272
0.0645969
0.0509463
0.0390214
0.0288804
0.0204703
0.0130091
0.00788239
0.00459403
0.00257889
0.00139523
0.000727763
0.000366079
0.000177648
8.32214e-05
3.76868e-05
1.65369e-05
7.05709e-06
2.94369e-06
1.20851e-06
4.92826e-07
2.01218e-07
8.28519e-08
3.4603e-08
1.47173e-08
6.38838e-09
2.83199e-09
1.28152e-09
5.91183e-10
2.77456e-10
1.32052e-10
6.33817e-11
3.14439e-11
1.57051e-11
7.85727e-12
3.91294e-12
1.9262e-12
9.31371e-13
4.41382e-13
1.96784e-13
8.47236e-14
3.52167e-14
1.41569e-14
5.52048e-15
2.09597e-15
7.77717e-16
2.82854e-16
1.00644e-16
3.38436e-17
7.58325e-18
0.997337
0.99135
0.984649
0.977204
0.968986
0.959971
0.950141
0.939482
0.927986
0.91565
0.90248
0.888484
0.873681
0.858093
0.84175
0.824687
0.806944
0.788564
0.769597
0.750091
0.730101
0.709678
0.688875
0.667744
0.646332
0.624685
0.602843
0.580839
0.558703
0.536455
0.514109
0.491672
0.469143
0.446515
0.423775
0.400908
0.377896
0.354725
0.331381
0.307863
0.284183
0.260365
0.236433
0.212389
0.190992
0.170146
0.149897
0.130363
0.111699
0.0940835
0.0777067
0.0627558
0.0493995
0.037769
0.0279038
0.0196
0.0124158
0.00753361
0.00440162
0.00247769
0.00134435
0.000703293
0.000354822
0.000172696
8.11394e-05
3.68504e-05
1.62156e-05
6.93871e-06
2.90164e-06
1.19417e-06
4.88041e-07
1.99643e-07
8.23378e-08
3.44365e-08
1.46642e-08
6.37215e-09
2.82751e-09
1.2806e-09
5.91223e-10
2.77683e-10
1.32259e-10
6.35291e-11
3.15415e-11
1.57664e-11
7.89451e-12
3.93496e-12
1.93884e-12
9.3839e-13
4.45147e-13
1.98667e-13
8.56221e-14
3.56242e-14
1.43327e-14
5.59308e-15
2.12479e-15
7.88796e-16
2.86996e-16
1.0215e-16
3.43577e-17
7.69918e-18
0.997399
0.991551
0.985003
0.977725
0.969686
0.960863
0.951233
0.940783
0.929502
0.917386
0.904438
0.890665
0.876083
0.860712
0.844578
0.827715
0.810157
0.791948
0.77313
0.753751
0.733859
0.713504
0.692734
0.671596
0.650134
0.628392
0.606406
0.584208
0.561826
0.539282
0.516591
0.493763
0.470802
0.447707
0.424477
0.401104
0.377582
0.353909
0.330089
0.306138
0.282088
0.25799
0.2339
0.209839
0.188471
0.16766
0.147479
0.128054
0.109541
0.0921159
0.0759609
0.0612513
0.048143
0.0367596
0.0271426
0.0188731
0.0119413
0.00726009
0.00425057
0.00239771
0.0013038
0.000683607
0.00034567
0.000168622
7.94044e-05
3.61429e-05
1.5939e-05
6.83476e-06
2.86381e-06
1.1809e-06
4.83456e-07
1.9807e-07
8.1798e-08
3.42501e-08
1.45995e-08
6.34971e-09
2.81983e-09
1.27807e-09
5.90474e-10
2.77517e-10
1.32263e-10
6.35708e-11
3.1583e-11
1.57976e-11
7.91558e-12
3.94831e-12
1.94688e-12
9.43012e-13
4.47693e-13
1.99974e-13
8.62592e-14
3.59177e-14
1.44608e-14
5.64633e-15
2.14604e-15
7.96989e-16
2.90066e-16
1.03267e-16
3.47396e-17
7.78533e-18
0.99744
0.991684
0.985238
0.97807
0.970149
0.96145
0.951951
0.941636
0.930492
0.918516
0.905706
0.892071
0.877622
0.862379
0.846367
0.829616
0.812161
0.794039
0.775294
0.75597
0.736114
0.715771
0.694988
0.67381
0.652281
0.63044
0.608322
0.585962
0.563385
0.540614
0.517667
0.494556
0.471291
0.447875
0.424311
0.400601
0.376747
0.352755
0.328636
0.304418
0.280146
0.255894
0.231752
0.207762
0.186451
0.165701
0.145593
0.126265
0.107879
0.0906088
0.0746278
0.060102
0.047178
0.0359702
0.0265138
0.0183837
0.0116209
0.00706693
0.00414095
0.00233868
0.0012735
0.000668739
0.000338686
0.000165482
7.80517e-05
3.55848e-05
1.57181e-05
6.75052e-06
2.83267e-06
1.16978e-06
4.79547e-07
1.96701e-07
8.13166e-08
3.40793e-08
1.45382e-08
6.3275e-09
2.81175e-09
1.27516e-09
5.89447e-10
2.77177e-10
1.32167e-10
6.35556e-11
3.15911e-11
1.58097e-11
7.92577e-12
3.95554e-12
1.95154e-12
9.45815e-13
4.49287e-13
2.00814e-13
8.66766e-14
3.61128e-14
1.45469e-14
5.68238e-15
2.16051e-15
8.02595e-16
2.92174e-16
1.04037e-16
3.50032e-17
7.84481e-18
0.997465
0.991765
0.98538
0.978279
0.970429
0.961805
0.952384
0.942148
0.931086
0.91919
0.906461
0.892904
0.87853
0.863358
0.847412
0.830719
0.813314
0.795234
0.776521
0.757216
0.737366
0.717015
0.696208
0.67499
0.653402
0.631484
0.60927
0.586794
0.564083
0.54116
0.518044
0.494752
0.471292
0.447676
0.423908
0.399994
0.375942
0.351762
0.327471
0.3031
0.2787
0.254362
0.230209
0.206319
0.18507
0.164365
0.144307
0.125048
0.106755
0.0895947
0.073737
0.0593419
0.046551
0.03548
0.0261994
0.0179494
0.01137
0.00693035
0.00406659
0.00229935
0.00125344
0.000658896
0.000334047
0.000163384
7.71416e-05
3.52059e-05
1.55665e-05
6.69203e-06
2.81074e-06
1.16181e-06
4.76682e-07
1.95673e-07
8.09454e-08
3.39436e-08
1.44878e-08
6.3085e-09
2.80451e-09
1.27238e-09
5.88386e-10
2.76778e-10
1.32023e-10
6.35077e-11
3.15785e-11
1.58089e-11
7.92825e-12
3.95824e-12
1.95362e-12
9.47186e-13
4.50113e-13
2.01266e-13
8.69079e-14
3.6223e-14
1.45961e-14
5.70319e-15
2.16892e-15
8.05866e-16
2.93408e-16
1.04489e-16
3.51583e-17
7.87989e-18
0.997477
0.991803
0.985448
0.978378
0.970563
0.961974
0.95259
0.942392
0.931368
0.91951
0.906818
0.893296
0.878957
0.863817
0.847899
0.831232
0.813848
0.795785
0.777083
0.757784
0.737932
0.717573
0.696751
0.675509
0.653889
0.63193
0.609666
0.587131
0.564353
0.541354
0.518156
0.494774
0.471221
0.447507
0.42364
0.399629
0.375483
0.351214
0.326841
0.302397
0.277936
0.253553
0.229397
0.205582
0.184366
0.163678
0.143641
0.124417
0.10617
0.0890685
0.0732756
0.0589483
0.0462226
0.0352087
0.0259785
0.0177771
0.0112572
0.00686258
0.00402829
0.0022787
0.00124275
0.000653567
0.000331493
0.000162207
7.66211e-05
3.49849e-05
1.54762e-05
6.6564e-06
2.79708e-06
1.15674e-06
4.74824e-07
1.94994e-07
8.06955e-08
3.38505e-08
1.44526e-08
6.29493e-09
2.7992e-09
1.27027e-09
5.87539e-10
2.76436e-10
1.31886e-10
6.34534e-11
3.15576e-11
1.58014e-11
7.92596e-12
3.95785e-12
1.9538e-12
9.47459e-13
4.50331e-13
2.01405e-13
8.69851e-14
3.62619e-14
1.46141e-14
5.71098e-15
2.17212e-15
8.07126e-16
2.93889e-16
1.04666e-16
3.52196e-17
7.89379e-18
0.997478
0.991804
0.985451
0.978382
0.970567
0.96198
0.952597
0.942401
0.931378
0.919522
0.906832
0.893313
0.878976
0.863838
0.847923
0.831258
0.813877
0.795816
0.777116
0.75782
0.737971
0.717614
0.696794
0.675554
0.653935
0.631977
0.609714
0.587179
0.5644
0.5414
0.5182
0.494815
0.471258
0.44754
0.423669
0.399652
0.3755
0.351224
0.326845
0.302395
0.277927
0.253538
0.229377
0.205564
0.184347
0.163657
0.143617
0.124391
0.106144
0.0890425
0.0732509
0.0589254
0.0462021
0.0351911
0.0259641
0.0177661
0.0112497
0.0068576
0.00402519
0.00227687
0.00124171
0.000653007
0.000331203
0.000162063
7.65525e-05
3.49533e-05
1.54622e-05
6.65036e-06
2.79454e-06
1.1557e-06
4.74401e-07
1.94822e-07
8.06255e-08
3.38216e-08
1.44404e-08
6.28972e-09
2.79692e-09
1.26925e-09
5.87076e-10
2.76222e-10
1.31785e-10
6.34054e-11
3.15338e-11
1.57896e-11
7.92007e-12
3.95492e-12
1.95237e-12
9.46766e-13
4.50004e-13
2.01259e-13
8.69226e-14
3.62359e-14
1.46036e-14
5.70692e-15
2.17058e-15
8.06555e-16
2.93681e-16
1.04593e-16
3.51949e-17
7.88826e-18
0.997467
0.991768
0.985387
0.978289
0.970443
0.961823
0.952406
0.942176
0.931118
0.919228
0.906505
0.892954
0.878587
0.863422
0.847483
0.830798
0.813401
0.795329
0.776623
0.757326
0.737483
0.717139
0.696339
0.675127
0.653544
0.631628
0.609417
0.586941
0.564227
0.5413
0.518179
0.494877
0.471408
0.447778
0.423995
0.400065
0.375994
0.351795
0.327484
0.303092
0.278673
0.254317
0.230152
0.206262
0.18501
0.164298
0.144234
0.124971
0.106676
0.0895171
0.0736629
0.0592734
0.0464899
0.0354274
0.0261559
0.0179161
0.0113469
0.00691521
0.00405719
0.0022938
0.00125032
0.000657217
0.000333182
0.000162955
7.69377e-05
3.51125e-05
1.55251e-05
6.67423e-06
2.80328e-06
1.15876e-06
4.75443e-07
1.95171e-07
8.07405e-08
3.38589e-08
1.44522e-08
6.29324e-09
2.79782e-09
1.26939e-09
5.8702e-10
2.76144e-10
1.31724e-10
6.33654e-11
3.15084e-11
1.57742e-11
7.91093e-12
3.94964e-12
1.9494e-12
9.45149e-13
4.49151e-13
2.00838e-13
8.67234e-14
3.61463e-14
1.45653e-14
5.69118e-15
2.16436e-15
8.04177e-16
2.92795e-16
1.04271e-16
3.50851e-17
7.86348e-18
0.997443
0.99169
0.98525
0.978087
0.970172
0.96148
0.951989
0.941681
0.930547
0.918579
0.90578
0.892155
0.877718
0.862487
0.846488
0.829749
0.812307
0.794199
0.775468
0.756158
0.736314
0.715984
0.695213
0.674045
0.652524
0.630689
0.608576
0.586216
0.563637
0.54086
0.517904
0.494779
0.471496
0.448059
0.42447
0.400731
0.376846
0.35282
0.328668
0.304415
0.280109
0.255827
0.231664
0.207668
0.186349
0.165589
0.145471
0.126136
0.107748
0.090479
0.0745035
0.059987
0.047075
0.0358814
0.0264405
0.0183267
0.0115812
0.00704088
0.00412479
0.00232917
0.00126816
0.000665877
0.000337215
0.000164756
7.77071e-05
3.54272e-05
1.56484e-05
6.72067e-06
2.8202e-06
1.16468e-06
4.77481e-07
1.95865e-07
8.09761e-08
3.39388e-08
1.44792e-08
6.30219e-09
2.80067e-09
1.2702e-09
5.8719e-10
2.76129e-10
1.31674e-10
6.33209e-11
3.14757e-11
1.57524e-11
7.89728e-12
3.94141e-12
1.94461e-12
9.42473e-13
4.47707e-13
2.0011e-13
8.63738e-14
3.5987e-14
1.44963e-14
5.66267e-15
2.15304e-15
7.99824e-16
2.91167e-16
1.03679e-16
3.48829e-17
7.81789e-18
0.997402
0.99156
0.98502
0.977749
0.969719
0.960905
0.951287
0.940848
0.929579
0.917477
0.904543
0.890786
0.87622
0.860866
0.84475
0.827906
0.810368
0.792178
0.773381
0.754022
0.734151
0.713815
0.693062
0.67194
0.650493
0.628761
0.606783
0.584588
0.562205
0.539655
0.516952
0.494105
0.47112
0.447996
0.424731
0.401317
0.377751
0.35403
0.330159
0.306157
0.282058
0.257916
0.233793
0.209713
0.18833
0.167503
0.14731
0.127874
0.109357
0.0919336
0.075786
0.061089
0.0479973
0.0366336
0.0270381
0.0187916
0.0118844
0.00722268
0.00422736
0.00238406
0.00129616
0.000679518
0.000343573
0.000167591
7.89161e-05
3.59202e-05
1.58409e-05
6.7928e-06
2.84631e-06
1.17376e-06
4.8057e-07
1.96904e-07
8.13237e-08
3.40547e-08
1.45175e-08
6.31461e-09
2.80448e-09
1.27122e-09
5.8735e-10
2.76068e-10
1.31582e-10
6.32469e-11
3.14236e-11
1.57186e-11
7.87634e-12
3.92887e-12
1.93735e-12
9.38422e-13
4.45524e-13
1.99009e-13
8.58442e-14
3.57453e-14
1.43916e-14
5.61936e-15
2.13581e-15
7.93199e-16
2.88689e-16
1.02778e-16
3.45753e-17
7.74853e-18
0.997341
0.991362
0.984671
0.977236
0.969029
0.960027
0.950211
0.939568
0.928088
0.91577
0.902618
0.888643
0.873861
0.858297
0.841979
0.824941
0.807225
0.788873
0.769934
0.750457
0.730495
0.7101
0.689323
0.668216
0.646827
0.625198
0.603369
0.581374
0.55924
0.536987
0.51463
0.492172
0.469615
0.44695
0.424165
0.401244
0.378174
0.354938
0.331526
0.307938
0.28419
0.260309
0.236325
0.212242
0.190831
0.169957
0.149686
0.130137
0.111466
0.0938511
0.0774825
0.0625467
0.049211
0.0376051
0.0277671
0.0194919
0.0123398
0.00748364
0.00437071
0.00245958
0.00133425
0.000697917
0.000352077
0.000171351
8.05052e-05
3.65622e-05
1.6089e-05
6.88477e-06
2.87921e-06
1.18504e-06
4.84359e-07
1.98159e-07
8.17352e-08
3.41885e-08
1.45603e-08
6.3277e-09
2.80807e-09
1.27192e-09
5.87281e-10
2.75858e-10
1.314e-10
6.31207e-11
3.13408e-11
1.5667e-11
7.84517e-12
3.91055e-12
1.92689e-12
9.32638e-13
4.42431e-13
1.9746e-13
8.51033e-14
3.54089e-14
1.42463e-14
5.55944e-15
2.11204e-15
7.84073e-16
2.85281e-16
1.01541e-16
3.41531e-17
7.65336e-18
0.997253
0.991076
0.984166
0.976491
0.968027
0.958749
0.948641
0.937692
0.925894
0.913248
0.899761
0.885447
0.870324
0.85442
0.837768
0.820406
0.802379
0.783736
0.764528
0.744813
0.724648
0.704091
0.6832
0.662032
0.64064
0.619074
0.597378
0.575588
0.553735
0.53184
0.509916
0.487965
0.46598
0.443945
0.421839
0.399629
0.377283
0.354769
0.332061
0.309134
0.28597
0.26257
0.238941
0.215103
0.19347
0.172701
0.15243
0.132806
0.113991
0.0961748
0.0795585
0.0643442
0.0507164
0.0388194
0.02871
0.0203335
0.0129116
0.00781822
0.00455447
0.00255587
0.00138249
0.000721024
0.000362662
0.000175983
8.24402e-05
3.73334e-05
1.63824e-05
6.99149e-06
2.91652e-06
1.19749e-06
4.88392e-07
1.99434e-07
8.2129e-08
3.43059e-08
1.45929e-08
6.33525e-09
2.80887e-09
1.27123e-09
5.86494e-10
2.7528e-10
1.31028e-10
6.28955e-11
3.12052e-11
1.5587e-11
7.79872e-12
3.88401e-12
1.91204e-12
9.24565e-13
4.38173e-13
1.95358e-13
8.41117e-14
3.49631e-14
1.40552e-14
5.48092e-15
2.08098e-15
7.72169e-16
2.8084e-16
9.9929e-17
3.36033e-17
7.52947e-18
0.997129
0.990675
0.983458
0.975447
0.966618
0.956948
0.946424
0.935033
0.922774
0.909647
0.895664
0.880839
0.865198
0.848772
0.831597
0.813718
0.795186
0.776057
0.756389
0.736248
0.7157
0.694811
0.673649
0.652281
0.630769
0.609172
0.587541
0.565923
0.544351
0.522852
0.501437
0.48011
0.458856
0.437651
0.416458
0.39523
0.373911
0.352444
0.330766
0.308832
0.286615
0.264103
0.24132
0.218387
0.19548
0.175162
0.155152
0.135612
0.116743
0.0987678
0.0819154
0.0664121
0.0524666
0.0402457
0.0298378
0.021296
0.0135809
0.00821837
0.00477544
0.00267136
0.00143997
0.000748315
0.000375021
0.000181319
8.46338e-05
3.81911e-05
1.67012e-05
7.10417e-06
2.95449e-06
1.20955e-06
4.92048e-07
2.00483e-07
8.2405e-08
3.43666e-08
1.45997e-08
6.33119e-09
2.80422e-09
1.26792e-09
5.84453e-10
2.7409e-10
1.30354e-10
6.25199e-11
3.09922e-11
1.54669e-11
7.73128e-12
3.8465e-12
1.89152e-12
9.136e-13
4.32473e-13
1.92583e-13
8.28175e-14
3.43869e-14
1.381e-14
5.3808e-15
2.04155e-15
7.57107e-16
2.75236e-16
9.78989e-17
3.29118e-17
7.3737e-18
0.996961
0.99013
0.982494
0.974023
0.964692
0.954481
0.943377
0.931371
0.91846
0.904651
0.889955
0.874394
0.857996
0.840797
0.822841
0.80418
0.784872
0.764981
0.74458
0.723742
0.702547
0.681074
0.659405
0.63762
0.615796
0.594005
0.572314
0.550779
0.529445
0.508345
0.487497
0.466902
0.446544
0.426388
0.406382
0.386458
0.366535
0.346521
0.326321
0.305844
0.285006
0.263758
0.2421
0.220011
0.197416
0.177342
0.157611
0.138259
0.119452
0.101412
0.0843846
0.0686241
0.0543688
0.041816
0.0310957
0.0223459
0.0143227
0.00867028
0.00502657
0.00280232
0.00150465
0.000778667
0.00038856
0.000187054
8.69377e-05
3.90663e-05
1.70146e-05
7.20957e-06
2.9876e-06
1.219e-06
4.94426e-07
2.00951e-07
8.24365e-08
3.43259e-08
1.45625e-08
6.30736e-09
2.79065e-09
1.26055e-09
5.80521e-10
2.72004e-10
1.29249e-10
6.19341e-11
3.06735e-11
1.52929e-11
7.63634e-12
3.79492e-12
1.86384e-12
8.99047e-13
4.25014e-13
1.88999e-13
8.11671e-14
3.36596e-14
1.35029e-14
5.25622e-15
1.99271e-15
7.38519e-16
2.68337e-16
9.54048e-17
3.20633e-17
7.18268e-18
0.996739
0.989408
0.981215
0.97213
0.962129
0.951191
0.939304
0.926461
0.91266
0.897911
0.882228
0.865638
0.848173
0.829877
0.810802
0.791008
0.770565
0.74955
0.728048
0.70615
0.683951
0.661549
0.639046
0.616541
0.594133
0.571912
0.549965
0.528366
0.507177
0.486443
0.466189
0.446423
0.427125
0.408253
0.389737
0.371488
0.35339
0.335314
0.317117
0.298656
0.279793
0.26041
0.240419
0.219824
0.198814
0.17784
0.159056
0.140261
0.121752
0.103814
0.0867348
0.0708016
0.0562887
0.0434303
0.0324043
0.0234256
0.0151095
0.00915063
0.00529481
0.0029421
0.00157324
0.000810455
0.000402477
0.000192801
8.91675e-05
3.9874e-05
1.72847e-05
7.29118e-06
3.00867e-06
1.22291e-06
4.94521e-07
2.00512e-07
8.20876e-08
3.41209e-08
1.44547e-08
6.2532e-09
2.7638e-09
1.24724e-09
5.73879e-10
2.6866e-10
1.27549e-10
6.10641e-11
3.02148e-11
1.50493e-11
7.50635e-12
3.72571e-12
1.82734e-12
8.80145e-13
4.15454e-13
1.84461e-13
7.90992e-14
3.27569e-14
1.31249e-14
5.10379e-15
1.93326e-15
7.15983e-16
2.6e-16
9.23978e-17
3.10421e-17
6.95297e-18
0.996452
0.988476
0.979563
0.969683
0.958809
0.946922
0.934008
0.920059
0.905078
0.889075
0.872069
0.854089
0.835176
0.815381
0.794765
0.773403
0.751377
0.728781
0.70572
0.682304
0.658652
0.634888
0.611138
0.58753
0.564188
0.541232
0.518774
0.496912
0.475731
0.455293
0.435639
0.416783
0.398708
0.381363
0.364664
0.348493
0.332699
0.317106
0.301516
0.285721
0.269515
0.252708
0.235147
0.216731
0.197418
0.177203
0.159163
0.141109
0.123169
0.105581
0.0886435
0.0726813
0.0580125
0.044918
0.03362
0.0242663
0.0160314
0.00964928
0.00556574
0.00308159
0.00164076
0.000841148
0.000415556
0.000197999
9.10729e-05
4.0504e-05
1.74623e-05
7.32784e-06
3.01071e-06
1.21951e-06
4.91621e-07
1.98803e-07
8.12151e-08
3.37023e-08
1.42585e-08
6.1616e-09
2.72074e-09
1.22675e-09
5.6399e-10
2.63817e-10
1.25146e-10
5.98598e-11
2.95919e-11
1.47241e-11
7.33571e-12
3.63617e-12
1.78076e-12
8.56309e-13
4.03527e-13
1.78855e-13
7.65683e-14
3.16609e-14
1.2669e-14
4.92101e-15
1.86231e-15
6.89183e-16
2.50115e-16
8.88414e-17
2.98365e-17
6.68196e-18
0.996092
0.987307
0.97749
0.966608
0.954632
0.94154
0.927317
0.911955
0.895458
0.877836
0.859112
0.839322
0.818513
0.796746
0.774096
0.750651
0.726514
0.701802
0.676641
0.651173
0.625546
0.599916
0.574444
0.549292
0.524621
0.500585
0.477328
0.454982
0.433655
0.413437
0.394384
0.376522
0.359838
0.344274
0.329729
0.316056
0.303065
0.290525
0.278176
0.265735
0.252913
0.239433
0.225053
0.209589
0.192953
0.175222
0.15682
0.140208
0.123276
0.106352
0.0898013
0.0740042
0.0593302
0.046113
0.0346217
0.0249997
0.0168027
0.0101115
0.00581511
0.00320812
0.00170049
0.000867257
0.000426016
0.000201751
9.22058e-05
4.07493e-05
1.74737e-05
7.30053e-06
2.98665e-06
1.20492e-06
4.84128e-07
1.95266e-07
7.96134e-08
3.29892e-08
1.39414e-08
6.01937e-09
2.65603e-09
1.19681e-09
5.4988e-10
2.57055e-10
1.21855e-10
5.82388e-11
2.87686e-11
1.43013e-11
7.11707e-12
3.52303e-12
1.72262e-12
8.26898e-13
3.8896e-13
1.72069e-13
7.35301e-14
3.03549e-14
1.21293e-14
4.70578e-15
1.77913e-15
6.57891e-16
2.38609e-16
8.47128e-17
2.84397e-17
6.36825e-18
0.995655
0.985885
0.974966
0.962859
0.949531
0.934958
0.91912
0.902008
0.883625
0.863982
0.843108
0.821043
0.797844
0.773583
0.748353
0.722261
0.695435
0.66802
0.640177
0.612082
0.583925
0.555904
0.528223
0.501089
0.474705
0.449269
0.424962
0.401949
0.380372
0.360341
0.341935
0.325188
0.31009
0.296577
0.284529
0.273765
0.26405
0.255099
0.246581
0.238133
0.229375
0.219934
0.209465
0.197679
0.184373
0.169439
0.152772
0.137491
0.12174
0.105754
0.089867
0.0744762
0.0599983
0.0468249
0.0352834
0.0255653
0.0172742
0.0104263
0.00599513
0.0032991
0.0017412
0.000883034
0.000431066
0.000202886
9.22372e-05
4.05801e-05
1.73179e-05
7.19825e-06
2.93075e-06
1.17781e-06
4.71781e-07
1.89845e-07
7.72732e-08
3.19818e-08
1.35046e-08
5.82722e-09
2.56999e-09
1.15751e-09
5.31584e-10
2.48375e-10
1.17669e-10
5.6195e-11
2.77402e-11
1.37784e-11
6.8493e-12
3.38577e-12
1.65273e-12
7.91845e-13
3.71731e-13
1.64103e-13
6.99873e-14
2.88412e-14
1.15069e-14
4.45872e-15
1.68402e-15
6.22216e-16
2.25527e-16
8.00288e-17
2.68575e-17
6.01319e-18
0.99514
0.98421
0.97199
0.958435
0.943505
0.927169
0.909405
0.890199
0.869553
0.847481
0.824013
0.799196
0.7731
0.745814
0.717449
0.688141
0.658048
0.627354
0.59626
0.564992
0.533789
0.502905
0.472599
0.443133
0.414762
0.387728
0.362257
0.338546
0.316762
0.297035
0.279451
0.264049
0.250811
0.239658
0.230444
0.222951
0.216897
0.211939
0.207675
0.203666
0.19945
0.194558
0.188546
0.181017
0.171672
0.160348
0.147077
0.132228
0.118208
0.103559
0.0886447
0.0739168
0.0598509
0.0468992
0.0354447
0.0257222
0.0174423
0.0105243
0.00603945
0.00331484
0.00174427
0.000881979
0.000429151
0.000201213
9.10295e-05
3.98185e-05
1.68954e-05
6.98525e-06
2.83029e-06
1.13337e-06
4.52745e-07
1.81838e-07
7.39255e-08
3.0576e-08
1.29071e-08
5.56894e-09
2.45609e-09
1.10623e-09
5.08004e-10
2.37301e-10
1.12347e-10
5.36003e-11
2.64732e-11
1.31468e-11
6.53025e-12
3.22388e-12
1.571e-12
7.51159e-13
3.51869e-13
1.54974e-13
6.59503e-14
2.71254e-14
1.08047e-14
4.1811e-15
1.57751e-15
5.82392e-16
2.10962e-16
7.48254e-17
2.51032e-17
5.6198e-18
0.994556
0.982308
0.968608
0.9534
0.936638
0.918281
0.8983
0.876679
0.853415
0.828526
0.802047
0.774036
0.744577
0.713779
0.68178
0.648748
0.614882
0.580414
0.545603
0.510734
0.476115
0.442067
0.408918
0.376996
0.346618
0.318076
0.291633
0.267509
0.245881
0.226874
0.210558
0.196945
0.185983
0.177558
0.171483
0.167497
0.165257
0.164431
0.164493
0.164949
0.165338
0.165047
0.163658
0.160583
0.155419
0.147897
0.137881
0.125276
0.11301
0.0998066
0.0860422
0.0721824
0.0587376
0.0462073
0.0350281
0.0254888
0.0172794
0.0104395
0.00599399
0.00328732
0.00172632
0.00086993
0.000421455
0.000196615
8.84706e-05
3.84893e-05
1.62454e-05
6.68371e-06
2.69621e-06
1.07622e-06
4.28934e-07
1.72024e-07
6.98818e-08
2.88957e-08
1.21983e-08
5.26419e-09
2.32224e-09
1.04612e-09
4.80365e-10
2.24153e-10
1.05643e-10
5.14112e-11
2.52852e-11
1.2513e-11
6.19645e-12
3.05031e-12
1.4822e-12
7.06679e-13
3.30105e-13
1.44977e-13
6.15377e-14
2.5254e-14
1.00407e-14
3.87964e-15
1.46208e-15
5.39299e-16
1.95223e-16
6.92089e-17
2.32111e-17
5.19567e-18
0.993919
0.980234
0.964917
0.947901
0.929127
0.908546
0.886121
0.861829
0.835667
0.807653
0.77783
0.74627
0.713076
0.678386
0.642374
0.605255
0.56728
0.52874
0.489963
0.451308
0.413164
0.375941
0.340058
0.305927
0.273938
0.244432
0.217699
0.193963
0.173375
0.156005
0.141844
0.130809
0.122755
0.117489
0.114759
0.114415
0.115575
0.118287
0.122112
0.126529
0.13098
0.134866
0.137578
0.138392
0.137157
0.133398
0.126844
0.117615
0.106284
0.0946368
0.0821615
0.0693232
0.0566615
0.0447174
0.0339712
0.0247674
0.0167383
0.0101194
0.00581353
0.00318505
0.00166853
0.000837856
0.000404126
0.000187581
8.39547e-05
3.63267e-05
1.52518e-05
6.24399e-06
2.50847e-06
9.98872e-07
3.97505e-07
1.5932e-07
6.47279e-08
2.67817e-08
1.13167e-08
4.88906e-09
2.15909e-09
9.73562e-10
4.47366e-10
2.0881e-10
9.84103e-11
4.80612e-11
2.3681e-11
1.17249e-11
5.80276e-12
2.85232e-12
1.38303e-12
6.5769e-13
3.06367e-13
1.34143e-13
5.67794e-14
2.32446e-14
9.22317e-15
3.55807e-15
1.33925e-15
4.93542e-16
1.78541e-16
6.32658e-17
2.12116e-17
4.74769e-18
0.993257
0.978077
0.961075
0.94217
0.92129
0.898374
0.873378
0.846272
0.817052
0.785738
0.752383
0.717075
0.679941
0.641155
0.600935
0.559553
0.517332
0.474644
0.431913
0.389603
0.348205
0.308233
0.270206
0.234644
0.202036
0.172776
0.147162
0.125356
0.107403
0.0932193
0.082597
0.0752402
0.0708117
0.0690458
0.0694399
0.0715604
0.0754252
0.0807241
0.0870933
0.0941099
0.101272
0.108001
0.113664
0.117613
0.119243
0.118345
0.114755
0.108268
0.0992449
0.0884016
0.0772531
0.0655168
0.0537546
0.0425357
0.0323735
0.0237804
0.0156266
0.00953834
0.00549833
0.00301424
0.00157769
0.000790669
0.00038026
0.000175867
7.83919e-05
3.3774e-05
1.41193e-05
5.7567e-06
2.3055e-06
9.16143e-07
3.6418e-07
1.45927e-07
5.9311e-08
2.45612e-08
1.03896e-08
4.49353e-09
1.9865e-09
8.9654e-10
4.12252e-10
1.92503e-10
9.07551e-11
4.43708e-11
2.18836e-11
1.08398e-11
5.36322e-12
2.63344e-12
1.27463e-12
6.04774e-13
2.80844e-13
1.22584e-13
5.17404e-14
2.113e-14
8.36726e-15
3.22276e-15
1.21158e-15
4.46099e-16
1.61278e-16
5.71241e-17
1.91473e-17
4.28538e-18
0.99261
0.975965
0.95731
0.936545
0.913587
0.888361
0.860815
0.830914
0.798654
0.764061
0.727197
0.688171
0.647139
0.604315
0.559972
0.514447
0.468145
0.42154
0.37517
0.329633
0.285577
0.243672
0.204585
0.16895
0.137338
0.110168
0.0876763
0.0698641
0.0565012
0.0471538
0.0412702
0.0382475
0.0377165
0.0387093
0.041313
0.0453641
0.0506781
0.0570706
0.0643229
0.0721532
0.0801894
0.0879561
0.0948887
0.100375
0.10381
0.104591
0.102995
0.098591
0.0915415
0.0823952
0.071749
0.0609936
0.0501315
0.0397199
0.0302377
0.0220608
0.014362
0.00875178
0.0050468
0.00276701
0.0014471
0.000723833
0.000347094
0.000159919
7.09698e-05
3.04327e-05
1.26627e-05
5.13962e-06
2.05436e-06
8.15482e-07
3.24157e-07
1.30011e-07
5.2931e-08
2.19668e-08
9.31448e-09
4.0384e-09
1.78943e-09
8.0928e-10
3.72782e-10
1.74312e-10
8.22563e-11
4.02893e-11
1.98966e-11
9.86241e-12
4.87942e-12
2.39412e-12
1.15781e-12
5.50615e-13
2.51478e-13
1.09754e-13
4.62773e-14
1.88746e-14
7.46521e-15
2.87259e-15
1.07921e-15
3.97204e-16
1.43574e-16
5.08526e-17
1.70466e-17
3.81571e-18
0.992024
0.974052
0.953893
0.931434
0.906576
0.879236
0.849351
0.816885
0.781833
0.744228
0.704147
0.661719
0.617132
0.570638
0.522565
0.473321
0.423399
0.37338
0.323932
0.275805
0.229819
0.186855
0.147816
0.113563
0.0847924
0.0618707
0.0446645
0.0326444
0.0250024
0.0208421
0.0194157
0.0198284
0.0216957
0.0248609
0.029061
0.0341414
0.039982
0.0464557
0.0534446
0.0608035
0.0683074
0.0756192
0.0822905
0.0877949
0.0915825
0.0930968
0.0923478
0.0891854
0.0835177
0.0757551
0.0664808
0.056689
0.0460339
0.0364989
0.0278008
0.019986
0.0128947
0.00784569
0.00452847
0.00248586
0.00130106
0.000650798
0.000311826
0.000143445
6.35191e-05
2.71663e-05
1.12718e-05
4.56297e-06
1.82086e-06
7.22298e-07
2.87175e-07
1.15289e-07
4.70084e-08
1.95445e-08
8.30321e-09
3.6065e-09
1.60065e-09
7.24891e-10
3.34263e-10
1.56397e-10
7.37865e-11
3.61882e-11
1.78871e-11
8.86961e-12
4.38729e-12
2.15111e-12
1.03962e-12
4.949e-13
2.22462e-13
9.68389e-14
4.07644e-14
1.66082e-14
6.56453e-15
2.52526e-15
9.4872e-16
3.49259e-16
1.26297e-16
4.47566e-17
1.50113e-17
3.36152e-18
0.991561
0.972539
0.951186
0.927373
0.900991
0.871948
0.840175
0.805635
0.768324
0.728283
0.685604
0.640438
0.593
0.543584
0.492565
0.440411
0.387692
0.335081
0.283366
0.23345
0.186355
0.143195
0.105126
0.0732183
0.0482676
0.0305005
0.0190767
0.012523
0.00937789
0.00856005
0.00918065
0.0110724
0.014126
0.0182459
0.0233421
0.0292728
0.0358338
0.0425824
0.0492852
0.0558783
0.0623123
0.0684467
0.0740142
0.0786381
0.0818785
0.083262
0.0827081
0.080085
0.0752398
0.0684693
0.0602636
0.0512297
0.0418352
0.0328661
0.025082
0.0175512
0.0112825
0.00686898
0.00396943
0.00218088
0.00114156
0.000570501
0.000272809
0.000125117
5.51879e-05
2.34975e-05
9.7008e-06
3.91774e-06
1.56087e-06
6.18837e-07
2.46215e-07
9.90259e-08
4.0485e-08
1.68852e-08
7.19705e-09
3.13596e-09
1.39585e-09
6.33739e-10
2.92785e-10
1.36997e-10
6.4746e-11
3.18819e-11
1.58146e-11
7.86274e-12
3.89561e-12
1.91132e-12
9.23459e-13
4.38597e-13
1.96255e-13
8.51086e-14
3.5731e-14
1.45342e-14
5.74085e-15
2.20855e-15
8.3028e-16
3.05995e-16
1.1081e-16
3.93318e-17
1.32125e-17
2.96196e-18
0.991279
0.971613
0.949524
0.924877
0.897553
0.867452
0.834502
0.798661
0.759929
0.718349
0.674022
0.627114
0.577864
0.526594
0.47372
0.419762
0.365349
0.311235
0.258299
0.207563
0.160185
0.117442
0.080655
0.0509872
0.028989
0.0142158
0.00625269
0.00314255
0.00212291
0.00204953
0.00251141
0.00352907
0.00525748
0.00803182
0.0123839
0.0191719
0.0298216
0.0389795
0.0465324
0.0529093
0.0584439
0.0632822
0.0673875
0.070582
0.0725996
0.0731002
0.0721393
0.0694115
0.0649048
0.0588334
0.0515669
0.043577
0.0354222
0.0276037
0.0207227
0.0141622
0.00912252
0.00556916
0.00322616
0.001776
0.000930767
0.000465286
0.000222332
0.000101798
4.4798e-05
1.90224e-05
7.8378e-06
3.16504e-06
1.26287e-06
5.02246e-07
2.00745e-07
8.1205e-08
3.34175e-08
1.4035e-08
6.0246e-09
2.6434e-09
1.18446e-09
5.4108e-10
2.51253e-10
1.17982e-10
5.78853e-11
2.86666e-11
1.42807e-11
7.12328e-12
3.53749e-12
1.73809e-12
8.39926e-13
3.97718e-13
1.77503e-13
7.68153e-14
3.22065e-14
1.30946e-14
5.17413e-15
1.99267e-15
7.50353e-16
2.7711e-16
1.00586e-16
3.57917e-17
1.20512e-17
2.70602e-18
)
;

boundaryField
{
    fuel
    {
        type            fixedValue;
        value           uniform 1;
    }
    air
    {
        type            fixedValue;
        value           uniform 0;
    }
    outlet
    {
        type            inletOutlet;
        inletValue      uniform 0;
        value           nonuniform List<scalar> 
200
(
0.991259
0.97155
0.949413
0.924711
0.897324
0.867154
0.834128
0.798205
0.759382
0.717707
0.673279
0.626267
0.57691
0.525535
0.47256
0.418509
0.364017
0.309842
0.25687
0.206129
0.158786
0.116124
0.0794737
0.0500033
0.0282584
0.0137426
0
0
0
0
0
0
0
0
0
0
0
0.038204
0.0458279
0.0521671
0.0576394
0.0624107
0.0664569
0.0696104
0.0716128
0.0721304
0.0712057
0.0685433
0.0641222
0.0581487
0.0509843
0.0430939
0.0350274
0.0272889
0.0204632
0.0139949
0.00903034
0.0055213
0.00320272
0.00176532
0.00092627
0.000463562
0.000221744
0.00010163
4.47656e-05
1.90248e-05
7.84599e-06
3.17112e-06
1.26635e-06
5.04027e-07
2.01607e-07
8.16111e-08
3.36065e-08
1.41228e-08
6.06566e-09
2.66274e-09
1.19367e-09
5.45515e-10
2.53407e-10
1.19035e-10
5.84214e-11
2.89408e-11
1.44212e-11
7.19502e-12
3.57385e-12
1.75627e-12
8.48839e-13
4.01991e-13
1.7943e-13
7.76568e-14
3.25623e-14
1.32403e-14
5.23209e-15
2.01513e-15
7.58859e-16
2.80268e-16
1.01738e-16
3.62035e-17
1.21904e-17
2.73733e-18
0.991279
0.971613
0.949524
0.924877
0.897553
0.867452
0.834502
0.798661
0.759929
0.718349
0.674022
0.627114
0.577864
0.526594
0.47372
0.419762
0.365349
0.311235
0.258299
0.207563
0.160185
0.117442
0.080655
0.0509872
0.028989
0.0142158
0
0
0
0
0
0
0
0
0
0
0.0298216
0.0389795
0.0465324
0.0529093
0.0584439
0.0632822
0.0673875
0.070582
0.0725996
0.0731002
0.0721393
0.0694115
0.0649048
0.0588334
0.0515669
0.043577
0.0354222
0.0276037
0.0207227
0.0141622
0.00912252
0.00556916
0.00322616
0.001776
0.000930767
0.000465286
0.000222332
0.000101798
4.4798e-05
1.90224e-05
7.8378e-06
3.16504e-06
1.26287e-06
5.02246e-07
2.00745e-07
8.1205e-08
3.34175e-08
1.4035e-08
6.0246e-09
2.6434e-09
1.18446e-09
5.4108e-10
2.51253e-10
1.17982e-10
5.78853e-11
2.86666e-11
1.42807e-11
7.12328e-12
3.53749e-12
1.73809e-12
8.39926e-13
3.97718e-13
1.77503e-13
7.68153e-14
3.22065e-14
1.30946e-14
5.17413e-15
1.99267e-15
7.50353e-16
2.7711e-16
1.00586e-16
3.57917e-17
1.20512e-17
2.70602e-18
)
;
    }
    frontAndBack
    {
        type            empty;
    }
}


// ************************************************************************* //
