/*--------------------------------*- C++ -*----------------------------------*\
| =========                 |                                                 |
| \\      /  F ield         | OpenFOAM: The Open Source CFD Toolbox           |
|  \\    /   O peration     | Version:  2312                                  |
|   \\  /    A nd           | Website:  www.openfoam.com                      |
|    \\/     M anipulation  |                                                 |
\*---------------------------------------------------------------------------*/
FoamFile
{
    version     2.0;
    format      ascii;
    arch        "LSB;label=64;scalar=64";
    class       volScalarField;
    location    "0.05";
    object      CO2;
}
// * * * * * * * * * * * * * * * * * * * * * * * * * * * * * * * * * * * * * //

dimensions      [0 0 0 0 0 0 0];

internalField   nonuniform List<scalar> 
4000
(
2.20945e-43
7.34729e-43
1.40609e-42
2.33324e-42
3.64554e-42
5.51227e-42
8.15099e-42
1.18343e-41
1.68923e-41
2.37073e-41
3.26971e-41
4.42801e-41
5.88197e-41
7.65422e-41
9.74327e-41
1.21115e-40
1.46737e-40
1.72912e-40
1.97775e-40
2.19282e-40
2.35976e-40
2.47353e-40
2.57159e-40
2.82113e-40
3.69582e-40
6.94435e-40
2.06964e-39
8.96214e-39
4.45341e-38
2.32408e-37
1.23288e-36
6.56205e-36
3.476e-35
1.81971e-34
9.32667e-34
4.61225e-33
2.14534e-32
9.2255e-32
3.62911e-31
1.36238e-30
4.9101e-30
1.7044e-29
5.71227e-29
1.85194e-28
5.81013e-28
1.75817e-27
5.08341e-27
1.37811e-26
3.42045e-26
7.59061e-26
1.48148e-25
2.53634e-25
3.87003e-25
5.48816e-25
7.64684e-25
1.0971e-24
1.82486e-24
3.69193e-24
9.28097e-24
2.86227e-23
1.05043e-22
4.37446e-22
1.96155e-21
9.0696e-21
4.1987e-20
1.90951e-19
8.40741e-19
3.52335e-18
1.3976e-17
5.21467e-17
1.82032e-16
5.91963e-16
1.78691e-15
4.98627e-15
1.27854e-14
2.98832e-14
6.31265e-14
1.19748e-13
2.03473e-13
3.10186e-13
4.20336e-13
5.2139e-13
5.92411e-13
6.18613e-13
5.95987e-13
5.31817e-13
4.41311e-13
3.4202e-13
2.43186e-13
1.62831e-13
1.03392e-13
6.27242e-14
3.66293e-14
2.07331e-14
1.14398e-14
6.17401e-15
3.25308e-15
1.64529e-15
7.44136e-16
1.99706e-16
6.30488e-43
2.11653e-42
4.12277e-42
7.01156e-42
1.12891e-41
1.76656e-41
2.71307e-41
4.10434e-41
6.12366e-41
9.01278e-41
1.30824e-40
1.87202e-40
2.6393e-40
3.6641e-40
5.0057e-40
6.72505e-40
8.87931e-40
1.15157e-39
1.46684e-39
1.83607e-39
2.27273e-39
2.78866e-39
3.42451e-39
4.30349e-39
5.79189e-39
9.07615e-39
1.85544e-38
5.30412e-38
2.00663e-37
8.94336e-37
4.2978e-36
2.12161e-35
1.04931e-34
5.11916e-34
2.43655e-33
1.12145e-32
4.94461e-32
2.08044e-31
8.36528e-31
3.21952e-30
1.18752e-29
4.20389e-29
1.43077e-28
4.68971e-28
1.48105e-27
4.49122e-27
1.29446e-26
3.47252e-26
8.43781e-26
1.80744e-25
3.34618e-25
5.32972e-25
7.37223e-25
9.29158e-25
1.06242e-24
1.33759e-24
1.91317e-24
3.40626e-24
7.71457e-24
2.20057e-23
7.6375e-23
3.06784e-22
1.34835e-21
6.17917e-21
2.8562e-20
1.30364e-19
5.79506e-19
2.46117e-18
9.91272e-18
3.76292e-17
1.33864e-16
4.44215e-16
1.36986e-15
3.91062e-15
1.02796e-14
2.4692e-14
5.37182e-14
1.05029e-13
1.83756e-13
2.87735e-13
4.03615e-13
5.07961e-13
5.86188e-13
6.20928e-13
6.05824e-13
5.46648e-13
4.5826e-13
3.58867e-13
2.57432e-13
1.7354e-13
1.10706e-13
6.73486e-14
3.93782e-14
2.22897e-14
1.22882e-14
6.6223e-15
3.48309e-15
1.75841e-15
7.94058e-16
2.12895e-16
2.07175e-42
7.01089e-42
1.38673e-41
2.40969e-41
3.98359e-41
6.42547e-41
1.02051e-40
1.60137e-40
2.48571e-40
3.81816e-40
5.80391e-40
8.73019e-40
1.29942e-39
1.91387e-39
2.78983e-39
4.02619e-39
5.75614e-39
8.16066e-39
1.14984e-38
1.6084e-38
2.2367e-38
3.1068e-38
4.34427e-38
6.19398e-38
9.18756e-38
1.4611e-37
2.59966e-37
5.45242e-37
1.40664e-36
4.47797e-36
1.68693e-35
7.08426e-35
3.15258e-34
1.43638e-33
6.54408e-33
2.9341e-32
1.27545e-31
5.33122e-31
2.1364e-30
8.20096e-30
3.01653e-29
1.06437e-28
3.60882e-28
1.17777e-27
3.70007e-27
1.11404e-26
3.17643e-26
8.37934e-26
1.98683e-25
4.11544e-25
7.28437e-25
1.08701e-24
1.37747e-24
1.46298e-24
1.50836e-24
1.65824e-24
2.12327e-24
3.36958e-24
6.95673e-24
1.85143e-23
6.11127e-23
2.37205e-22
1.02026e-21
4.61681e-21
2.11864e-20
9.63195e-20
4.27364e-19
1.8306e-18
7.4453e-18
2.85965e-17
1.03115e-16
3.4732e-16
1.08839e-15
3.16114e-15
8.4678e-15
2.07722e-14
4.62566e-14
9.27354e-14
1.66478e-13
2.67292e-13
3.84898e-13
4.94871e-13
5.81857e-13
6.26604e-13
6.20379e-13
5.6709e-13
4.80952e-13
3.80874e-13
2.76491e-13
1.88051e-13
1.20723e-13
7.37581e-14
4.32427e-14
2.45138e-14
1.35223e-14
7.28695e-15
3.83081e-15
1.93262e-15
8.72134e-16
2.33718e-16
6.51911e-42
2.2238e-41
4.46573e-41
7.9251e-41
1.34417e-40
2.2325e-40
3.66217e-40
5.95214e-40
9.59668e-40
1.5357e-39
2.4398e-39
3.84939e-39
6.0336e-39
9.40009e-39
1.45673e-38
2.24792e-38
3.45937e-38
5.31119e-38
8.13517e-38
1.24559e-37
1.91159e-37
2.95199e-37
4.61295e-37
7.35416e-37
1.21001e-36
2.08574e-36
3.8405e-36
7.73219e-36
1.74453e-35
4.49292e-35
1.32578e-34
4.41623e-34
1.61444e-33
6.27387e-33
2.52226e-32
1.02604e-31
4.13366e-31
1.62476e-30
6.18786e-30
2.2764e-29
8.08129e-29
2.76918e-28
9.16822e-28
2.93461e-27
9.06499e-27
2.68266e-26
7.48589e-26
1.9197e-25
4.3929e-25
8.71947e-25
1.4596e-24
1.9193e-24
2.15181e-24
2.15381e-24
2.03759e-24
2.00033e-24
2.29635e-24
3.30962e-24
6.3222e-24
1.59329e-23
5.07172e-23
1.92377e-22
8.16635e-22
3.67195e-21
1.68152e-20
7.6497e-20
3.40321e-19
1.46437e-18
5.99291e-18
2.31832e-17
8.4287e-17
2.86547e-16
9.07225e-16
2.66517e-15
7.23191e-15
1.80066e-14
4.07909e-14
8.33576e-14
1.52728e-13
2.50361e-13
3.67885e-13
4.81791e-13
5.76129e-13
6.30032e-13
6.32465e-13
5.85273e-13
5.0157e-13
4.00547e-13
2.96232e-13
2.02934e-13
1.30997e-13
8.03813e-14
4.72835e-14
2.68721e-14
1.48507e-14
8.01354e-15
4.21677e-15
2.12872e-15
9.61028e-16
2.57579e-16
1.92134e-41
6.60749e-41
1.34718e-40
2.44108e-40
4.24533e-40
7.25331e-40
1.2273e-39
2.06272e-39
3.44764e-39
5.73415e-39
9.49496e-39
1.56607e-38
2.57449e-38
4.22157e-38
6.91218e-38
1.13164e-37
1.85411e-37
3.04141e-37
5.00251e-37
8.26708e-37
1.37626e-36
2.31572e-36
3.95526e-36
6.89557e-36
1.23607e-35
2.29806e-35
4.47792e-35
9.25115e-35
2.05083e-34
4.92973e-34
1.29284e-33
3.69633e-33
1.14226e-32
3.75811e-32
1.29269e-31
4.56867e-31
1.62941e-30
5.77399e-30
2.01619e-29
6.89952e-29
2.30595e-28
7.5136e-28
2.38432e-27
7.35512e-27
2.19415e-26
6.25958e-26
1.67281e-25
4.07656e-25
8.79615e-25
1.62688e-24
2.34907e-24
2.91295e-24
3.09575e-24
2.90103e-24
2.5383e-24
2.27105e-24
2.38192e-24
3.15694e-24
5.65369e-24
1.36273e-23
4.21058e-23
1.56587e-22
6.56495e-22
2.93101e-21
1.33745e-20
6.07741e-20
2.70512e-19
1.16609e-18
4.81461e-18
1.87936e-17
6.90151e-17
2.37195e-16
7.59744e-16
2.2597e-15
6.21452e-15
1.57054e-14
3.61729e-14
7.5272e-14
1.40569e-13
2.34903e-13
3.51654e-13
4.68352e-13
5.68758e-13
6.30781e-13
6.41393e-13
6.00456e-13
5.19772e-13
4.18074e-13
3.14323e-13
2.1659e-13
1.40614e-13
8.6711e-14
5.12153e-14
2.92017e-14
1.61799e-14
8.74852e-15
4.61092e-15
2.33058e-15
1.05308e-15
2.82364e-16
5.25532e-41
1.82174e-40
3.7695e-40
6.9684e-40
1.2411e-39
2.17773e-39
3.79308e-39
6.57612e-39
1.13617e-38
1.95757e-38
3.36537e-38
5.77646e-38
9.90643e-38
1.69896e-37
2.91695e-37
5.02041e-37
8.66889e-37
1.50328e-36
2.62197e-36
4.60842e-36
8.18102e-36
1.47095e-35
2.68773e-35
5.01093e-35
9.57697e-35
1.88626e-34
3.85088e-34
8.19871e-34
1.83113e-33
4.31149e-33
1.07352e-32
2.82769e-32
7.85652e-32
2.2884e-31
6.92657e-31
2.1563e-30
6.81961e-30
2.166e-29
6.85824e-29
2.15347e-28
6.68052e-28
2.04152e-27
6.12599e-27
1.79564e-26
5.09256e-26
1.37522e-25
3.4573e-25
7.86578e-25
1.56753e-24
2.49554e-24
3.42097e-24
3.98598e-24
3.9731e-24
3.48979e-24
2.85911e-24
2.39611e-24
2.34034e-24
2.92847e-24
5.02702e-24
1.17946e-23
3.58395e-23
1.31845e-22
5.48983e-22
2.44177e-21
1.1125e-20
5.05605e-20
2.25385e-19
9.74201e-19
4.04263e-18
1.5874e-17
5.86822e-17
2.03172e-16
6.55994e-16
1.96817e-15
5.46532e-15
1.39652e-14
3.25766e-14
6.87685e-14
1.30441e-13
2.21533e-13
3.36983e-13
4.55314e-13
5.60296e-13
6.29056e-13
6.46977e-13
6.12148e-13
5.35107e-13
4.34259e-13
3.2919e-13
2.28519e-13
1.4929e-13
9.2543e-14
5.48945e-14
3.14088e-14
1.74522e-14
9.45837e-15
4.99453e-15
2.52832e-15
1.14368e-15
3.06818e-16
1.3248e-40
4.62716e-40
9.70825e-40
1.82846e-39
3.32885e-39
5.9849e-39
1.07013e-38
1.90786e-38
3.39526e-38
6.0356e-38
1.07239e-37
1.90566e-37
3.38937e-37
6.0388e-37
1.07892e-36
1.93537e-36
3.48957e-36
6.33014e-36
1.15682e-35
2.13325e-35
3.9772e-35
7.51323e-35
1.44166e-34
2.81765e-34
5.6261e-34
1.15138e-33
2.42302e-33
5.26034e-33
1.18153e-32
2.75183e-32
6.65419e-32
1.67047e-31
4.34671e-31
1.16873e-30
3.23268e-30
9.1491e-30
2.62992e-29
7.62683e-29
2.21987e-28
6.45597e-28
1.86831e-27
5.35569e-27
1.51173e-26
4.16538e-26
1.10626e-25
2.78284e-25
6.48025e-25
1.35416e-24
2.34908e-24
3.48064e-24
4.45019e-24
4.84942e-24
4.54081e-24
3.7641e-24
2.92174e-24
2.32834e-24
2.17585e-24
2.61512e-24
4.38252e-24
1.01531e-23
3.06219e-23
1.12024e-22
4.64424e-22
2.05952e-21
9.36819e-21
4.25595e-20
1.89846e-19
8.21971e-19
3.42232e-18
1.35262e-17
5.03457e-17
1.75613e-16
5.71561e-16
1.72949e-15
4.84694e-15
1.25125e-14
2.9527e-14
6.31381e-14
1.21434e-13
2.09234e-13
3.22952e-13
4.4249e-13
5.50872e-13
6.25306e-13
6.49885e-13
6.20984e-13
5.47811e-13
4.48282e-13
3.42338e-13
2.39284e-13
1.5724e-13
9.79501e-14
5.83373e-14
3.34894e-14
1.86588e-14
1.0135e-14
5.36172e-15
2.71823e-15
1.23091e-15
3.30389e-16
3.0603e-40
1.07628e-39
2.28679e-39
4.37983e-39
8.13144e-39
1.49375e-38
2.73312e-38
4.99277e-38
9.11555e-38
1.66446e-37
3.04147e-37
5.56531e-37
1.02043e-36
1.87632e-36
3.46299e-36
6.42178e-36
1.19809e-35
2.25092e-35
4.26316e-35
8.15013e-35
1.57508e-34
3.08214e-34
6.1176e-34
1.23395e-33
2.53415e-33
5.30921e-33
1.13683e-32
2.49208e-32
5.60065e-32
1.29165e-31
3.05821e-31
7.43176e-31
1.85175e-30
4.72248e-30
1.22966e-29
3.25922e-29
8.75132e-29
2.37142e-28
6.46017e-28
1.76182e-27
4.7868e-27
1.28768e-26
3.40156e-26
8.72713e-26
2.14362e-25
4.95062e-25
1.05144e-24
1.99745e-24
3.13036e-24
4.31879e-24
5.14207e-24
5.24951e-24
4.64165e-24
3.66687e-24
2.73925e-24
2.11931e-24
1.92165e-24
2.27852e-24
3.80328e-24
8.82563e-24
2.66726e-23
9.76165e-23
4.04346e-22
1.7911e-21
8.14133e-21
3.69831e-20
1.6508e-19
7.1579e-19
2.98723e-18
1.1858e-17
4.43467e-17
1.55512e-16
5.09082e-16
1.55013e-15
4.37428e-15
1.13806e-14
2.70964e-14
5.85228e-14
1.13761e-13
1.98089e-13
3.08769e-13
4.32046e-13
5.41599e-13
6.2065e-13
6.51237e-13
6.27879e-13
5.58467e-13
4.60409e-13
3.53917e-13
2.48882e-13
1.64401e-13
1.02861e-13
6.14867e-14
3.54044e-14
1.97752e-14
1.07638e-14
5.70428e-15
2.89596e-15
1.31272e-15
3.52522e-16
6.45199e-40
2.28294e-39
4.90444e-39
9.53114e-39
1.79961e-38
3.36728e-38
6.28278e-38
1.17152e-37
2.18526e-37
4.08023e-37
7.63019e-37
1.42991e-36
2.6871e-36
5.06713e-36
9.59573e-36
1.82642e-35
3.49728e-35
6.74526e-35
1.31152e-34
2.57315e-34
5.0997e-34
1.02216e-33
2.07454e-33
4.26864e-33
8.9158e-33
1.89253e-32
4.08698e-32
8.98742e-32
2.01392e-31
4.60048e-31
1.07139e-30
2.54295e-30
6.14686e-30
1.51141e-29
3.77413e-29
9.54742e-29
2.43976e-28
6.27938e-28
1.62197e-27
4.18615e-27
1.07353e-26
2.7162e-26
6.71912e-26
1.60657e-25
3.6608e-25
7.81229e-25
1.52672e-24
2.51221e-24
3.68938e-24
4.75101e-24
5.29633e-24
5.10337e-24
4.30666e-24
3.2825e-24
2.39e-24
1.82079e-24
1.64418e-24
1.9538e-24
3.29223e-24
7.71894e-24
2.34934e-23
8.626e-23
3.57522e-22
1.58283e-21
7.18958e-21
3.26461e-20
1.45736e-19
6.32373e-19
2.64289e-18
1.0531e-17
3.95474e-17
1.39336e-16
4.58501e-16
1.404e-15
3.98658e-15
1.04449e-14
2.50706e-14
5.46495e-14
1.07314e-13
1.88861e-13
2.97562e-13
4.20842e-13
5.32796e-13
6.16051e-13
6.51791e-13
6.33257e-13
5.67243e-13
4.70657e-13
3.63867e-13
2.57248e-13
1.70714e-13
1.07231e-13
6.43106e-14
3.71321e-14
2.07877e-14
1.13364e-14
6.01721e-15
3.05872e-15
1.38778e-15
3.72842e-16
1.23889e-39
4.40619e-39
9.55396e-39
1.87938e-38
3.59841e-38
6.83566e-38
1.29594e-37
2.45703e-37
4.66284e-37
8.86258e-37
1.68795e-36
3.22313e-36
6.17385e-36
1.18702e-35
2.29225e-35
4.44914e-35
8.68607e-35
1.70705e-34
3.38045e-34
6.75114e-34
1.3607e-33
2.77004e-33
5.70049e-33
1.18687e-32
2.50214e-32
5.34502e-32
1.15769e-31
2.54367e-31
5.67148e-31
1.28339e-30
2.94715e-30
6.86537e-30
1.62125e-29
3.87716e-29
9.37664e-29
2.288e-28
5.62061e-28
1.38598e-27
3.41777e-27
8.38834e-27
2.0367e-26
4.85488e-26
1.12529e-25
2.50617e-25
5.28531e-25
1.03683e-24
1.85028e-24
2.82804e-24
3.87929e-24
4.69171e-24
4.94762e-24
4.54169e-24
3.67684e-24
2.71338e-24
1.934e-24
1.46219e-24
1.34289e-24
1.63093e-24
2.82881e-24
6.7927e-24
2.09897e-23
7.7653e-23
3.22727e-22
1.42931e-21
6.48974e-21
2.94568e-20
1.31492e-19
5.70831e-19
2.38828e-18
9.53885e-18
3.59224e-17
1.26985e-16
4.19435e-16
1.28977e-15
3.67949e-15
9.69299e-15
2.34161e-14
5.14284e-14
1.01845e-13
1.80862e-13
2.87594e-13
4.10446e-13
5.2395e-13
6.10568e-13
6.50705e-13
6.36475e-13
5.73674e-13
4.7869e-13
3.71949e-13
2.64209e-13
1.76059e-13
1.10982e-13
6.67604e-14
3.86436e-14
2.16791e-14
1.18432e-14
6.29531e-15
3.2038e-15
1.45482e-15
3.91012e-16
2.16704e-39
7.73913e-39
1.69061e-38
3.35803e-38
6.50104e-38
1.24974e-37
2.39903e-37
4.60751e-37
8.86076e-37
1.70717e-36
3.29671e-36
6.38389e-36
1.24022e-35
2.41851e-35
4.7366e-35
9.32196e-35
1.84472e-34
3.67293e-34
7.36257e-34
1.48693e-33
3.0278e-33
6.22e-33
1.2898e-32
2.70125e-32
5.71677e-32
1.22315e-31
2.64676e-31
5.79387e-31
1.2832e-30
2.87524e-30
6.51623e-30
1.49298e-29
3.4556e-29
8.07115e-29
1.89919e-28
4.49398e-28
1.06682e-27
2.5328e-27
5.99051e-27
1.40458e-26
3.24484e-26
7.33031e-26
1.60437e-25
3.36362e-25
6.66133e-25
1.22362e-24
1.95379e-24
2.83278e-24
3.67622e-24
4.20726e-24
4.2112e-24
3.69466e-24
2.88874e-24
2.08567e-24
1.47615e-24
1.12477e-24
1.06644e-24
1.3464e-24
2.43347e-24
6.02581e-24
1.89763e-23
7.08903e-23
2.95761e-22
1.311e-21
5.95044e-21
2.69924e-20
1.2044e-19
5.22837e-19
2.18855e-18
8.75451e-18
3.3035e-17
1.17072e-16
3.87838e-16
1.19663e-15
3.42688e-15
9.06812e-15
2.20244e-14
4.86791e-14
9.70959e-14
1.73766e-13
2.78512e-13
4.00609e-13
5.15075e-13
6.04324e-13
6.48158e-13
6.37736e-13
5.77945e-13
4.84654e-13
3.78262e-13
2.69824e-13
1.80468e-13
1.14126e-13
6.88377e-14
3.99366e-14
2.24468e-14
1.22818e-14
6.53687e-15
3.33017e-15
1.51333e-15
4.06881e-16
3.46168e-39
1.24017e-38
2.72455e-38
5.45154e-38
1.06421e-37
2.06404e-37
3.99892e-37
7.75328e-37
1.50549e-36
2.92903e-36
5.71215e-36
1.11706e-35
2.19148e-35
4.31492e-35
8.5306e-35
1.6942e-34
3.38179e-34
6.788e-34
1.3708e-33
2.78652e-33
5.70463e-33
1.17681e-32
2.44749e-32
5.13375e-32
1.08641e-31
2.32016e-31
5.00151e-31
1.0884e-30
2.39094e-30
5.30105e-30
1.1858e-29
2.67457e-29
6.07746e-29
1.38953e-28
3.19166e-28
7.3507e-28
1.69317e-27
3.88808e-27
8.86495e-27
1.99682e-26
4.41569e-26
9.51195e-26
1.9766e-25
3.91394e-25
7.27859e-25
1.24979e-24
1.88703e-24
2.59815e-24
3.2045e-24
3.49494e-24
3.35101e-24
2.83768e-24
2.1636e-24
1.54391e-24
1.09853e-24
8.57015e-25
8.43443e-25
1.11913e-24
2.11806e-24
5.41951e-24
1.7409e-23
6.57074e-23
2.75318e-22
1.22176e-21
5.54418e-21
2.51338e-20
1.12085e-19
4.86446e-19
2.03658e-18
8.15206e-18
3.07978e-17
1.09322e-16
3.62902e-16
1.12239e-15
3.22337e-15
8.55873e-15
2.08742e-14
4.63711e-14
9.30349e-14
1.67567e-13
2.70366e-13
3.91474e-13
5.06405e-13
5.97622e-13
6.44484e-13
6.37358e-13
5.8033e-13
4.88757e-13
3.82951e-13
2.74181e-13
1.83986e-13
1.16683e-13
7.05511e-14
4.10135e-14
2.30908e-14
1.26517e-14
6.74143e-15
3.43751e-15
1.56313e-15
4.20404e-16
5.07453e-39
1.82209e-38
4.01919e-38
8.08395e-38
1.58736e-37
3.09784e-37
6.04029e-37
1.17873e-36
2.30377e-36
4.51139e-36
8.85493e-36
1.74266e-35
3.43992e-35
6.81325e-35
1.35456e-34
2.70431e-34
5.4238e-34
1.09325e-33
2.21558e-33
4.51631e-33
9.26362e-33
1.91269e-32
3.97671e-32
8.32855e-32
1.75752e-31
3.73765e-31
8.01115e-31
1.73056e-30
3.76719e-30
8.26153e-30
1.82437e-29
4.05385e-29
9.05501e-29
2.03058e-28
4.56411e-28
1.02608e-27
2.30107e-27
5.13055e-27
1.13267e-26
2.46356e-26
5.24672e-26
1.086e-25
2.16524e-25
4.11248e-25
7.32409e-25
1.15707e-24
1.68374e-24
2.22419e-24
2.63168e-24
2.761e-24
2.55946e-24
2.11097e-24
1.58326e-24
1.12605e-24
8.12405e-25
6.54718e-25
6.7171e-25
9.43829e-25
1.87187e-24
4.94607e-24
1.61942e-23
6.17267e-23
2.59708e-22
1.15373e-21
5.23391e-21
2.37095e-20
1.05655e-19
4.583e-19
1.91842e-18
7.67954e-18
2.90289e-17
1.03146e-16
3.42875e-16
1.06229e-15
3.05726e-15
8.13907e-15
1.99166e-14
4.44248e-14
8.95591e-14
1.62166e-13
2.63112e-13
3.83101e-13
4.98135e-13
5.90779e-13
6.40084e-13
6.35769e-13
5.81225e-13
4.91332e-13
3.86266e-13
2.77451e-13
1.8672e-13
1.18716e-13
7.19332e-14
4.18911e-14
2.36194e-14
1.29569e-14
6.9109e-15
3.52672e-15
1.60461e-15
4.31679e-16
6.87353e-39
2.4717e-38
5.46657e-38
1.10325e-37
2.17454e-37
4.26062e-37
8.34103e-37
1.63427e-36
3.20679e-36
6.3041e-36
1.24199e-35
2.45294e-35
4.85808e-35
9.6514e-35
1.92402e-34
3.85008e-34
7.7361e-34
1.56141e-33
3.16671e-33
6.45564e-33
1.32328e-32
2.72824e-32
5.65908e-32
1.18127e-31
2.48179e-31
5.2487e-31
1.11745e-30
2.39475e-30
5.16488e-30
1.12065e-29
2.44481e-29
5.35857e-29
1.17878e-28
2.59905e-28
5.73369e-28
1.26279e-27
2.76891e-27
6.02378e-27
1.29471e-26
2.73504e-26
5.643e-26
1.1285e-25
2.16663e-25
3.94725e-25
6.72597e-25
1.02314e-24
1.43556e-24
1.83089e-24
2.09508e-24
2.13235e-24
1.92707e-24
1.56032e-24
1.15951e-24
8.27088e-25
6.08414e-25
5.09362e-25
5.47737e-25
8.12544e-25
1.68384e-24
4.5818e-24
1.52622e-23
5.86949e-23
2.4789e-22
1.10234e-21
4.99943e-21
2.26307e-20
1.00769e-19
4.36845e-19
1.82801e-18
7.3149e-18
2.76536e-17
9.83076e-17
3.2706e-16
1.01445e-15
2.9239e-15
7.79902e-15
1.91324e-14
4.28116e-14
8.66368e-14
1.57548e-13
2.56784e-13
3.7561e-13
4.9048e-13
5.84108e-13
6.35335e-13
6.3337e-13
5.8101e-13
4.92699e-13
3.8846e-13
2.79809e-13
1.88782e-13
1.2029e-13
7.30221e-14
4.25903e-14
2.40438e-14
1.32033e-14
7.04835e-15
3.59933e-15
1.63846e-15
4.40891e-16
8.67659e-39
3.12272e-38
6.91701e-38
1.39869e-37
2.76277e-37
5.42507e-37
1.06439e-36
2.0899e-36
4.1091e-36
8.09306e-36
1.59715e-35
3.15908e-35
6.26439e-35
1.24573e-34
2.48497e-34
4.97395e-34
9.993e-34
2.01575e-33
4.08372e-33
8.31149e-33
1.69991e-32
3.4947e-32
7.22317e-32
1.50128e-31
3.13811e-31
6.59748e-31
1.39503e-30
2.9664e-30
6.34172e-30
1.3625e-29
2.9401e-29
6.3668e-29
1.38211e-28
3.00337e-28
6.52146e-28
1.41181e-27
3.03881e-27
6.48118e-27
1.36408e-26
2.81877e-26
5.68309e-26
1.10913e-25
2.07404e-25
3.66185e-25
5.89946e-25
8.7556e-25
1.19703e-24
1.48649e-24
1.65795e-24
1.64926e-24
1.46333e-24
1.17064e-24
8.66651e-25
6.2245e-25
4.67914e-25
4.07734e-25
4.59103e-25
7.15978e-25
1.54264e-24
4.30578e-24
1.45567e-23
5.64116e-23
2.39023e-22
1.06381e-21
4.82329e-21
2.18176e-20
9.70727e-20
4.2054e-19
1.75899e-18
7.03414e-18
2.65868e-17
9.45277e-17
3.1462e-16
9.76548e-16
2.81748e-15
7.52554e-15
1.84962e-14
4.14895e-14
8.42136e-14
1.53666e-13
2.51374e-13
3.69069e-13
4.83614e-13
5.77886e-13
6.30599e-13
6.30558e-13
5.80071e-13
4.93196e-13
3.89799e-13
2.81449e-13
1.90301e-13
1.21485e-13
7.38629e-14
4.3136e-14
2.43774e-14
1.33981e-14
7.15747e-15
3.65717e-15
1.6655e-15
4.48257e-16
1.03063e-38
3.7107e-38
8.2252e-38
1.66468e-37
3.29125e-37
6.46877e-37
1.27025e-36
2.49601e-36
4.91072e-36
9.67665e-36
1.91027e-35
3.77883e-35
7.49244e-35
1.48937e-34
2.96901e-34
5.937e-34
1.19121e-33
2.39882e-33
4.84966e-33
9.84563e-33
2.00772e-32
4.11331e-32
8.4682e-32
1.75216e-31
3.64402e-31
7.61784e-31
1.60068e-30
3.38009e-30
7.17101e-30
1.52779e-29
3.2666e-29
7.00326e-29
1.50374e-28
3.22903e-28
6.92133e-28
1.47749e-27
3.13222e-27
6.57169e-27
1.35887e-26
2.75521e-26
5.44412e-26
1.0403e-25
1.90355e-25
3.29069e-25
5.13931e-25
7.47717e-25
1.00083e-24
1.21725e-24
1.33157e-24
1.30251e-24
1.14098e-24
9.06215e-25
6.70868e-25
4.86069e-25
3.73086e-25
3.37964e-25
3.96781e-25
6.46125e-25
1.43834e-24
4.09981e-24
1.40299e-23
5.4713e-23
2.32448e-22
1.03525e-21
4.69245e-21
2.12117e-20
9.43078e-20
4.08297e-19
1.70696e-18
6.82092e-18
2.57714e-17
9.16201e-17
3.04992e-16
9.47038e-16
2.7341e-15
7.30985e-15
1.79906e-14
4.04299e-14
8.22515e-14
1.50485e-13
2.46879e-13
3.63539e-13
4.77682e-13
5.72346e-13
6.26173e-13
6.27667e-13
5.78735e-13
4.93112e-13
3.90509e-13
2.82522e-13
1.9137e-13
1.22356e-13
7.44881e-14
4.35468e-14
2.46308e-14
1.35471e-14
7.24142e-15
3.70188e-15
1.68646e-15
4.53978e-16
1.16376e-38
4.19034e-38
9.28985e-38
1.88049e-37
3.71853e-37
7.30929e-37
1.43533e-36
2.82016e-36
5.54735e-36
1.09274e-35
2.1561e-35
4.26225e-35
8.44355e-35
1.67661e-34
3.33783e-34
6.66402e-34
1.33462e-33
2.68191e-33
5.40886e-33
1.09509e-32
2.22629e-32
4.54563e-32
9.32322e-32
1.92115e-31
3.97758e-31
8.27463e-31
1.72951e-30
3.63131e-30
7.65661e-30
1.62045e-29
3.44005e-29
7.31863e-29
1.55851e-28
3.31692e-28
7.04165e-28
1.4876e-27
3.1182e-27
6.46232e-27
1.31852e-26
2.63496e-26
5.12589e-26
9.6339e-26
1.73274e-25
2.94385e-25
4.52459e-25
6.47799e-25
8.53567e-25
1.02254e-24
1.10308e-24
1.06633e-24
9.26156e-25
7.32737e-25
5.43557e-25
3.97366e-25
3.10392e-25
2.91075e-25
3.5399e-25
5.96868e-25
1.36326e-24
3.94993e-24
1.36456e-23
5.34768e-23
2.27674e-22
1.01452e-21
4.59737e-21
2.07704e-20
9.22886e-20
3.99331e-19
1.66876e-18
6.66331e-18
2.51652e-17
8.94469e-17
2.97755e-16
9.24737e-16
2.67074e-15
7.14495e-15
1.76016e-14
3.96084e-14
8.07174e-14
1.47973e-13
2.43287e-13
3.59056e-13
4.72785e-13
5.67662e-13
6.22294e-13
6.24962e-13
5.77266e-13
4.92677e-13
3.90777e-13
2.83171e-13
1.92087e-13
1.22965e-13
7.49337e-14
4.3843e-14
2.48149e-14
1.3656e-14
7.30303e-15
3.73483e-15
1.70196e-15
4.58214e-16
1.2616e-38
4.54226e-38
1.00687e-37
2.03777e-37
4.02853e-37
7.91615e-37
1.55389e-36
3.05163e-36
5.99915e-36
1.18091e-35
2.32816e-35
4.59794e-35
9.09838e-35
1.80432e-34
3.58687e-34
7.14949e-34
1.42923e-33
2.86617e-33
5.76752e-33
1.16484e-32
2.36174e-32
4.8082e-32
9.83088e-32
2.01895e-31
4.16502e-31
8.63129e-31
1.79668e-30
3.75598e-30
7.88303e-30
1.66024e-29
3.50635e-29
7.41895e-29
1.57073e-28
3.32243e-28
7.00727e-28
1.47001e-27
3.05823e-27
6.28656e-27
1.27127e-26
2.51567e-26
4.84082e-26
8.99007e-26
1.59654e-25
2.67827e-25
4.07167e-25
5.76803e-25
7.5214e-25
8.92057e-25
9.53573e-25
9.14866e-25
7.90559e-25
6.24457e-25
4.64669e-25
3.42763e-25
2.72003e-25
2.60878e-25
3.2597e-25
5.63841e-25
1.31206e-24
3.84694e-24
1.33815e-23
5.26291e-23
2.24402e-22
1.00027e-21
4.53172e-21
2.04641e-20
9.08789e-20
3.93038e-19
1.64179e-18
6.55119e-18
2.47313e-17
8.78828e-17
2.92523e-16
9.08544e-16
2.62455e-15
7.02427e-15
1.73156e-14
3.90013e-14
7.95768e-14
1.46092e-13
2.40572e-13
3.55629e-13
4.68988e-13
5.63959e-13
6.19138e-13
6.22654e-13
5.75881e-13
4.92093e-13
3.90763e-13
2.83495e-13
1.92511e-13
1.23347e-13
7.52212e-14
4.40376e-14
2.49374e-14
1.37292e-14
7.34487e-15
3.75736e-15
1.71261e-15
4.61132e-16
1.32452e-38
4.76819e-38
1.05673e-37
2.13806e-37
4.22532e-37
8.2995e-37
1.62838e-36
3.19623e-36
6.27963e-36
1.23528e-35
2.43346e-35
4.80174e-35
9.49247e-35
1.88045e-34
3.73374e-34
7.43246e-34
1.48365e-33
2.97065e-33
5.96759e-33
1.20303e-32
2.43438e-32
4.94562e-32
1.00892e-31
2.06706e-31
4.25353e-31
8.79135e-31
1.82489e-30
3.80378e-30
7.95885e-30
1.67081e-29
3.51678e-29
7.41476e-29
1.56404e-28
3.29548e-28
6.92222e-28
1.44598e-27
2.99467e-27
6.12622e-27
1.23235e-26
2.42439e-26
4.63405e-26
8.53957e-26
1.50325e-25
2.49896e-25
3.77214e-25
5.30812e-25
6.87597e-25
8.10251e-25
8.60959e-25
8.21863e-25
7.07744e-25
5.58455e-25
4.16511e-25
3.09121e-25
2.47517e-25
2.42354e-25
3.08615e-25
5.4306e-25
1.27954e-24
3.78107e-24
1.32117e-23
5.20831e-23
2.22294e-22
9.91107e-22
4.48957e-21
2.02677e-20
8.99763e-20
3.89012e-19
1.62455e-18
6.47942e-18
2.44531e-17
8.68771e-17
2.89147e-16
8.98051e-16
2.59448e-15
6.94531e-15
1.71275e-14
3.85995e-14
7.88162e-14
1.44826e-13
2.38728e-13
3.53271e-13
4.66334e-13
5.6132e-13
6.16827e-13
6.20888e-13
5.74734e-13
4.91501e-13
3.90585e-13
2.83583e-13
1.92702e-13
1.23541e-13
7.53751e-14
4.41448e-14
2.50063e-14
1.3771e-14
7.36899e-15
3.77047e-15
1.71885e-15
4.62846e-16
1.35559e-38
4.87962e-38
1.08126e-37
2.18728e-37
4.32159e-37
8.48636e-37
1.66455e-36
3.26615e-36
6.41463e-36
1.26132e-35
2.48362e-35
4.89825e-35
9.67787e-35
1.916e-34
3.80181e-34
7.56246e-34
1.50841e-33
3.01766e-33
6.05644e-33
1.21974e-32
2.4656e-32
5.00346e-32
1.01951e-31
2.08614e-31
4.28713e-31
8.84852e-31
1.83409e-30
3.81716e-30
7.97421e-30
1.67128e-29
3.51176e-29
7.39106e-29
1.55619e-28
3.2727e-28
6.86091e-28
1.43026e-27
2.95583e-27
6.03328e-27
1.21073e-26
2.37548e-26
4.52632e-26
8.30907e-26
1.45577e-25
2.4073e-25
3.62029e-25
5.07733e-25
6.55507e-25
7.69953e-25
8.15807e-25
7.77072e-25
6.68422e-25
5.27594e-25
3.94318e-25
2.93843e-25
2.36728e-25
2.33657e-25
3.00491e-25
5.33339e-25
1.2645e-24
3.75125e-24
1.31367e-23
5.18455e-23
2.2138e-22
9.87099e-22
4.47086e-21
2.0179e-20
8.95623e-20
3.87137e-19
1.61641e-18
6.44474e-18
2.43164e-17
8.63767e-17
2.8745e-16
8.92733e-16
2.57914e-15
6.90476e-15
1.70302e-14
3.83902e-14
7.84167e-14
1.44154e-13
2.37735e-13
3.5198e-13
4.64848e-13
5.59801e-13
6.15446e-13
6.19773e-13
5.73941e-13
4.91015e-13
3.90343e-13
2.83514e-13
1.92719e-13
1.23586e-13
7.54202e-14
4.41796e-14
2.50299e-14
1.37859e-14
7.37786e-15
3.77541e-15
1.72124e-15
4.63508e-16
1.35738e-38
4.88606e-38
1.08269e-37
2.19016e-37
4.32727e-37
8.49747e-37
1.66673e-36
3.27039e-36
6.42291e-36
1.26294e-35
2.48679e-35
4.90443e-35
9.68996e-35
1.91837e-34
3.80644e-34
7.57152e-34
1.51019e-33
3.02114e-33
6.06327e-33
1.22108e-32
2.46822e-32
5.0086e-32
1.02052e-31
2.08812e-31
4.29103e-31
8.85616e-31
1.83559e-30
3.82009e-30
7.97993e-30
1.67239e-29
3.51389e-29
7.39511e-29
1.55695e-28
3.27409e-28
6.86338e-28
1.43067e-27
2.95648e-27
6.03412e-27
1.21079e-26
2.37534e-26
4.52543e-26
8.30586e-26
1.45482e-25
2.40499e-25
3.61601e-25
5.07022e-25
6.54432e-25
7.68493e-25
8.14045e-25
7.75196e-25
6.66658e-25
5.26114e-25
3.93183e-25
2.93015e-25
2.36118e-25
2.33154e-25
3.00021e-25
5.32787e-25
1.26367e-24
3.74956e-24
1.31321e-23
5.18294e-23
2.21313e-22
9.86795e-22
4.46944e-21
2.01723e-20
8.95309e-20
3.86994e-19
1.61578e-18
6.44204e-18
2.43056e-17
8.63361e-17
2.87308e-16
8.92271e-16
2.57775e-15
6.9009e-15
1.70204e-14
3.83673e-14
7.83686e-14
1.44064e-13
2.37582e-13
3.51749e-13
4.64537e-13
5.59422e-13
6.15025e-13
6.19347e-13
5.73545e-13
4.90675e-13
3.90073e-13
2.83318e-13
1.92587e-13
1.23501e-13
7.53684e-14
4.41493e-14
2.50128e-14
1.37765e-14
7.37285e-15
3.77285e-15
1.72007e-15
4.63194e-16
1.32993e-38
4.78766e-38
1.06104e-37
2.14678e-37
4.24253e-37
8.33324e-37
1.63499e-36
3.20915e-36
6.30491e-36
1.24023e-35
2.44314e-35
4.8207e-35
9.52961e-35
1.88773e-34
3.74802e-34
7.46047e-34
1.48915e-33
2.98146e-33
5.98884e-33
1.20722e-32
2.44262e-32
4.96187e-32
1.01212e-31
2.07338e-31
4.26602e-31
8.816e-31
1.82976e-30
3.81336e-30
7.97764e-30
1.67448e-29
3.52389e-29
7.4284e-29
1.56662e-28
3.30024e-28
6.93075e-28
1.44743e-27
2.99694e-27
6.12922e-27
1.23257e-26
2.42393e-26
4.63102e-26
8.52889e-26
1.50023e-25
2.49181e-25
3.75879e-25
5.28574e-25
6.84195e-25
8.05611e-25
8.55344e-25
8.15873e-25
7.02109e-25
5.53732e-25
4.12897e-25
3.06496e-25
2.45593e-25
2.40772e-25
3.07143e-25
5.41348e-25
1.27697e-24
3.77594e-24
1.3198e-23
5.20354e-23
2.22097e-22
9.90215e-22
4.48538e-21
2.02478e-20
8.98838e-20
3.88591e-19
1.6227e-18
6.47147e-18
2.44211e-17
8.6757e-17
2.88726e-16
8.96684e-16
2.59037e-15
6.93388e-15
1.70983e-14
3.85316e-14
7.86737e-14
1.44558e-13
2.38276e-13
3.5259e-13
4.65419e-13
5.60205e-13
6.1559e-13
6.19635e-13
5.73568e-13
4.90501e-13
3.8979e-13
2.83005e-13
1.9231e-13
1.23289e-13
7.52217e-14
4.40551e-14
2.49556e-14
1.37431e-14
7.35409e-15
3.76286e-15
1.71538e-15
4.61913e-16
1.27069e-38
4.57499e-38
1.01413e-37
2.05248e-37
4.05762e-37
7.97331e-37
1.56511e-36
3.07363e-36
6.04233e-36
1.18939e-35
2.3448e-35
4.63064e-35
9.16269e-35
1.81698e-34
3.6118e-34
7.19863e-34
1.43892e-33
2.88533e-33
5.80541e-33
1.17234e-32
2.37663e-32
4.83776e-32
9.88966e-32
2.03065e-31
4.18832e-31
8.67774e-31
1.80593e-30
3.7744e-30
7.91963e-30
1.66748e-29
3.52061e-29
7.44681e-29
1.57611e-28
3.33261e-28
7.02602e-28
1.47333e-27
3.06372e-27
6.29458e-27
1.27213e-26
2.51557e-26
4.83645e-26
8.97255e-26
1.59148e-25
2.66632e-25
4.04883e-25
5.72885e-25
7.4608e-25
8.83678e-25
9.43318e-25
9.03824e-25
7.80097e-25
6.15646e-25
4.57918e-25
3.3787e-25
2.68431e-25
2.58e-25
3.23296e-25
5.60781e-25
1.30752e-24
3.83798e-24
1.33577e-23
5.25471e-23
2.24065e-22
9.98747e-22
4.52457e-21
2.04302e-20
9.07211e-20
3.92321e-19
1.63865e-18
6.53767e-18
2.46771e-17
8.76792e-17
2.91811e-16
9.06232e-16
2.6176e-15
7.00499e-15
1.72665e-14
3.88874e-14
7.9338e-14
1.45643e-13
2.39818e-13
3.54494e-13
4.67469e-13
5.62113e-13
6.17095e-13
6.20586e-13
5.7396e-13
4.90446e-13
3.89453e-13
2.82544e-13
1.91865e-13
1.22933e-13
7.49689e-14
4.38901e-14
2.4854e-14
1.36834e-14
7.32038e-15
3.74485e-15
1.70691e-15
4.59598e-16
1.1764e-38
4.2359e-38
9.39108e-38
1.90104e-37
3.75928e-37
7.38961e-37
1.45114e-36
2.85127e-36
5.60861e-36
1.10481e-35
2.17991e-35
4.30924e-35
8.5364e-35
1.69497e-34
3.3742e-34
6.73615e-34
1.34895e-33
2.71041e-33
5.46565e-33
1.10643e-32
2.24897e-32
4.59106e-32
9.4144e-32
1.93948e-31
4.01449e-31
8.34903e-31
1.74451e-30
3.66157e-30
7.71757e-30
1.6327e-29
3.46456e-29
7.36732e-29
1.56808e-28
3.33544e-28
7.07662e-28
1.49398e-27
3.12917e-27
6.47946e-27
1.32071e-26
2.63634e-26
5.12189e-26
9.61215e-26
1.72603e-25
2.92748e-25
4.49203e-25
6.42017e-25
8.44378e-25
1.00956e-24
1.0869e-24
1.04866e-24
9.09233e-25
7.18388e-25
5.32541e-25
3.89405e-25
3.04628e-25
2.86489e-25
3.49803e-25
5.92165e-25
1.35641e-24
3.93661e-24
1.36107e-23
5.33578e-23
2.27187e-22
1.01232e-21
4.58708e-21
2.07219e-20
9.20621e-20
3.98303e-19
1.66425e-18
6.64398e-18
2.50877e-17
8.91563e-17
2.96741e-16
9.21447e-16
2.66086e-15
7.11759e-15
1.7532e-14
3.94473e-14
8.03805e-14
1.47341e-13
2.42228e-13
3.57468e-13
4.70667e-13
5.65093e-13
6.19457e-13
6.22097e-13
5.74609e-13
4.90404e-13
3.88972e-13
2.81861e-13
1.91198e-13
1.22396e-13
7.45871e-14
4.36405e-14
2.47004e-14
1.35931e-14
7.26945e-15
3.71767e-15
1.69415e-15
4.56112e-16
1.04628e-38
3.76714e-38
8.35082e-38
1.69023e-37
3.34206e-37
6.56917e-37
1.29007e-36
2.53515e-36
4.98807e-36
9.82965e-36
1.94057e-35
3.83891e-35
7.61174e-35
1.51309e-34
3.01627e-34
6.03132e-34
1.21007e-33
2.43662e-33
4.92556e-33
9.99843e-33
2.03855e-32
4.17567e-32
8.59463e-32
1.77785e-31
3.69633e-31
7.72455e-31
1.62247e-30
3.42464e-30
7.26201e-30
1.54635e-29
3.30434e-29
7.07952e-29
1.51901e-28
3.25919e-28
6.9797e-28
1.48846e-27
3.15196e-27
6.60476e-27
1.36377e-26
2.7608e-26
5.44565e-26
1.03862e-25
1.89662e-25
3.27169e-25
5.09821e-25
7.39934e-25
9.87943e-25
1.19846e-24
1.30752e-24
1.27568e-24
1.11486e-24
8.83824e-25
6.53591e-25
4.73593e-25
3.64121e-25
3.31004e-25
3.90535e-25
6.39294e-25
1.42862e-24
4.08133e-24
1.39823e-23
5.45526e-23
2.31796e-22
1.03232e-21
4.67873e-21
2.1147e-20
9.40064e-20
4.0693e-19
1.70098e-18
6.79531e-18
2.5669e-17
9.12369e-17
3.03656e-16
9.42715e-16
2.72115e-15
7.27405e-15
1.78998e-14
4.02202e-14
8.18144e-14
1.49668e-13
2.45515e-13
3.615e-13
4.74971e-13
5.69069e-13
6.22565e-13
6.24033e-13
5.75373e-13
4.90241e-13
3.88232e-13
2.80873e-13
1.90253e-13
1.21642e-13
7.40537e-14
4.32932e-14
2.44876e-14
1.34685e-14
7.19944e-15
3.68044e-15
1.6767e-15
4.51351e-16
8.85201e-39
3.18607e-38
7.05815e-38
1.42744e-37
2.82004e-37
5.53847e-37
1.08683e-36
2.13432e-36
4.19712e-36
8.26773e-36
1.63186e-35
3.22818e-35
6.40219e-35
1.27326e-34
2.54011e-34
5.08464e-34
1.02157e-33
2.0607e-33
4.17467e-33
8.49607e-33
1.73749e-32
3.57142e-32
7.38031e-32
1.53356e-31
3.20461e-31
6.73483e-31
1.42345e-30
3.02532e-30
6.46394e-30
1.38785e-29
2.99256e-29
6.47501e-29
1.40428e-28
3.04835e-28
6.61138e-28
1.42941e-27
3.07223e-27
6.54195e-27
1.37444e-26
2.83465e-26
5.70298e-26
1.11056e-25
2.07242e-25
3.65495e-25
5.84263e-25
8.65832e-25
1.18027e-24
1.4609e-24
1.62391e-24
1.61006e-24
1.42421e-24
1.13651e-24
8.40054e-25
6.03205e-25
4.54192e-25
3.97326e-25
4.49957e-25
7.06263e-25
1.52921e-24
4.28088e-24
1.44939e-23
5.62025e-23
2.3818e-22
1.06003e-21
4.80564e-21
2.17346e-20
9.66867e-20
4.18792e-19
1.75136e-18
7.00159e-18
2.6457e-17
9.40434e-17
3.12937e-16
9.71117e-16
2.80126e-15
7.48083e-15
1.83831e-14
4.12293e-14
8.36732e-14
1.5266e-13
2.49702e-13
3.66582e-13
4.80321e-13
5.73921e-13
6.26247e-13
6.2619e-13
5.7604e-13
4.89764e-13
3.87084e-13
2.79487e-13
1.88975e-13
1.20639e-13
7.33488e-14
4.28361e-14
2.42082e-14
1.33053e-14
7.10794e-15
3.63189e-15
1.65399e-15
4.45162e-16
7.05214e-39
2.5362e-38
5.61034e-38
1.13255e-37
2.23293e-37
4.37631e-37
8.57014e-37
1.67968e-36
3.2969e-36
6.4832e-36
1.27765e-35
2.5241e-35
5.00039e-35
9.93671e-35
1.98137e-34
3.96572e-34
7.96999e-34
1.60888e-33
3.26337e-33
6.65323e-33
1.36383e-32
2.81178e-32
5.83191e-32
1.21716e-31
2.55666e-31
5.40542e-31
1.15035e-30
2.46401e-30
5.31098e-30
1.1515e-29
2.50999e-29
5.49618e-29
1.20776e-28
2.65975e-28
5.85973e-28
1.28863e-27
2.8209e-27
6.12571e-27
1.31397e-26
2.76954e-26
5.69985e-26
1.1365e-25
2.17417e-25
3.94396e-25
6.68726e-25
1.01333e-24
1.41628e-24
1.79895e-24
2.04989e-24
2.07766e-24
1.87038e-24
1.50948e-24
1.11922e-24
7.97767e-25
5.87669e-25
4.9399e-25
5.34564e-25
7.9901e-25
1.66569e-24
4.54904e-24
1.51811e-23
5.84279e-23
2.46819e-22
1.09756e-21
4.97716e-21
2.25261e-20
1.00285e-19
4.34656e-19
1.81847e-18
7.27443e-18
2.74928e-17
9.77103e-17
3.24993e-16
1.0078e-15
2.90412e-15
7.7447e-15
1.89956e-14
4.24982e-14
8.59894e-14
1.5635e-13
2.54803e-13
3.72678e-13
4.86618e-13
5.79479e-13
6.30277e-13
6.28312e-13
5.7636e-13
4.88751e-13
3.85345e-13
2.77566e-13
1.87269e-13
1.19327e-13
7.24378e-14
4.225e-14
2.38519e-14
1.30982e-14
6.99228e-15
3.57072e-15
1.62545e-15
4.37391e-16
5.23905e-39
1.88147e-38
4.15141e-38
8.3531e-38
1.64092e-37
3.20384e-37
6.24995e-37
1.22024e-36
2.38608e-36
4.6749e-36
9.18043e-36
1.80762e-35
3.5699e-35
7.07409e-35
1.40708e-34
2.81041e-34
5.63898e-34
1.13707e-33
2.3052e-33
4.70044e-33
9.64379e-33
1.99157e-32
4.14126e-32
8.67333e-32
1.83013e-31
3.89133e-31
8.33825e-31
1.80052e-30
3.91745e-30
8.58541e-30
1.89434e-29
4.20505e-29
9.38147e-29
2.10093e-28
4.7149e-28
1.05809e-27
2.36805e-27
5.26776e-27
1.15993e-26
2.51542e-26
5.33929e-26
1.10101e-25
2.18591e-25
4.13171e-25
7.31859e-25
1.15011e-24
1.66516e-24
2.18833e-24
2.57566e-24
2.68822e-24
2.47995e-24
2.03699e-24
1.52328e-24
1.08202e-24
7.81437e-25
6.32225e-25
6.52894e-25
9.2515e-25
1.84763e-24
4.90342e-24
1.60904e-23
6.13886e-23
2.5836e-22
1.14773e-21
5.20606e-21
2.3579e-20
1.05052e-19
4.55588e-19
1.90665e-18
7.62988e-18
2.88327e-17
1.02421e-16
3.40375e-16
1.05429e-15
3.03356e-15
8.07432e-15
1.97544e-14
4.40553e-14
8.88005e-14
1.60771e-13
2.6082e-13
3.79732e-13
4.93723e-13
5.8552e-13
6.34366e-13
6.30077e-13
5.76013e-13
4.86923e-13
3.828e-13
2.74962e-13
1.85046e-13
1.17652e-13
7.12897e-14
4.15169e-14
2.34088e-14
1.28415e-14
6.84943e-15
3.49538e-15
1.59036e-15
4.27846e-16
3.59814e-39
1.28936e-38
2.83378e-38
5.67317e-38
1.10815e-37
2.15068e-37
4.16964e-37
8.09001e-37
1.57202e-36
3.06073e-36
5.9735e-36
1.16906e-35
2.29526e-35
4.52272e-35
8.94823e-35
1.77848e-34
3.55263e-34
7.13595e-34
1.44203e-33
2.93317e-33
6.00832e-33
1.24004e-32
2.57995e-32
5.41332e-32
1.14582e-31
2.4473e-31
5.27545e-31
1.14781e-30
2.52059e-30
5.58556e-30
1.24853e-29
2.8134e-29
6.38516e-29
1.45767e-28
3.34237e-28
7.68233e-28
1.76548e-27
4.04352e-27
9.19241e-27
2.06391e-26
4.54812e-26
9.76036e-26
2.0198e-25
3.97971e-25
7.34944e-25
1.24772e-24
1.8728e-24
2.56333e-24
3.1417e-24
3.40488e-24
3.24549e-24
2.73464e-24
2.07753e-24
1.47989e-24
1.05351e-24
8.24624e-25
8.16584e-25
1.09319e-24
2.08542e-24
5.36375e-24
1.72761e-23
6.52791e-23
2.73619e-22
1.21424e-21
5.50931e-21
2.4971e-20
1.11336e-19
4.83088e-19
2.02206e-18
8.0913e-18
3.05593e-17
1.08446e-16
3.59902e-16
1.11285e-15
3.19528e-15
8.48243e-15
2.06844e-14
4.59416e-14
9.21599e-14
1.65971e-13
2.67765e-13
3.87679e-13
5.01469e-13
5.91775e-13
6.38163e-13
6.31098e-13
5.74626e-13
4.83953e-13
3.79188e-13
2.71489e-13
1.8218e-13
1.1554e-13
6.98606e-14
4.06127e-14
2.28655e-14
1.25284e-14
6.67581e-15
3.40408e-15
1.54794e-15
4.16319e-16
2.26853e-39
8.10402e-39
1.7713e-38
3.5208e-38
6.82172e-38
1.31254e-37
2.52193e-37
4.84821e-37
9.33294e-37
1.79999e-36
3.47962e-36
6.74535e-36
1.31188e-35
2.5611e-35
5.0215e-35
9.89379e-35
1.96008e-34
3.90693e-34
7.84014e-34
1.58497e-33
3.23042e-33
6.6423e-33
1.37853e-32
2.88927e-32
6.11862e-32
1.30979e-31
2.83524e-31
6.20752e-31
1.37476e-30
3.07956e-30
6.97564e-30
1.59696e-29
3.6922e-29
8.61117e-29
2.02254e-28
4.77549e-28
1.13075e-27
2.67664e-27
6.30911e-27
1.47351e-26
3.38899e-26
7.61747e-26
1.65768e-25
3.45253e-25
6.78458e-25
1.23551e-24
1.95785e-24
2.8178e-24
3.62957e-24
4.12287e-24
4.09763e-24
3.57263e-24
2.77958e-24
2.00059e-24
1.41485e-24
1.0805e-24
1.03021e-24
1.31179e-24
2.39099e-24
5.95435e-24
1.88075e-23
7.03492e-23
2.93622e-22
1.30155e-21
5.90683e-21
2.67896e-20
1.19511e-19
5.18693e-19
2.17073e-18
8.68054e-18
3.27468e-17
1.16021e-16
3.84265e-16
1.18534e-15
3.39387e-15
8.97912e-15
2.18045e-14
4.81861e-14
9.61001e-14
1.71966e-13
2.75605e-13
3.96404e-13
5.09649e-13
5.97943e-13
6.41306e-13
6.30989e-13
5.71832e-13
4.79529e-13
3.74265e-13
2.66975e-13
1.78564e-13
1.12924e-13
6.81136e-14
3.9517e-14
2.22113e-14
1.21531e-14
6.46844e-15
3.29533e-15
1.4975e-15
4.02627e-16
1.30639e-39
4.648e-39
1.00852e-38
1.98566e-38
3.80582e-38
7.23776e-38
1.3738e-37
2.60788e-37
4.95551e-37
9.43145e-37
1.79879e-36
3.43967e-36
6.5983e-36
1.27053e-35
2.45728e-35
4.77687e-35
9.34048e-35
1.83853e-34
3.64627e-34
7.29318e-34
1.47218e-33
3.00143e-33
6.18543e-33
1.28955e-32
2.72189e-32
5.82056e-32
1.26178e-31
2.77416e-31
6.18779e-31
1.40036e-30
3.215e-30
7.48496e-30
1.76586e-29
4.21727e-29
1.01795e-28
2.47814e-28
6.07107e-28
1.49231e-27
3.66669e-27
8.96254e-27
2.16618e-26
5.13728e-26
1.18398e-25
2.61971e-25
5.48124e-25
1.06438e-24
1.8747e-24
2.84126e-24
3.86585e-24
4.63755e-24
4.8509e-24
4.41857e-24
3.55377e-24
2.60994e-24
1.8556e-24
1.40359e-24
1.29416e-24
1.58569e-24
2.7747e-24
6.70224e-24
2.07757e-23
7.69655e-23
3.20007e-22
1.41732e-21
6.43455e-21
2.92013e-20
1.30327e-19
5.6566e-19
2.36618e-18
9.44808e-18
3.55722e-17
1.2572e-16
4.15173e-16
1.27643e-15
3.64082e-15
9.58964e-15
2.31632e-14
5.0867e-14
1.00724e-13
1.78856e-13
2.84389e-13
4.05856e-13
5.18079e-13
6.0372e-13
6.43405e-13
6.29336e-13
5.67243e-13
4.73328e-13
3.67786e-13
2.61255e-13
1.74093e-13
1.09744e-13
6.60166e-14
3.82136e-14
2.14382e-14
1.17117e-14
6.22545e-15
3.16826e-15
1.43869e-15
3.86675e-16
6.85313e-40
2.42598e-39
5.21598e-39
1.01475e-38
1.91838e-38
3.5944e-38
6.71625e-38
1.25425e-37
2.34331e-37
4.38259e-37
8.20978e-37
1.54129e-36
2.90179e-36
5.48246e-36
1.04027e-35
1.98401e-35
3.80686e-35
7.35722e-35
1.43355e-34
2.81868e-34
5.59854e-34
1.12459e-33
2.2873e-33
4.71613e-33
9.86958e-33
2.09871e-32
4.53929e-32
9.99489e-32
2.24181e-31
5.12391e-31
1.19343e-30
2.83157e-30
6.83847e-30
1.67908e-29
4.18465e-29
1.05569e-28
2.6892e-28
6.89639e-28
1.77406e-27
4.55755e-27
1.16268e-26
2.9243e-26
7.18478e-26
1.70448e-25
3.84878e-25
8.12808e-25
1.57033e-24
2.55848e-24
3.72046e-24
4.74389e-24
5.2383e-24
5.004e-24
4.18955e-24
3.17082e-24
2.29434e-24
1.74136e-24
1.5876e-24
1.89982e-24
3.22717e-24
7.60944e-24
2.32298e-23
8.53988e-23
3.54086e-22
1.56765e-21
7.1199e-21
3.23249e-20
1.44279e-19
6.25948e-19
2.61561e-18
1.04201e-17
3.91241e-17
1.37821e-16
4.53446e-16
1.38833e-15
3.94157e-15
1.03258e-14
2.47822e-14
5.40162e-14
1.06063e-13
1.86652e-13
2.94071e-13
4.15899e-13
5.26537e-13
6.08815e-13
6.44141e-13
6.2583e-13
5.60597e-13
4.65148e-13
3.59612e-13
2.54243e-13
1.68721e-13
1.05981e-13
6.35616e-14
3.67e-14
2.05459e-14
1.12047e-14
5.94729e-15
3.02317e-15
1.37165e-15
3.68509e-16
3.27371e-40
1.15193e-39
2.44982e-39
4.69791e-39
8.73462e-39
1.6071e-38
2.94551e-38
5.39039e-38
9.86005e-38
1.80396e-37
3.30317e-37
6.05717e-37
1.11311e-36
2.05151e-36
3.79547e-36
7.05591e-36
1.3197e-35
2.48606e-35
4.72169e-35
9.05287e-35
1.75473e-34
3.44405e-34
6.8566e-34
1.38715e-33
2.85706e-33
6.00222e-33
1.28845e-32
2.83063e-32
6.37261e-32
1.47145e-31
3.48587e-31
8.46961e-31
2.10837e-30
5.3677e-30
1.39423e-29
3.68326e-29
9.85075e-29
2.65763e-28
7.2056e-28
1.95517e-27
5.28308e-27
1.41263e-26
3.70627e-26
9.43432e-26
2.29606e-25
5.24578e-25
1.10048e-24
2.06287e-24
3.19643e-24
4.36187e-24
5.13742e-24
5.19054e-24
4.54641e-24
3.56211e-24
2.6426e-24
2.03684e-24
1.86138e-24
2.21837e-24
3.72764e-24
8.69342e-24
2.63434e-23
9.65166e-23
3.99912e-22
1.77147e-21
8.05139e-21
3.65704e-20
1.63219e-19
7.07639e-19
2.95289e-18
1.17204e-17
4.38277e-17
1.53678e-16
5.03038e-16
1.53161e-15
4.32174e-15
1.12432e-14
2.67681e-14
5.78118e-14
1.12376e-13
1.95675e-13
3.05001e-13
4.26791e-13
5.35015e-13
6.13115e-13
6.43341e-13
6.20276e-13
5.51713e-13
4.54847e-13
3.49645e-13
2.45881e-13
1.6242e-13
1.01623e-13
6.07467e-14
3.49784e-14
1.95374e-14
1.06343e-14
5.63564e-15
2.86109e-15
1.29691e-15
3.48275e-16
1.42683e-40
4.98635e-40
1.04727e-39
1.97518e-39
3.6018e-39
6.48723e-39
1.16218e-38
2.07618e-38
3.70274e-38
6.59705e-38
1.17492e-37
2.09306e-37
3.73235e-37
6.66794e-37
1.19469e-36
2.14927e-36
3.88739e-36
7.07526e-36
1.29752e-35
2.40152e-35
4.49457e-35
8.52439e-35
1.64239e-34
3.22333e-34
6.46295e-34
1.32804e-33
2.80557e-33
6.11207e-33
1.37684e-32
3.21362e-32
7.78e-32
1.95319e-31
5.07645e-31
1.36167e-30
3.75312e-30
1.05745e-29
3.02271e-29
8.71323e-29
2.52038e-28
7.28407e-28
2.09459e-27
5.96492e-27
1.67179e-26
4.56979e-26
1.20257e-25
2.99379e-25
6.8964e-25
1.42946e-24
2.41279e-24
3.55531e-24
4.49622e-24
4.84513e-24
4.49045e-24
3.68993e-24
2.84515e-24
2.25909e-24
2.1128e-24
2.55018e-24
4.29689e-24
9.99614e-24
3.02154e-23
1.10631e-22
4.58746e-22
2.03433e-21
9.25309e-21
4.2034e-20
1.87491e-19
8.11736e-19
3.37956e-18
1.3357e-17
4.9715e-17
1.73411e-16
5.64387e-16
1.70777e-15
4.78602e-15
1.23552e-14
2.9156e-14
6.23453e-14
1.19911e-13
2.06615e-13
3.18919e-13
4.36981e-13
5.44027e-13
6.17551e-13
6.4184e-13
6.13309e-13
5.41049e-13
4.42754e-13
3.3812e-13
2.36337e-13
1.55305e-13
9.67446e-14
5.76193e-14
3.30771e-14
1.8429e-14
1.00101e-14
5.29557e-15
2.68467e-15
1.21569e-15
3.26304e-16
5.6962e-41
1.97577e-40
4.09277e-40
7.57736e-40
1.35195e-39
2.37687e-39
4.14866e-39
7.20874e-39
1.24843e-38
2.15636e-38
3.7169e-38
6.39755e-38
1.10036e-37
1.89289e-37
3.26032e-37
5.6301e-37
9.75723e-37
1.69867e-36
2.97519e-36
5.25262e-36
9.36892e-36
1.693e-35
3.10984e-35
5.82996e-35
1.12058e-34
2.21975e-34
4.55723e-34
9.75362e-34
2.18837e-33
5.17069e-33
1.2901e-32
3.39914e-32
9.42862e-32
2.7365e-31
8.23928e-31
2.54807e-30
7.99396e-30
2.51771e-29
7.90567e-29
2.46248e-28
7.58098e-28
2.29989e-27
6.8524e-27
1.99395e-26
5.60882e-26
1.50031e-25
3.73024e-25
8.38195e-25
1.64912e-24
2.58318e-24
3.49659e-24
4.02625e-24
3.96971e-24
3.45344e-24
2.80676e-24
2.33823e-24
2.28575e-24
2.86421e-24
4.93393e-24
1.16099e-23
3.53308e-23
1.30037e-22
5.41487e-22
2.40834e-21
1.09724e-20
4.98668e-20
2.22295e-19
9.60868e-19
3.98778e-18
1.56602e-17
5.78978e-17
2.00475e-16
6.47345e-16
1.94238e-15
5.39412e-15
1.37843e-14
3.21568e-14
6.7887e-14
1.28778e-13
2.18722e-13
3.32725e-13
4.49586e-13
5.53268e-13
6.21184e-13
6.38896e-13
6.04513e-13
5.2844e-13
4.28852e-13
3.25092e-13
2.25675e-13
1.47431e-13
9.13904e-14
5.42103e-14
3.1017e-14
1.72341e-14
9.34003e-15
4.93194e-15
2.49658e-15
1.1293e-15
3.02959e-16
2.09485e-41
7.20871e-41
1.47147e-40
2.6705e-40
4.65303e-40
7.9665e-40
1.35102e-39
2.27612e-39
3.81404e-39
6.36069e-39
1.05625e-38
1.7474e-38
2.8817e-38
4.74116e-38
7.79021e-38
1.28006e-37
2.10599e-37
3.47005e-37
5.73512e-37
9.52719e-37
1.59495e-36
2.69998e-36
4.64166e-36
8.14874e-36
1.47149e-35
2.75667e-35
5.41275e-35
1.1264e-34
2.51274e-34
6.06743e-34
1.59446e-33
4.55467e-33
1.40222e-32
4.58519e-32
1.56501e-31
5.48255e-31
1.9356e-30
6.78938e-30
2.34737e-29
7.95786e-29
2.63674e-28
8.5242e-28
2.68582e-27
8.23015e-27
2.4386e-26
6.90338e-26
1.82771e-25
4.40223e-25
9.35911e-25
1.70026e-24
2.42473e-24
2.97116e-24
3.12318e-24
2.89796e-24
2.51472e-24
2.23649e-24
2.33977e-24
3.09932e-24
5.55869e-24
1.34175e-23
4.14836e-23
1.54283e-22
6.46773e-22
2.88746e-21
1.31761e-20
5.98767e-20
2.66544e-19
1.14913e-18
4.74572e-18
1.85285e-17
6.80553e-17
2.3394e-16
7.49444e-16
2.22942e-15
6.13211e-15
1.54992e-14
3.57025e-14
7.43017e-14
1.38771e-13
2.31921e-13
3.47216e-13
4.62472e-13
5.61642e-13
6.22907e-13
6.33399e-13
5.9298e-13
5.13303e-13
4.1287e-13
3.10409e-13
2.13891e-13
1.3886e-13
8.56279e-14
5.05745e-14
2.88357e-14
1.59766e-14
8.63834e-15
4.5527e-15
2.30109e-15
1.03972e-15
2.7878e-16
7.14635e-42
2.43933e-41
4.90437e-41
8.71766e-41
1.48147e-40
2.46589e-40
4.0546e-40
6.60664e-40
1.06806e-39
1.71403e-39
2.73137e-39
4.32323e-39
6.79935e-39
1.06313e-38
1.65383e-38
2.56239e-38
3.96021e-38
6.10997e-38
9.40897e-38
1.44907e-37
2.23811e-37
3.48046e-37
5.48047e-37
8.81017e-37
1.46257e-36
2.54477e-36
4.7297e-36
9.60396e-36
2.1809e-35
5.63428e-35
1.66099e-34
5.50723e-34
1.99869e-33
7.6988e-33
3.06522e-32
1.23419e-31
4.91659e-31
1.91145e-30
7.20584e-30
2.62631e-29
9.24527e-29
3.14429e-28
1.03406e-27
3.2897e-27
1.01013e-26
2.96984e-26
8.2203e-26
2.08634e-25
4.7134e-25
9.22328e-25
1.52671e-24
1.96209e-24
2.18925e-24
2.17217e-24
2.03765e-24
1.98586e-24
2.26764e-24
3.26183e-24
6.22778e-24
1.56925e-23
4.99351e-23
1.89331e-22
8.03479e-22
3.61252e-21
1.65442e-20
7.52765e-20
3.34966e-19
1.44176e-18
5.90268e-18
2.28421e-17
8.30737e-17
2.82508e-16
8.94687e-16
2.62901e-15
7.13546e-15
1.77701e-14
4.02629e-14
8.2292e-14
1.50797e-13
2.47223e-13
3.63306e-13
4.75828e-13
5.69022e-13
6.22274e-13
6.24683e-13
5.78072e-13
4.95395e-13
3.95607e-13
2.92582e-13
2.00427e-13
1.29375e-13
7.93832e-14
4.66947e-14
2.65364e-14
1.46646e-14
7.91274e-15
4.16355e-15
2.10176e-15
9.48825e-16
2.54305e-16
2.28234e-42
7.72842e-42
1.53048e-41
2.66384e-41
4.41243e-41
7.13306e-41
1.13565e-40
1.7867e-40
2.7811e-40
4.28456e-40
6.5334e-40
9.86042e-40
1.47289e-39
2.17763e-39
3.18723e-39
4.61973e-39
6.63551e-39
9.45432e-39
1.33967e-38
1.88594e-38
2.64141e-38
3.6978e-38
5.21555e-38
7.50685e-38
1.12478e-37
1.8071e-37
3.24444e-37
6.84238e-37
1.76458e-36
5.58254e-36
2.08319e-35
8.66063e-35
3.81774e-34
1.72445e-33
7.79385e-33
3.46798e-32
1.49542e-31
6.20136e-31
2.4662e-30
9.39843e-30
3.43349e-29
1.20387e-28
4.05824e-28
1.31737e-27
4.11724e-27
1.2328e-26
3.49219e-26
9.13846e-26
2.14642e-25
4.40062e-25
7.70998e-25
1.14176e-24
1.41733e-24
1.48841e-24
1.51959e-24
1.65696e-24
2.10867e-24
3.33313e-24
6.86505e-24
1.8242e-23
6.01433e-23
2.33256e-22
1.0029e-21
4.53805e-21
2.08285e-20
9.47193e-20
4.20415e-19
1.80156e-18
7.33104e-18
2.81707e-17
1.01623e-16
3.42429e-16
1.07345e-15
3.11876e-15
8.35673e-15
2.05051e-14
4.56719e-14
9.15807e-14
1.6443e-13
2.64036e-13
3.80242e-13
4.88909e-13
5.74862e-13
6.19077e-13
6.12923e-13
5.60266e-13
4.75153e-13
3.76272e-13
2.73142e-13
1.85767e-13
1.19251e-13
7.28551e-14
4.2711e-14
2.4211e-14
1.33545e-14
7.19608e-15
3.78281e-15
1.9083e-15
8.61123e-16
2.30763e-16
6.97785e-43
2.34389e-42
4.57096e-42
7.78639e-42
1.25613e-41
1.97004e-41
3.033e-41
4.60049e-41
6.88337e-41
1.01615e-40
1.47974e-40
2.12471e-40
3.00661e-40
4.19052e-40
5.74925e-40
7.75953e-40
1.02964e-39
1.34269e-39
1.72076e-39
2.16846e-39
2.70336e-39
3.34512e-39
4.14668e-39
5.264e-39
7.1536e-39
1.12838e-38
2.30046e-38
6.49994e-38
2.42429e-37
1.0681e-36
5.09053e-36
2.49773e-35
1.22941e-34
5.97272e-34
2.83156e-33
1.29808e-32
5.69649e-32
2.38437e-31
9.53826e-31
3.65215e-30
1.34032e-29
4.72171e-29
1.59953e-28
5.2195e-28
1.64115e-27
4.95394e-27
1.42051e-26
3.78774e-26
9.14069e-26
1.94325e-25
3.5675e-25
5.62852e-25
7.68204e-25
9.56287e-25
1.0792e-24
1.34504e-24
1.91027e-24
3.38216e-24
7.6309e-24
2.171e-23
7.52147e-23
3.01811e-22
1.32594e-21
6.07646e-21
2.80938e-20
1.28273e-19
5.70449e-19
2.42414e-18
9.7686e-18
3.70994e-17
1.32035e-16
4.38313e-16
1.35212e-15
3.86113e-15
1.01522e-14
2.43915e-14
5.30745e-14
1.03786e-13
1.81604e-13
2.84393e-13
3.9892e-13
5.02074e-13
5.79398e-13
6.13729e-13
5.98786e-13
5.40279e-13
4.52901e-13
3.54651e-13
2.54394e-13
1.71482e-13
1.09387e-13
6.65413e-14
3.89035e-14
2.20193e-14
1.21382e-14
6.54094e-15
3.44003e-15
1.73656e-15
7.84146e-16
2.10232e-16
2.45631e-43
8.173e-43
1.56587e-42
2.60246e-42
4.07406e-42
6.17386e-42
9.15166e-42
1.33224e-41
1.90706e-41
2.6846e-41
3.71465e-41
5.04813e-41
6.73082e-41
8.79419e-41
1.12433e-40
1.40427e-40
1.71024e-40
2.02698e-40
2.33347e-40
2.60602e-40
2.82729e-40
2.99127e-40
3.14069e-40
3.47204e-40
4.55943e-40
8.47504e-40
2.47393e-39
1.05553e-38
5.20139e-38
2.70089e-37
1.42797e-36
7.58171e-36
4.00894e-35
2.09675e-34
1.07556e-33
5.34504e-33
2.52192e-32
1.04653e-31
4.09727e-31
1.53238e-30
5.50222e-30
1.90283e-29
6.35388e-29
2.05249e-28
6.41594e-28
1.93416e-27
5.56912e-27
1.50261e-26
3.70901e-26
8.17879e-26
1.58442e-25
2.68869e-25
4.06016e-25
5.69166e-25
7.83364e-25
1.1125e-24
1.83233e-24
3.67754e-24
9.19002e-24
2.82235e-23
1.03292e-22
4.29508e-22
1.92485e-21
8.89997e-21
4.12143e-20
1.8752e-19
8.26345e-19
3.46573e-18
1.37575e-17
5.13669e-17
1.79425e-16
5.83827e-16
1.76329e-15
4.92272e-15
1.26278e-14
2.95252e-14
6.23883e-14
1.18373e-13
2.01169e-13
3.06699e-13
4.15626e-13
5.15559e-13
5.85786e-13
6.11686e-13
5.89295e-13
5.25824e-13
4.36317e-13
3.38131e-13
2.40405e-13
1.60957e-13
1.02194e-13
6.19923e-14
3.61986e-14
2.04872e-14
1.1303e-14
6.09957e-15
3.21353e-15
1.62515e-15
7.34972e-16
1.9724e-16
)
;

boundaryField
{
    fuel
    {
        type            fixedValue;
        value           uniform 0;
    }
    air
    {
        type            fixedValue;
        value           uniform 0;
    }
    outlet
    {
        type            inletOutlet;
        inletValue      uniform 0;
        value           nonuniform List<scalar> 
200
(
2.20945e-43
7.34729e-43
1.40609e-42
2.33324e-42
3.64554e-42
5.51227e-42
8.15099e-42
1.18343e-41
1.68923e-41
2.37073e-41
3.26971e-41
4.42801e-41
5.88197e-41
7.65422e-41
9.74327e-41
1.21115e-40
1.46737e-40
1.72912e-40
1.97775e-40
2.19282e-40
2.35976e-40
2.47353e-40
2.57159e-40
2.82113e-40
3.69582e-40
6.94435e-40
0
0
0
0
0
0
0
0
0
0
0
9.2255e-32
3.62911e-31
1.36238e-30
4.9101e-30
1.7044e-29
5.71227e-29
1.85194e-28
5.81013e-28
1.75817e-27
5.08341e-27
1.37811e-26
3.42045e-26
7.59061e-26
1.48148e-25
2.53634e-25
3.87003e-25
5.48816e-25
7.64684e-25
1.0971e-24
1.82486e-24
3.69193e-24
9.28097e-24
2.86227e-23
1.05043e-22
4.37446e-22
1.96155e-21
9.0696e-21
4.1987e-20
1.90951e-19
8.40741e-19
3.52335e-18
1.3976e-17
5.21467e-17
1.82032e-16
5.91963e-16
1.78691e-15
4.98627e-15
1.27854e-14
2.98832e-14
6.31265e-14
1.19748e-13
2.03473e-13
3.10186e-13
4.20336e-13
5.2139e-13
5.92411e-13
6.18613e-13
5.95987e-13
5.31817e-13
4.41311e-13
3.4202e-13
2.43186e-13
1.62831e-13
1.03392e-13
6.27242e-14
3.66293e-14
2.07331e-14
1.14398e-14
6.17401e-15
3.25308e-15
1.64529e-15
7.44136e-16
1.99706e-16
2.45631e-43
8.173e-43
1.56587e-42
2.60246e-42
4.07406e-42
6.17386e-42
9.15166e-42
1.33224e-41
1.90706e-41
2.6846e-41
3.71465e-41
5.04813e-41
6.73082e-41
8.79419e-41
1.12433e-40
1.40427e-40
1.71024e-40
2.02698e-40
2.33347e-40
2.60602e-40
2.82729e-40
2.99127e-40
3.14069e-40
3.47204e-40
4.55943e-40
8.47504e-40
0
0
0
0
0
0
0
0
0
0
2.52192e-32
1.04653e-31
4.09727e-31
1.53238e-30
5.50222e-30
1.90283e-29
6.35388e-29
2.05249e-28
6.41594e-28
1.93416e-27
5.56912e-27
1.50261e-26
3.70901e-26
8.17879e-26
1.58442e-25
2.68869e-25
4.06016e-25
5.69166e-25
7.83364e-25
1.1125e-24
1.83233e-24
3.67754e-24
9.19002e-24
2.82235e-23
1.03292e-22
4.29508e-22
1.92485e-21
8.89997e-21
4.12143e-20
1.8752e-19
8.26345e-19
3.46573e-18
1.37575e-17
5.13669e-17
1.79425e-16
5.83827e-16
1.76329e-15
4.92272e-15
1.26278e-14
2.95252e-14
6.23883e-14
1.18373e-13
2.01169e-13
3.06699e-13
4.15626e-13
5.15559e-13
5.85786e-13
6.11686e-13
5.89295e-13
5.25824e-13
4.36317e-13
3.38131e-13
2.40405e-13
1.60957e-13
1.02194e-13
6.19923e-14
3.61986e-14
2.04872e-14
1.1303e-14
6.09957e-15
3.21353e-15
1.62515e-15
7.34972e-16
1.9724e-16
)
;
    }
    frontAndBack
    {
        type            empty;
    }
}


// ************************************************************************* //
