/*--------------------------------*- C++ -*----------------------------------*\
| =========                 |                                                 |
| \\      /  F ield         | OpenFOAM: The Open Source CFD Toolbox           |
|  \\    /   O peration     | Version:  2312                                  |
|   \\  /    A nd           | Website:  www.openfoam.com                      |
|    \\/     M anipulation  |                                                 |
\*---------------------------------------------------------------------------*/
FoamFile
{
    version     2.0;
    format      ascii;
    arch        "LSB;label=64;scalar=64";
    class       volScalarField;
    location    "0.05";
    object      N2;
}
// * * * * * * * * * * * * * * * * * * * * * * * * * * * * * * * * * * * * * //

dimensions      [0 0 0 0 0 0 0];

internalField   nonuniform List<scalar> 
4000
(
0.0087406
0.0284499
0.0505872
0.0752894
0.102676
0.132846
0.165872
0.201795
0.240618
0.282293
0.326721
0.373733
0.42309
0.474465
0.52744
0.581491
0.635983
0.690158
0.74313
0.793871
0.841214
0.883876
0.920526
0.949997
0.971742
0.986257
0.993997
0.996996
0.997972
0.998038
0.997588
0.996602
0.994928
0.992236
0.987998
0.981406
0.971712
0.961796
0.954172
0.947833
0.942361
0.937589
0.933543
0.93039
0.928387
0.92787
0.928794
0.931457
0.935878
0.941851
0.949016
0.956906
0.964973
0.972711
0.979537
0.986005
0.990969
0.994477
0.996792
0.998222
0.999044
0.999468
0.999626
0.999573
0.999289
0.998679
0.99757
0.995721
0.992846
0.988665
0.982963
0.975642
0.966746
0.956448
0.945013
0.932758
0.920013
0.907089
0.894264
0.881818
0.870857
0.860392
0.850482
0.841188
0.832552
0.824595
0.817316
0.810691
0.804176
0.79843
0.793382
0.788973
0.785148
0.781854
0.779039
0.776651
0.774642
0.772968
0.771586
0.770459
0.00845739
0.0275223
0.0489243
0.0727914
0.0992346
0.128346
0.160195
0.194819
0.232221
0.272359
0.315141
0.360416
0.407965
0.457494
0.508624
0.560884
0.613699
0.666392
0.718169
0.768118
0.815211
0.858326
0.896298
0.928053
0.952798
0.970337
0.981541
0.98794
0.990989
0.991761
0.991129
0.989249
0.98623
0.98216
0.977123
0.971262
0.964792
0.958118
0.951507
0.945017
0.938686
0.932642
0.927137
0.922539
0.91928
0.917829
0.918304
0.920806
0.925515
0.932145
0.940218
0.949132
0.95843
0.967301
0.975062
0.982545
0.988771
0.993155
0.996037
0.997813
0.998835
0.999374
0.999602
0.999606
0.999389
0.99888
0.997926
0.996306
0.993741
0.989943
0.984666
0.977773
0.969259
0.959259
0.948016
0.935839
0.923063
0.910019
0.897001
0.884251
0.872158
0.861608
0.851561
0.842116
0.833339
0.825261
0.81789
0.811209
0.804626
0.798803
0.793676
0.789196
0.785312
0.781972
0.779121
0.776706
0.774678
0.77299
0.771597
0.770462
0.0079945
0.0260087
0.0462153
0.0687279
0.0936465
0.121055
0.151015
0.183565
0.218709
0.256414
0.296601
0.339142
0.383849
0.430465
0.478662
0.528027
0.578066
0.628191
0.677731
0.725929
0.771959
0.814932
0.853939
0.888115
0.916766
0.939533
0.956565
0.968415
0.97591
0.979958
0.981307
0.980864
0.978982
0.975833
0.971679
0.966679
0.960944
0.954597
0.947745
0.940521
0.933131
0.925897
0.919255
0.913723
0.909852
0.908193
0.908804
0.911776
0.917251
0.924837
0.933946
0.943684
0.954182
0.963648
0.972296
0.980076
0.987134
0.992161
0.995468
0.997503
0.998676
0.999299
0.999578
0.99962
0.999447
0.999
0.998147
0.996678
0.994325
0.9908
0.985844
0.979292
0.971108
0.961398
0.950381
0.938351
0.925641
0.912582
0.899484
0.886619
0.874246
0.863391
0.853085
0.843418
0.834443
0.826192
0.818678
0.8119
0.805265
0.799337
0.794101
0.789525
0.785562
0.782158
0.779256
0.776801
0.774742
0.773029
0.771618
0.770467
0.00740796
0.0240937
0.0427959
0.0636128
0.0866307
0.111923
0.139544
0.169527
0.201878
0.236572
0.273544
0.312687
0.353842
0.396796
0.441274
0.486937
0.533375
0.580113
0.62661
0.67226
0.716414
0.758394
0.797529
0.833183
0.864781
0.891904
0.914318
0.932028
0.945275
0.954508
0.960292
0.963244
0.963745
0.962763
0.960208
0.956247
0.951046
0.944775
0.937638
0.9299
0.921916
0.914147
0.907149
0.901534
0.897909
0.896883
0.898259
0.902387
0.909184
0.918128
0.928467
0.939312
0.950035
0.960364
0.969793
0.977947
0.985627
0.991229
0.994933
0.997213
0.998527
0.999229
0.999554
0.999629
0.999489
0.99909
0.998311
0.996953
0.99476
0.991442
0.986734
0.980453
0.972542
0.963079
0.952265
0.940383
0.927754
0.914709
0.901561
0.888592
0.876074
0.865022
0.854526
0.844677
0.835529
0.82711
0.819431
0.812502
0.805986
0.799901
0.794539
0.789866
0.785826
0.782359
0.779405
0.776908
0.774814
0.773074
0.771642
0.770474
0.00675997
0.0219799
0.0390267
0.0579822
0.0789193
0.101899
0.126968
0.154153
0.183462
0.214874
0.248336
0.283761
0.32102
0.35994
0.4003
0.441829
0.484202
0.527042
0.569925
0.612384
0.653923
0.694027
0.732171
0.767836
0.800525
0.829843
0.855492
0.877308
0.895251
0.909411
0.920005
0.927341
0.931767
0.933557
0.9332
0.931141
0.927343
0.922101
0.915765
0.90874
0.901515
0.89466
0.888805
0.8846
0.882648
0.88327
0.886507
0.892652
0.901388
0.912042
0.923048
0.934662
0.946323
0.957472
0.967595
0.976174
0.98431
0.990411
0.994465
0.996958
0.998394
0.999165
0.999531
0.999635
0.999526
0.999173
0.998464
0.997213
0.995171
0.992052
0.987581
0.981559
0.973903
0.964671
0.954045
0.942296
0.92974
0.916708
0.903513
0.890443
0.877782
0.866549
0.855881
0.845872
0.836574
0.828011
0.820185
0.813082
0.806669
0.800423
0.794955
0.790198
0.786087
0.78256
0.779556
0.777017
0.77489
0.773122
0.771667
0.770482
0.00609729
0.0198199
0.0351791
0.0522427
0.0710702
0.0917118
0.114205
0.138572
0.164819
0.192926
0.222852
0.254525
0.287842
0.322664
0.358817
0.396085
0.434217
0.472921
0.511867
0.550692
0.589007
0.626399
0.662449
0.696738
0.728877
0.75852
0.785376
0.80922
0.829901
0.847349
0.861577
0.872669
0.880773
0.88608
0.888842
0.889197
0.888032
0.885289
0.881393
0.876854
0.872222
0.868102
0.865093
0.863888
0.864804
0.868163
0.874323
0.883203
0.894358
0.905749
0.918051
0.930759
0.943327
0.955214
0.965938
0.975169
0.983128
0.989796
0.994133
0.996779
0.9983
0.999119
0.999514
0.99964
0.999554
0.999234
0.998578
0.99741
0.995485
0.992521
0.988241
0.982429
0.974987
0.965954
0.955496
0.943874
0.931401
0.918403
0.905191
0.892047
0.879256
0.867863
0.857052
0.846914
0.837498
0.828823
0.820892
0.813693
0.8072
0.800871
0.795325
0.790498
0.786326
0.782746
0.779697
0.77712
0.774961
0.773167
0.771691
0.770488
0.00545937
0.0177418
0.0314809
0.0467322
0.0635443
0.0819572
0.102001
0.123693
0.147034
0.172011
0.198585
0.226701
0.256275
0.287199
0.319333
0.352511
0.386531
0.421162
0.456144
0.49119
0.525992
0.560226
0.593562
0.62567
0.656232
0.684951
0.711566
0.73585
0.757628
0.77677
0.793206
0.80692
0.817961
0.826439
0.832536
0.836509
0.838693
0.839402
0.839211
0.838545
0.837878
0.837908
0.83892
0.841588
0.846336
0.853444
0.86305
0.875127
0.887574
0.900475
0.91406
0.927798
0.941164
0.953653
0.964822
0.974377
0.982586
0.989459
0.99394
0.99667
0.99824
0.999089
0.999503
0.999645
0.999579
0.999288
0.998679
0.997584
0.995766
0.992944
0.988836
0.983218
0.975972
0.96712
0.956813
0.945305
0.932906
0.919945
0.906733
0.893543
0.880632
0.869008
0.858071
0.847835
0.838324
0.829555
0.821534
0.814249
0.807678
0.801275
0.795661
0.790773
0.786546
0.782918
0.779827
0.777215
0.775026
0.773208
0.771713
0.770495
0.00487363
0.0158349
0.0280901
0.0416854
0.0566602
0.0730466
0.0908679
0.110137
0.130853
0.153004
0.176559
0.201471
0.227672
0.255073
0.283562
0.313004
0.343241
0.374089
0.405345
0.436784
0.468164
0.499232
0.529725
0.559381
0.587941
0.615162
0.640816
0.664702
0.686649
0.706525
0.724239
0.739748
0.753065
0.764263
0.773484
0.780938
0.786907
0.791727
0.795801
0.799566
0.803487
0.808042
0.813678
0.820807
0.829747
0.840682
0.853611
0.868211
0.882061
0.89655
0.911331
0.925964
0.939973
0.952904
0.964378
0.97417
0.982354
0.989339
0.993884
0.996639
0.998221
0.999078
0.9995
0.999651
0.999599
0.99933
0.998757
0.997719
0.995985
0.993276
0.989309
0.98385
0.976769
0.968071
0.957896
0.946488
0.934156
0.921234
0.908048
0.894895
0.882034
0.869722
0.858877
0.848621
0.839046
0.830199
0.822098
0.814738
0.808099
0.801632
0.795959
0.791017
0.786741
0.78307
0.779943
0.7773
0.775085
0.773246
0.771733
0.770501
0.00435744
0.0141554
0.0251061
0.0372487
0.0506161
0.0652345
0.0811225
0.0982898
0.116736
0.136447
0.157397
0.179547
0.202838
0.2272
0.252541
0.278752
0.305706
0.333259
0.361248
0.389496
0.417815
0.446004
0.473857
0.501165
0.527724
0.553335
0.577812
0.600987
0.622715
0.64288
0.661402
0.67824
0.693399
0.706938
0.718973
0.729678
0.739287
0.748083
0.756396
0.764592
0.773055
0.782165
0.792278
0.803696
0.81664
0.83125
0.847681
0.862773
0.878357
0.894206
0.90999
0.925314
0.939759
0.952931
0.964509
0.974317
0.982493
0.989419
0.99392
0.996651
0.998223
0.999078
0.999502
0.999658
0.999616
0.999365
0.998823
0.997833
0.996172
0.993562
0.989718
0.984399
0.977464
0.968903
0.958845
0.947525
0.935248
0.922349
0.909157
0.895976
0.883067
0.870674
0.859713
0.849363
0.839701
0.830772
0.822597
0.815171
0.808471
0.801947
0.796223
0.791233
0.786914
0.783206
0.780045
0.777375
0.775137
0.773279
0.77175
0.770506
0.00391858
0.0127283
0.0225727
0.0334862
0.0454971
0.058628
0.0728946
0.0883044
0.104856
0.122537
0.141326
0.161189
0.182077
0.203931
0.226675
0.250222
0.274469
0.2993
0.324586
0.350187
0.375953
0.401727
0.427347
0.452649
0.477471
0.501655
0.525055
0.547538
0.568988
0.589315
0.608457
0.626384
0.643105
0.658672
0.673182
0.686781
0.699656
0.712036
0.724184
0.736385
0.748933
0.762114
0.776178
0.791319
0.80764
0.825099
0.843403
0.859891
0.876683
0.893493
0.909966
0.925721
0.940382
0.953608
0.965123
0.974781
0.983013
0.989762
0.994105
0.996743
0.998264
0.999095
0.99951
0.999666
0.99963
0.999392
0.998874
0.997923
0.996319
0.993789
0.990046
0.984843
0.978029
0.969585
0.959628
0.948386
0.936159
0.923281
0.910083
0.896873
0.883917
0.871461
0.860427
0.850001
0.840265
0.831266
0.823027
0.815543
0.808793
0.802222
0.796453
0.791422
0.787066
0.783324
0.780135
0.777441
0.775183
0.773308
0.771766
0.77051
0.0035575
0.0115548
0.0204912
0.0303983
0.0413019
0.0532224
0.066174
0.0801636
0.0951902
0.111244
0.128306
0.146346
0.165326
0.185193
0.205888
0.227335
0.249453
0.272146
0.295312
0.318837
0.342603
0.366485
0.390356
0.414086
0.43755
0.460624
0.483196
0.505162
0.526437
0.546954
0.566667
0.585561
0.603648
0.620976
0.637625
0.653713
0.669388
0.684828
0.700231
0.715811
0.731778
0.748329
0.765628
0.783786
0.802871
0.82294
0.840864
0.858809
0.876654
0.89417
0.911063
0.927008
0.941682
0.954796
0.966122
0.975511
0.983793
0.99023
0.994358
0.996872
0.998326
0.999123
0.999523
0.999675
0.999642
0.999415
0.998915
0.997996
0.99644
0.993977
0.990319
0.985215
0.978506
0.970164
0.960295
0.949121
0.936939
0.92408
0.910878
0.897643
0.884646
0.872137
0.86104
0.85055
0.84075
0.831691
0.823397
0.815864
0.809071
0.80246
0.796654
0.791587
0.787198
0.783427
0.780214
0.777498
0.775223
0.773333
0.771779
0.770514
0.00326921
0.0106183
0.0188317
0.0279393
0.0379661
0.0489317
0.06085
0.0737284
0.087567
0.102358
0.118087
0.134727
0.152247
0.170603
0.189742
0.209606
0.230123
0.251216
0.272802
0.294787
0.317078
0.339572
0.36217
0.38477
0.407272
0.429581
0.451612
0.473286
0.49454
0.515325
0.535612
0.555393
0.574683
0.593523
0.611979
0.630143
0.648127
0.666062
0.684095
0.702372
0.721035
0.740207
0.759978
0.780354
0.801183
0.822195
0.840891
0.859577
0.878003
0.895888
0.912944
0.928877
0.943407
0.956292
0.967348
0.976361
0.984727
0.990738
0.994636
0.997015
0.998396
0.999155
0.999538
0.999685
0.999653
0.999432
0.998947
0.998053
0.996535
0.994126
0.990537
0.985514
0.978892
0.970634
0.960841
0.949726
0.937584
0.924745
0.911542
0.898287
0.885256
0.872703
0.861556
0.851013
0.841159
0.83205
0.823709
0.816136
0.809308
0.802664
0.796826
0.791729
0.787312
0.783516
0.780281
0.777547
0.775257
0.773355
0.771791
0.770517
0.00304544
0.00989186
0.0175455
0.026036
0.0353882
0.0456222
0.0567525
0.0687877
0.0817298
0.0955736
0.110307
0.125909
0.142351
0.159599
0.177606
0.196323
0.21569
0.235643
0.25611
0.277016
0.298281
0.319826
0.341566
0.363422
0.385314
0.407169
0.428918
0.450504
0.471878
0.493006
0.513867
0.534459
0.554796
0.574911
0.594855
0.614695
0.634515
0.654406
0.674467
0.694792
0.715469
0.736554
0.758064
0.780022
0.802522
0.822531
0.8422
0.861494
0.880256
0.898271
0.91529
0.931059
0.945336
0.95792
0.968676
0.977465
0.985539
0.991237
0.994915
0.997161
0.998468
0.999189
0.999554
0.999694
0.999662
0.999446
0.998973
0.998098
0.996611
0.994245
0.990713
0.985757
0.979208
0.971021
0.961291
0.950228
0.938121
0.925299
0.912096
0.898826
0.885767
0.873178
0.861989
0.851401
0.841504
0.832352
0.823972
0.816366
0.809509
0.802838
0.796973
0.79185
0.78741
0.783592
0.780339
0.77759
0.775286
0.773374
0.771801
0.77052
0.00287633
0.00934315
0.0165749
0.0246016
0.0334489
0.0431378
0.0536841
0.0650979
0.0773834
0.0905379
0.104552
0.119409
0.135086
0.151551
0.168767
0.186689
0.205267
0.224445
0.244163
0.264356
0.284958
0.3059
0.327114
0.348533
0.370093
0.391734
0.413403
0.435052
0.456646
0.478157
0.499571
0.520885
0.54211
0.563271
0.584404
0.605557
0.626785
0.64815
0.669712
0.691525
0.713618
0.736005
0.758666
0.781505
0.804391
0.824666
0.844627
0.864124
0.882964
0.900926
0.91778
0.933297
0.947266
0.959517
0.969961
0.97854
0.986301
0.991703
0.995175
0.997297
0.998535
0.999221
0.999569
0.999702
0.999669
0.999457
0.998992
0.998132
0.99667
0.994338
0.990851
0.985949
0.979458
0.97133
0.961652
0.950631
0.938554
0.925748
0.912547
0.899266
0.886186
0.873567
0.862346
0.851722
0.841788
0.832602
0.82419
0.816556
0.809676
0.802983
0.797097
0.791953
0.787491
0.783656
0.780387
0.777625
0.775311
0.77339
0.771809
0.770523
0.00275182
0.00893938
0.0158614
0.0235487
0.0320279
0.0413214
0.0514465
0.0624153
0.0742339
0.0869022
0.100413
0.114754
0.129905
0.145839
0.162523
0.179919
0.197982
0.216662
0.235908
0.255662
0.275866
0.296462
0.31739
0.338594
0.360019
0.381614
0.403334
0.425141
0.447003
0.468899
0.490815
0.512747
0.534701
0.556693
0.578747
0.600891
0.623162
0.645593
0.668213
0.691048
0.714117
0.737422
0.760943
0.784563
0.806535
0.827133
0.847342
0.866937
0.885736
0.903549
0.920173
0.935403
0.949054
0.960979
0.97112
0.97953
0.986991
0.992117
0.995404
0.997417
0.998596
0.99925
0.999583
0.999709
0.999675
0.999465
0.999007
0.998159
0.996714
0.99441
0.990959
0.9861
0.979655
0.971574
0.961939
0.950953
0.9389
0.926107
0.912909
0.89962
0.886523
0.873882
0.862636
0.851984
0.842021
0.832806
0.824368
0.816711
0.809813
0.803104
0.797201
0.792038
0.787559
0.783709
0.780427
0.777654
0.775331
0.773403
0.771816
0.770525
0.00266258
0.00865014
0.0153508
0.0227962
0.0310143
0.0400288
0.0498586
0.0605176
0.0720138
0.0843495
0.0975204
0.111516
0.126319
0.141907
0.15825
0.175313
0.193056
0.211436
0.230403
0.249909
0.269899
0.290322
0.311125
0.332256
0.353668
0.375315
0.397157
0.419161
0.441297
0.463545
0.485891
0.508328
0.530857
0.553485
0.576225
0.599092
0.622104
0.645275
0.668619
0.692137
0.715817
0.739635
0.763567
0.787611
0.809008
0.829854
0.850103
0.869637
0.888301
0.905917
0.922293
0.937244
0.950601
0.962231
0.972096
0.9804
0.987584
0.992466
0.995597
0.997519
0.998647
0.999275
0.999595
0.999715
0.999679
0.999472
0.999017
0.998178
0.996748
0.994464
0.99104
0.986214
0.979807
0.971762
0.962161
0.951203
0.93917
0.926389
0.913192
0.899898
0.886789
0.874132
0.862866
0.852193
0.842207
0.832969
0.82451
0.816835
0.809923
0.803202
0.797284
0.792106
0.787614
0.783752
0.78046
0.777678
0.775348
0.773413
0.771822
0.770526
0.00260061
0.00844938
0.0149967
0.0222752
0.0303138
0.0391375
0.0487667
0.0592168
0.0704978
0.0826135
0.095562
0.109335
0.123917
0.139288
0.155422
0.172285
0.189843
0.208052
0.22687
0.246249
0.266141
0.286496
0.307266
0.328404
0.349866
0.371608
0.393594
0.415792
0.438174
0.460718
0.483409
0.506237
0.529198
0.552293
0.575523
0.598896
0.622418
0.646091
0.669911
0.693862
0.717912
0.74201
0.7661
0.790161
0.811529
0.83234
0.852521
0.871946
0.890459
0.907884
0.924039
0.938749
0.951857
0.96324
0.972857
0.981127
0.988058
0.992739
0.995748
0.997599
0.998687
0.999295
0.999604
0.99972
0.999683
0.999476
0.999025
0.998192
0.996772
0.994503
0.9911
0.986299
0.979919
0.971902
0.962327
0.95139
0.939374
0.926602
0.913408
0.90011
0.886992
0.874322
0.863042
0.852352
0.842349
0.833094
0.824619
0.81693
0.810008
0.803278
0.79735
0.79216
0.787657
0.783785
0.780485
0.777696
0.775361
0.773421
0.771826
0.770528
0.00255951
0.00831629
0.0147621
0.0219304
0.029851
0.03855
0.0480489
0.0583644
0.0695077
0.0814845
0.094294
0.107929
0.122378
0.137621
0.153633
0.170384
0.187839
0.205961
0.224706
0.24403
0.263886
0.284229
0.305012
0.32619
0.347719
0.36956
0.391678
0.414038
0.436615
0.459386
0.482333
0.505444
0.528709
0.552125
0.575689
0.599399
0.623253
0.647245
0.671364
0.695582
0.719854
0.744106
0.768248
0.792238
0.813549
0.834299
0.854407
0.873735
0.892121
0.909391
0.925372
0.939898
0.952822
0.96403
0.973486
0.981616
0.988379
0.992933
0.995858
0.997658
0.998717
0.99931
0.999612
0.999724
0.999685
0.999479
0.999031
0.998202
0.996789
0.994531
0.991141
0.986358
0.979998
0.972001
0.962445
0.951525
0.93952
0.926756
0.913564
0.900264
0.88714
0.87446
0.863169
0.852468
0.842453
0.833185
0.824698
0.816999
0.810069
0.803333
0.797397
0.792199
0.787688
0.783809
0.780503
0.77771
0.77537
0.773427
0.77183
0.770528
0.00253453
0.00823542
0.0146197
0.0217213
0.0295708
0.0381949
0.0476159
0.0578515
0.0689139
0.0808095
0.0935388
0.107096
0.12147
0.136642
0.152588
0.169281
0.186686
0.204766
0.223479
0.242784
0.262634
0.282985
0.303792
0.32501
0.346598
0.368516
0.39073
0.413206
0.435917
0.45884
0.481956
0.505248
0.528708
0.552324
0.576092
0.600006
0.624058
0.648238
0.672529
0.6969
0.7213
0.745638
0.769791
0.793681
0.81493
0.835635
0.855693
0.874952
0.893245
0.910405
0.926263
0.940658
0.953449
0.96452
0.973801
0.982051
0.98863
0.993069
0.995932
0.997697
0.998738
0.99932
0.999616
0.999726
0.999687
0.999481
0.999034
0.998208
0.996799
0.994547
0.991167
0.986395
0.980047
0.972063
0.962519
0.951609
0.939613
0.926854
0.913664
0.900362
0.887234
0.874548
0.863252
0.852543
0.84252
0.833244
0.824749
0.817044
0.810109
0.803369
0.797427
0.792224
0.787707
0.783824
0.780514
0.777718
0.775376
0.773431
0.771832
0.770529
0.0025226
0.0081968
0.0145517
0.0216216
0.0294372
0.0380258
0.04741
0.057608
0.0686324
0.0804902
0.0931823
0.106704
0.121043
0.136183
0.152101
0.168768
0.186152
0.204215
0.222917
0.242216
0.262068
0.282427
0.303249
0.324491
0.346111
0.36807
0.390334
0.412869
0.435647
0.458646
0.481844
0.505226
0.528779
0.552493
0.57636
0.600371
0.624517
0.648786
0.673159
0.697603
0.722064
0.746447
0.770603
0.794418
0.815634
0.836322
0.856359
0.875583
0.89383
0.910932
0.926724
0.941052
0.953777
0.964791
0.974021
0.982223
0.988743
0.993137
0.99597
0.997718
0.998748
0.999325
0.999619
0.999728
0.999688
0.999482
0.999035
0.99821
0.996803
0.994554
0.991178
0.98641
0.980068
0.972091
0.962553
0.951649
0.939657
0.9269
0.913712
0.90041
0.88728
0.874591
0.863292
0.85258
0.842553
0.833273
0.824775
0.817066
0.810128
0.803386
0.797442
0.792236
0.787717
0.783831
0.78052
0.777722
0.775379
0.773433
0.771833
0.770529
0.0025222
0.0081955
0.0145494
0.0216182
0.0294326
0.0380198
0.0474026
0.057599
0.0686217
0.0804776
0.0931678
0.106687
0.121024
0.136162
0.152077
0.168742
0.186123
0.204184
0.222884
0.24218
0.262029
0.282386
0.303206
0.324446
0.346065
0.368023
0.390286
0.412821
0.4356
0.4586
0.4818
0.505185
0.528742
0.55246
0.576331
0.600348
0.6245
0.648776
0.673155
0.697605
0.722073
0.746462
0.770623
0.794436
0.815653
0.836343
0.856383
0.875609
0.893856
0.910957
0.926749
0.941075
0.953798
0.964809
0.974036
0.982234
0.98875
0.993142
0.995973
0.997719
0.998749
0.999325
0.999619
0.999728
0.999688
0.999482
0.999035
0.99821
0.996803
0.994554
0.991177
0.986409
0.980067
0.97209
0.962551
0.951647
0.939655
0.926899
0.913711
0.900409
0.887279
0.87459
0.863291
0.852579
0.842552
0.833272
0.824774
0.817065
0.810127
0.803386
0.797442
0.792236
0.787717
0.783831
0.78052
0.777722
0.775379
0.773433
0.771833
0.770529
0.00253333
0.00823152
0.0146128
0.0217111
0.0295568
0.0381769
0.0475935
0.0578243
0.0688816
0.0807716
0.093495
0.107046
0.121413
0.136578
0.152517
0.169202
0.186599
0.204671
0.223377
0.242674
0.262517
0.282861
0.303661
0.324873
0.346456
0.368372
0.390583
0.413059
0.435773
0.4587
0.481821
0.505123
0.528592
0.552222
0.576005
0.599935
0.624006
0.648205
0.672516
0.696908
0.721327
0.745683
0.769848
0.793738
0.81499
0.835702
0.855766
0.875029
0.893324
0.910483
0.926337
0.940727
0.95351
0.964573
0.973844
0.982084
0.988653
0.993084
0.995941
0.997703
0.998741
0.999321
0.999617
0.999727
0.999687
0.999481
0.999033
0.998207
0.996798
0.994546
0.991165
0.986392
0.980043
0.972059
0.962514
0.951605
0.939609
0.926849
0.91366
0.900359
0.887231
0.874545
0.863249
0.852541
0.842518
0.833242
0.824748
0.817043
0.810108
0.803368
0.797427
0.792223
0.787707
0.783824
0.780514
0.777718
0.775376
0.773431
0.771832
0.770529
0.0025575
0.00830973
0.0147505
0.0219132
0.0298276
0.0385197
0.0480112
0.0583187
0.0694533
0.0814207
0.0942202
0.107845
0.122282
0.137513
0.153512
0.170251
0.187693
0.205801
0.224532
0.243842
0.263686
0.284016
0.304787
0.325955
0.347476
0.369311
0.391424
0.413784
0.436363
0.45914
0.482096
0.505221
0.528504
0.551941
0.57553
0.599269
0.623154
0.64718
0.671332
0.695585
0.719891
0.744173
0.768336
0.792332
0.813651
0.834411
0.854529
0.873864
0.892252
0.909521
0.925496
0.940013
0.952925
0.964119
0.973559
0.981673
0.988419
0.992959
0.995874
0.997667
0.998723
0.999312
0.999613
0.999724
0.999686
0.999479
0.99903
0.998201
0.996787
0.994528
0.991138
0.986353
0.979992
0.971995
0.962438
0.951517
0.939513
0.926749
0.913558
0.900258
0.887134
0.874455
0.863165
0.852465
0.84245
0.833183
0.824696
0.816997
0.810067
0.803332
0.797396
0.792198
0.787687
0.783808
0.780503
0.77771
0.77537
0.773427
0.77183
0.770528
0.00259776
0.0084401
0.0149802
0.0222507
0.0302805
0.0390946
0.0487133
0.059152
0.0704205
0.0825229
0.095457
0.109214
0.12378
0.139134
0.15525
0.172094
0.189632
0.207822
0.226619
0.245978
0.265849
0.286185
0.306938
0.32806
0.349507
0.371239
0.393217
0.415412
0.437795
0.460345
0.483048
0.505895
0.52888
0.552004
0.575269
0.598683
0.622249
0.64597
0.669841
0.693843
0.717942
0.742084
0.766207
0.790287
0.81167
0.832497
0.85269
0.872126
0.890643
0.908066
0.924214
0.938911
0.952003
0.963366
0.972962
0.981208
0.988115
0.992777
0.995771
0.997612
0.998695
0.999299
0.999606
0.999721
0.999683
0.999476
0.999024
0.998191
0.99677
0.9945
0.991095
0.986293
0.979911
0.971893
0.962317
0.95138
0.939364
0.926592
0.913399
0.900102
0.886985
0.874315
0.863036
0.852347
0.842345
0.833091
0.824616
0.816928
0.810006
0.803277
0.797348
0.792159
0.787656
0.783784
0.780484
0.777696
0.77536
0.773421
0.771826
0.770528
0.00265885
0.008638
0.0153292
0.0227642
0.0309708
0.0399726
0.0497886
0.0604325
0.0719124
0.0842304
0.0973822
0.111357
0.126139
0.141703
0.158021
0.175059
0.192775
0.211127
0.230066
0.249543
0.269505
0.2899
0.310677
0.331784
0.353173
0.374802
0.396631
0.418626
0.44076
0.463013
0.48537
0.507828
0.530385
0.55305
0.575835
0.598756
0.621826
0.645062
0.668474
0.692062
0.71581
0.739691
0.763675
0.787758
0.809169
0.830043
0.850314
0.869863
0.888534
0.906149
0.922517
0.937453
0.950789
0.962395
0.972233
0.980508
0.98766
0.992516
0.995628
0.997537
0.998657
0.99928
0.999597
0.999716
0.99968
0.999471
0.999016
0.998176
0.996745
0.994459
0.991034
0.986207
0.979798
0.971751
0.962149
0.951191
0.939158
0.926377
0.913181
0.899888
0.88678
0.874124
0.862859
0.852187
0.842202
0.832965
0.824507
0.816833
0.809921
0.8032
0.797283
0.792105
0.787613
0.783751
0.780459
0.777678
0.775348
0.773413
0.771822
0.770526
0.00274714
0.00892418
0.0158344
0.0235086
0.0319734
0.0412509
0.0513586
0.0623083
0.0741062
0.0867519
0.100239
0.114553
0.129676
0.14558
0.162232
0.179594
0.197621
0.216264
0.235472
0.255187
0.275352
0.295909
0.3168
0.337968
0.35936
0.380926
0.402622
0.424412
0.446265
0.46816
0.490084
0.512035
0.53402
0.556055
0.578161
0.600371
0.622717
0.645231
0.667939
0.690866
0.71403
0.73743
0.761059
0.784897
0.80653
0.827299
0.84757
0.867194
0.886009
0.903825
0.920442
0.935656
0.949284
0.961181
0.97129
0.979666
0.987088
0.992181
0.995444
0.99744
0.998608
0.999257
0.999586
0.999711
0.999675
0.999465
0.999005
0.998156
0.996711
0.994404
0.990951
0.986091
0.979645
0.971562
0.961926
0.950939
0.938887
0.926094
0.912896
0.899609
0.886513
0.873873
0.862628
0.851978
0.842016
0.832801
0.824364
0.816708
0.80981
0.803102
0.797199
0.792036
0.787558
0.783708
0.780427
0.777654
0.775331
0.773402
0.771816
0.770525
0.00287063
0.00932463
0.016542
0.0245528
0.0333823
0.0430516
0.0535764
0.0649667
0.0772264
0.0903529
0.104336
0.119161
0.134802
0.151228
0.168403
0.186282
0.204814
0.223943
0.243611
0.263752
0.2843
0.305189
0.326351
0.347719
0.369231
0.390828
0.412459
0.434077
0.455649
0.477148
0.498563
0.51989
0.541144
0.562349
0.583542
0.60477
0.626089
0.647556
0.669234
0.691168
0.713385
0.735897
0.75868
0.781613
0.80452
0.824838
0.844848
0.864388
0.883257
0.901232
0.918085
0.933588
0.947533
0.959754
0.970162
0.978704
0.986419
0.991781
0.995223
0.997325
0.998551
0.999229
0.999573
0.999704
0.999669
0.999456
0.99899
0.99813
0.996666
0.994332
0.990843
0.98594
0.979447
0.971317
0.961638
0.950617
0.93854
0.925734
0.912534
0.899254
0.886175
0.873558
0.862338
0.851716
0.841783
0.832597
0.824186
0.816552
0.809673
0.802981
0.797096
0.791951
0.78749
0.783655
0.780387
0.777625
0.775311
0.773389
0.771809
0.770523
0.00303861
0.00986967
0.0175061
0.0259773
0.0353082
0.0455185
0.0566227
0.0686293
0.0815398
0.0953491
0.110045
0.125606
0.142004
0.159203
0.177159
0.19582
0.215128
0.235019
0.25542
0.276258
0.297453
0.318926
0.340595
0.36238
0.384204
0.405995
0.427686
0.449221
0.470555
0.491655
0.512503
0.533098
0.553456
0.573612
0.593618
0.613542
0.633465
0.653479
0.673679
0.694156
0.714994
0.736242
0.7579
0.779989
0.802584
0.822658
0.842389
0.861741
0.880548
0.898588
0.915615
0.931376
0.945631
0.958184
0.968904
0.977654
0.985677
0.991329
0.994972
0.997194
0.998486
0.999199
0.999559
0.999696
0.999662
0.999446
0.998971
0.998095
0.996607
0.994239
0.990705
0.985747
0.979196
0.971008
0.961277
0.950213
0.938106
0.925285
0.912083
0.898814
0.885757
0.873169
0.861981
0.851395
0.841498
0.832347
0.823968
0.816362
0.809506
0.802836
0.796972
0.791849
0.787408
0.783591
0.780338
0.777589
0.775286
0.773374
0.771801
0.77052
0.00326114
0.0105921
0.0187851
0.0278699
0.0378712
0.0488085
0.0606955
0.0735393
0.0873399
0.102089
0.117772
0.134362
0.151827
0.170123
0.189198
0.208992
0.229435
0.25045
0.271952
0.29385
0.316049
0.338451
0.360954
0.383459
0.405867
0.428088
0.450035
0.471634
0.492823
0.513557
0.533811
0.553577
0.572875
0.591747
0.610263
0.628512
0.64661
0.664686
0.682883
0.701344
0.720207
0.73959
0.759581
0.780176
0.801186
0.82216
0.840944
0.859739
0.878248
0.896186
0.913265
0.929198
0.943711
0.95657
0.967596
0.976574
0.98489
0.990849
0.994704
0.997054
0.998417
0.999166
0.999543
0.999687
0.999653
0.999432
0.998946
0.99805
0.996531
0.99412
0.990529
0.985504
0.978881
0.970622
0.960827
0.949712
0.93757
0.924732
0.91153
0.898276
0.885246
0.872695
0.861549
0.851006
0.841154
0.832046
0.823706
0.816134
0.809306
0.802662
0.796824
0.791728
0.787311
0.783516
0.780281
0.777547
0.775257
0.773355
0.771791
0.770517
0.00354808
0.0115241
0.0204367
0.0303169
0.0411905
0.0530777
0.0659922
0.0799406
0.0949216
0.110925
0.127931
0.145911
0.164824
0.184619
0.205235
0.226597
0.248623
0.271219
0.29428
0.317696
0.341348
0.365112
0.388862
0.41247
0.435812
0.458768
0.481226
0.503088
0.524269
0.544707
0.564361
0.583217
0.601292
0.618637
0.635336
0.651507
0.667301
0.682894
0.698484
0.714279
0.730485
0.747292
0.764853
0.783269
0.802582
0.822797
0.840837
0.858891
0.876831
0.894419
0.911356
0.927319
0.941987
0.955082
0.96638
0.975734
0.983968
0.99035
0.994433
0.996914
0.998349
0.999135
0.999529
0.999678
0.999643
0.999414
0.998913
0.997993
0.996436
0.993971
0.990311
0.985206
0.978496
0.970152
0.960282
0.949108
0.936927
0.924069
0.910868
0.897634
0.884637
0.87213
0.861034
0.850545
0.840745
0.831687
0.823394
0.815862
0.809069
0.802458
0.796652
0.791586
0.787198
0.783427
0.780213
0.777498
0.775223
0.773333
0.771779
0.770514
0.00390772
0.0126929
0.0225097
0.0333921
0.0453682
0.0584601
0.0726832
0.0880446
0.104542
0.122164
0.140888
0.160678
0.181487
0.203254
0.225904
0.249349
0.273486
0.298198
0.323359
0.348827
0.374454
0.400084
0.425556
0.450708
0.475379
0.499415
0.522672
0.545018
0.566345
0.586563
0.605616
0.623478
0.640162
0.655726
0.670271
0.683944
0.696935
0.709475
0.721824
0.734265
0.747087
0.760567
0.774947
0.790411
0.807047
0.824778
0.84318
0.859792
0.876724
0.893648
0.910199
0.925996
0.94067
0.953887
0.965378
0.975
0.983197
0.989888
0.994183
0.996788
0.998289
0.999108
0.999516
0.999669
0.999631
0.999392
0.998872
0.997921
0.996316
0.993784
0.99004
0.984835
0.97802
0.969576
0.959618
0.948376
0.936149
0.923272
0.910075
0.896866
0.88391
0.871456
0.860422
0.849997
0.840261
0.831263
0.823024
0.815541
0.808791
0.802221
0.796452
0.791421
0.787066
0.783324
0.780135
0.77744
0.775183
0.773308
0.771766
0.77051
0.00434509
0.0141152
0.0250344
0.0371415
0.0504689
0.0650425
0.0808804
0.0979918
0.116375
0.136018
0.156892
0.178957
0.202156
0.226417
0.251647
0.277739
0.304565
0.33198
0.359823
0.387918
0.416075
0.444096
0.471777
0.498911
0.525295
0.550731
0.575038
0.598051
0.619628
0.639659
0.658065
0.674812
0.68991
0.703423
0.715471
0.726235
0.73595
0.744901
0.753419
0.761867
0.770625
0.780066
0.790535
0.802321
0.815627
0.830561
0.847228
0.862509
0.87826
0.894246
0.910133
0.925524
0.940002
0.953175
0.964717
0.974435
0.982725
0.989573
0.994003
0.996696
0.998248
0.99909
0.999508
0.999661
0.999617
0.999365
0.998821
0.997831
0.996169
0.993558
0.989713
0.984393
0.977457
0.968896
0.958838
0.947518
0.935241
0.922342
0.909151
0.89597
0.883062
0.87067
0.85971
0.84936
0.839698
0.83077
0.822595
0.815169
0.80847
0.801946
0.796222
0.791232
0.786914
0.783205
0.780045
0.777375
0.775137
0.773279
0.77175
0.770506
0.00485982
0.0157899
0.0280097
0.0415651
0.0564948
0.0728307
0.0905953
0.109801
0.130447
0.152519
0.175987
0.200804
0.2269
0.254186
0.282551
0.311859
0.341952
0.372646
0.40374
0.435008
0.466211
0.497095
0.527401
0.556867
0.585238
0.612272
0.637743
0.661454
0.683238
0.702965
0.720549
0.735951
0.749189
0.760342
0.769556
0.777049
0.783103
0.788061
0.792325
0.796334
0.80055
0.805442
0.811454
0.818983
0.828328
0.839652
0.852923
0.867772
0.881792
0.896441
0.911355
0.926083
0.940149
0.953101
0.964555
0.974278
0.982557
0.989475
0.993959
0.99668
0.998244
0.99909
0.999505
0.999653
0.9996
0.99933
0.998756
0.997718
0.995983
0.993274
0.989307
0.983847
0.976765
0.968067
0.957892
0.946484
0.934153
0.921231
0.908045
0.894892
0.882032
0.869719
0.858874
0.848619
0.839044
0.830197
0.822096
0.814737
0.808098
0.801631
0.795958
0.791016
0.786741
0.78307
0.779942
0.7773
0.775085
0.773246
0.771733
0.770501
0.00544418
0.0176923
0.0313924
0.0465997
0.063362
0.081719
0.1017
0.123321
0.146585
0.171474
0.197953
0.225964
0.255423
0.286221
0.31822
0.351252
0.385118
0.419586
0.454397
0.489266
0.523885
0.557933
0.591082
0.623004
0.653382
0.681924
0.708367
0.732491
0.754119
0.773126
0.789442
0.803055
0.814017
0.822442
0.828517
0.832503
0.834743
0.835569
0.835507
0.835051
0.834662
0.834953
0.836342
0.839417
0.844581
0.852103
0.862119
0.874724
0.88699
0.900193
0.913958
0.927818
0.941262
0.953793
0.964972
0.974511
0.98272
0.98956
0.994004
0.996707
0.998261
0.999099
0.999508
0.999647
0.99958
0.999289
0.998679
0.997584
0.995765
0.992943
0.988836
0.983217
0.975972
0.96712
0.956813
0.945305
0.932906
0.919945
0.906733
0.893543
0.880632
0.869007
0.85807
0.847834
0.838323
0.829555
0.821533
0.814248
0.807677
0.801275
0.795661
0.790773
0.786546
0.782917
0.779827
0.777215
0.775026
0.773208
0.771713
0.770495
0.00608091
0.0197664
0.0350835
0.0520995
0.0708732
0.0914541
0.113879
0.138171
0.164333
0.192347
0.22217
0.25373
0.286924
0.321614
0.357626
0.394745
0.43272
0.47126
0.510037
0.548692
0.586836
0.624059
0.659942
0.694073
0.726062
0.755568
0.782301
0.806037
0.826625
0.843995
0.858156
0.869191
0.877245
0.882511
0.885241
0.885585
0.884425
0.881713
0.877888
0.873471
0.86902
0.865134
0.862422
0.861608
0.862843
0.866602
0.873156
0.882385
0.893716
0.905363
0.917839
0.930677
0.943338
0.955283
0.966029
0.975233
0.983261
0.98988
0.994184
0.996809
0.998317
0.999128
0.999518
0.999642
0.999555
0.999235
0.998579
0.99741
0.995486
0.992523
0.988243
0.982432
0.974991
0.965958
0.955501
0.943879
0.931406
0.918408
0.905195
0.89205
0.879258
0.867865
0.857052
0.846915
0.837498
0.828823
0.820892
0.813693
0.8072
0.800871
0.795325
0.790498
0.786327
0.782746
0.779697
0.77712
0.774961
0.773167
0.771691
0.770488
0.00674261
0.0219232
0.0389254
0.0578304
0.0787103
0.101626
0.126622
0.153728
0.182948
0.214262
0.247617
0.282925
0.320059
0.358845
0.399065
0.440447
0.482668
0.525356
0.568087
0.610397
0.651795
0.691767
0.729794
0.765356
0.797964
0.827224
0.852838
0.874644
0.892597
0.906781
0.917403
0.92476
0.929188
0.930954
0.93056
0.92844
0.924575
0.919276
0.912907
0.90589
0.898728
0.891999
0.886336
0.882387
0.880757
0.881655
0.885245
0.891732
0.900755
0.911598
0.922747
0.934483
0.946245
0.957464
0.967626
0.976219
0.984373
0.990461
0.994499
0.996979
0.998406
0.999172
0.999534
0.999637
0.999527
0.999174
0.998465
0.997215
0.995174
0.992056
0.987586
0.981565
0.97391
0.964679
0.954054
0.942304
0.929749
0.916716
0.90352
0.890449
0.877787
0.866552
0.855884
0.845874
0.836575
0.828012
0.820186
0.813082
0.80667
0.800424
0.794955
0.790198
0.786087
0.78256
0.779556
0.777017
0.77489
0.773122
0.771667
0.770482
0.00738989
0.0240346
0.0426905
0.0634547
0.0864133
0.111639
0.139185
0.169086
0.201346
0.235939
0.272803
0.311829
0.352861
0.395685
0.440028
0.485553
0.531855
0.57846
0.62483
0.670367
0.714423
0.756328
0.795415
0.83105
0.862662
0.889832
0.912324
0.930136
0.943499
0.952846
0.95873
0.961753
0.962284
0.961291
0.958687
0.954636
0.949322
0.942929
0.935677
0.927847
0.919811
0.912044
0.905111
0.899625
0.89619
0.895409
0.897005
0.901409
0.908458
0.917605
0.928251
0.939006
0.949868
0.96028
0.969762
0.977939
0.985638
0.991247
0.99495
0.997226
0.998535
0.999234
0.999557
0.99963
0.99949
0.999091
0.998313
0.996956
0.994764
0.991449
0.986743
0.980464
0.972554
0.963092
0.952279
0.940396
0.927766
0.91472
0.901571
0.888601
0.876081
0.865027
0.85453
0.84468
0.835531
0.827111
0.819432
0.812503
0.805988
0.799902
0.79454
0.789867
0.785826
0.782359
0.779405
0.776908
0.774814
0.773074
0.771642
0.770474
0.00797594
0.0259481
0.046107
0.0685657
0.0934235
0.120764
0.150649
0.183115
0.218167
0.255772
0.295853
0.338281
0.382868
0.429362
0.477435
0.526679
0.576601
0.62662
0.676068
0.724195
0.770181
0.813145
0.852184
0.886437
0.915208
0.938129
0.955335
0.967356
0.974998
0.979158
0.980584
0.980172
0.978304
0.975139
0.970939
0.965859
0.960018
0.953544
0.946555
0.939197
0.931693
0.924381
0.91771
0.912205
0.908417
0.906903
0.907652
0.910815
0.916482
0.924245
0.933519
0.943311
0.953966
0.963501
0.972199
0.980014
0.987105
0.992153
0.995468
0.997506
0.998678
0.999301
0.99958
0.999622
0.999448
0.999003
0.998151
0.996683
0.994333
0.99081
0.985856
0.979306
0.971124
0.961415
0.950398
0.938368
0.925656
0.912596
0.899496
0.886629
0.874255
0.863398
0.853091
0.843422
0.834447
0.826195
0.81868
0.811902
0.805267
0.799339
0.794102
0.789526
0.785563
0.782159
0.779257
0.776802
0.774742
0.773029
0.771618
0.770467
0.00843853
0.0274607
0.0488143
0.0726267
0.0990086
0.128052
0.159825
0.194365
0.231676
0.271717
0.314396
0.359562
0.407
0.456416
0.507435
0.559589
0.612308
0.664919
0.716634
0.76655
0.813645
0.856805
0.894874
0.926782
0.951732
0.9695
0.980923
0.987477
0.990622
0.99144
0.990819
0.988928
0.985874
0.981754
0.976658
0.970727
0.964166
0.957418
0.950715
0.944122
0.937688
0.931553
0.925986
0.921362
0.918121
0.916738
0.917292
0.919915
0.92476
0.931531
0.939736
0.94877
0.958165
0.967134
0.974918
0.982449
0.988717
0.993129
0.996027
0.997809
0.998835
0.999374
0.999603
0.999607
0.999391
0.998882
0.997929
0.996311
0.993748
0.989952
0.984677
0.977785
0.969272
0.959273
0.94803
0.935852
0.923076
0.910031
0.897011
0.88426
0.87217
0.861617
0.851569
0.842123
0.833344
0.825265
0.817893
0.811211
0.804629
0.798804
0.793677
0.789197
0.785313
0.781973
0.779121
0.776707
0.774678
0.77299
0.771597
0.770462
0.00872146
0.0283874
0.0504757
0.0751226
0.102447
0.132548
0.165498
0.201339
0.240071
0.281651
0.325978
0.372886
0.422136
0.473406
0.52628
0.580238
0.634651
0.688765
0.741701
0.792437
0.839815
0.882558
0.919345
0.949013
0.971011
0.985784
0.993747
0.996857
0.997877
0.99795
0.997489
0.996471
0.994743
0.991968
0.987616
0.980828
0.970178
0.96102
0.953468
0.947091
0.941556
0.936718
0.932612
0.929418
0.9274
0.9269
0.927861
0.930589
0.935095
0.941167
0.948433
0.956423
0.964578
0.972396
0.979277
0.985838
0.990877
0.994429
0.996769
0.998212
0.99904
0.999467
0.999627
0.999574
0.999291
0.998682
0.997575
0.995729
0.992858
0.98868
0.982981
0.975662
0.966768
0.956471
0.945036
0.93278
0.920034
0.907108
0.894282
0.881834
0.870872
0.860405
0.850493
0.841197
0.83256
0.824602
0.817321
0.810694
0.804179
0.798432
0.793384
0.788974
0.785149
0.781855
0.779039
0.776651
0.774643
0.772968
0.771586
0.770459
)
;

boundaryField
{
    fuel
    {
        type            fixedValue;
        value           uniform 0;
    }
    air
    {
        type            fixedValue;
        value           uniform 0.77;
    }
    outlet
    {
        type            inletOutlet;
        inletValue      uniform 1;
        value           nonuniform List<scalar> 
200
(
0.0087406
0.0284499
0.0505872
0.0752894
0.102676
0.132846
0.165872
0.201795
0.240618
0.282293
0.326721
0.373733
0.42309
0.474465
0.52744
0.581491
0.635983
0.690158
0.74313
0.793871
0.841214
0.883876
0.920526
0.949997
0.971742
0.986257
1
1
1
1
1
1
1
1
1
1
1
0.961796
0.954172
0.947833
0.942361
0.937589
0.933543
0.93039
0.928387
0.92787
0.928794
0.931457
0.935878
0.941851
0.949016
0.956906
0.964973
0.972711
0.979537
0.986005
0.990969
0.994477
0.996792
0.998222
0.999044
0.999468
0.999626
0.999573
0.999289
0.998679
0.99757
0.995721
0.992846
0.988665
0.982963
0.975642
0.966746
0.956448
0.945013
0.932758
0.920013
0.907089
0.894264
0.881818
0.870857
0.860392
0.850482
0.841188
0.832552
0.824595
0.817316
0.810691
0.804176
0.79843
0.793382
0.788973
0.785148
0.781854
0.779039
0.776651
0.774642
0.772968
0.771586
0.770459
0.00872146
0.0283874
0.0504757
0.0751226
0.102447
0.132548
0.165498
0.201339
0.240071
0.281651
0.325978
0.372886
0.422136
0.473406
0.52628
0.580238
0.634651
0.688765
0.741701
0.792437
0.839815
0.882558
0.919345
0.949013
0.971011
0.985784
1
1
1
1
1
1
1
1
1
1
0.970178
0.96102
0.953468
0.947091
0.941556
0.936718
0.932612
0.929418
0.9274
0.9269
0.927861
0.930589
0.935095
0.941167
0.948433
0.956423
0.964578
0.972396
0.979277
0.985838
0.990877
0.994429
0.996769
0.998212
0.99904
0.999467
0.999627
0.999574
0.999291
0.998682
0.997575
0.995729
0.992858
0.98868
0.982981
0.975662
0.966768
0.956471
0.945036
0.93278
0.920034
0.907108
0.894282
0.881834
0.870872
0.860405
0.850493
0.841197
0.83256
0.824602
0.817321
0.810694
0.804179
0.798432
0.793384
0.788974
0.785149
0.781855
0.779039
0.776651
0.774643
0.772968
0.771586
0.770459
)
;
    }
    frontAndBack
    {
        type            empty;
    }
}


// ************************************************************************* //
