/*--------------------------------*- C++ -*----------------------------------*\
| =========                 |                                                 |
| \\      /  F ield         | OpenFOAM: The Open Source CFD Toolbox           |
|  \\    /   O peration     | Version:  2312                                  |
|   \\  /    A nd           | Website:  www.openfoam.com                      |
|    \\/     M anipulation  |                                                 |
\*---------------------------------------------------------------------------*/
FoamFile
{
    version     2.0;
    format      ascii;
    arch        "LSB;label=64;scalar=64";
    class       volScalarField;
    location    "0.05";
    object      rho;
}
// * * * * * * * * * * * * * * * * * * * * * * * * * * * * * * * * * * * * * //

dimensions      [1 -3 0 0 0 0 0];

internalField   nonuniform List<scalar> 
4000
(
0.242545
0.245637
0.249183
0.253241
0.25788
0.26318
0.269232
0.276145
0.284048
0.293094
0.30347
0.315403
0.329174
0.345132
0.363725
0.385525
0.411277
0.441956
0.478837
0.523543
0.578009
0.644192
0.723228
0.813795
0.910337
1.0029
1.07223
1.10671
1.12175
1.12664
1.1257
1.12027
1.10987
1.09302
1.0672
1.02907
0.977835
0.928259
0.893381
0.86639
0.844771
0.827383
0.813792
0.803991
0.798233
0.797032
0.800095
0.808303
0.82197
0.841174
0.865766
0.89525
0.928651
0.964479
1.00067
1.03557
1.06649
1.09198
1.11148
1.12527
1.13407
1.13868
1.13965
1.13717
1.13066
1.11922
1.10172
1.07716
1.04518
1.00635
0.962206
0.914951
0.866883
0.81998
0.775664
0.734783
0.697713
0.6645
0.634979
0.608872
0.585808
0.565523
0.547701
0.53205
0.518308
0.50624
0.495643
0.486339
0.478195
0.471044
0.464769
0.459268
0.45445
0.450239
0.446564
0.443365
0.440587
0.438184
0.436113
0.434337
0.242505
0.245502
0.248934
0.252856
0.257332
0.262433
0.268246
0.274868
0.282418
0.291032
0.300877
0.312153
0.325105
0.340034
0.357318
0.377432
0.400979
0.42873
0.46166
0.500969
0.548034
0.604197
0.670207
0.745169
0.825155
0.902449
0.968024
1.01631
1.0465
1.06104
1.06309
1.05627
1.04131
1.01972
0.992941
0.962608
0.930681
0.899756
0.871426
0.846041
0.823683
0.804504
0.788801
0.776992
0.769566
0.767162
0.769552
0.777435
0.791324
0.811285
0.837173
0.868503
0.904411
0.943251
0.982791
1.02133
1.05606
1.0848
1.10687
1.12254
1.13269
1.1383
1.14006
1.13847
1.13312
1.12318
1.10755
1.08512
1.05528
1.01825
0.975301
0.928481
0.880129
0.832385
0.786878
0.744648
0.706213
0.671709
0.64102
0.613892
0.589994
0.568947
0.550488
0.534306
0.520124
0.507694
0.496798
0.487249
0.478906
0.471595
0.465192
0.459588
0.45469
0.450415
0.44669
0.443452
0.440645
0.43822
0.436132
0.434342
0.242438
0.245279
0.248524
0.252223
0.256431
0.261211
0.266638
0.272796
0.279784
0.287718
0.296734
0.306995
0.318695
0.332067
0.347393
0.365017
0.385358
0.408929
0.436346
0.468333
0.50569
0.549182
0.599295
0.655805
0.717226
0.780418
0.84094
0.893908
0.935376
0.963397
0.977999
0.980478
0.974527
0.960815
0.941353
0.918003
0.892393
0.866038
0.840149
0.815658
0.79334
0.773887
0.757942
0.746097
0.738904
0.737024
0.74004
0.748811
0.763762
0.784963
0.812307
0.845268
0.883329
0.924444
0.966805
1.00806
1.04593
1.07754
1.10198
1.11945
1.13089
1.13743
1.13996
1.139
1.13442
1.12544
1.11103
1.09004
1.06175
1.02618
0.984367
0.938217
0.890029
0.842007
0.795901
0.752874
0.713554
0.678151
0.646601
0.618675
0.594065
0.572388
0.553376
0.536715
0.52212
0.509338
0.498143
0.488339
0.479781
0.472293
0.465744
0.46002
0.455023
0.450667
0.446877
0.443586
0.440737
0.438278
0.436163
0.434352
0.242352
0.244994
0.248003
0.251421
0.255296
0.259679
0.264633
0.270225
0.276536
0.283657
0.291693
0.300767
0.311021
0.32262
0.33576
0.350667
0.367605
0.386882
0.40885
0.433897
0.462428
0.494825
0.531363
0.572069
0.616506
0.663592
0.711457
0.757521
0.798844
0.832748
0.857393
0.872101
0.876979
0.874357
0.865276
0.850707
0.832295
0.81167
0.790313
0.76949
0.750267
0.733549
0.720103
0.710594
0.705635
0.705713
0.710601
0.721293
0.738063
0.76103
0.790122
0.824919
0.864624
0.907945
0.952771
0.996455
1.03697
1.0711
1.09763
1.11671
1.1293
1.13665
1.13981
1.13935
1.13536
1.12711
1.1136
1.09371
1.06661
1.03219
0.991337
0.945807
0.89786
0.84973
0.803246
0.759666
0.719698
0.683618
0.651402
0.622849
0.597663
0.57547
0.555998
0.538932
0.523984
0.510895
0.499437
0.489407
0.480645
0.472996
0.466309
0.460469
0.455375
0.450939
0.447082
0.443736
0.440841
0.438345
0.436199
0.434362
0.242257
0.244676
0.247424
0.250534
0.254045
0.258
0.262447
0.267439
0.273038
0.279313
0.286342
0.294212
0.303022
0.312886
0.323929
0.336294
0.350137
0.365634
0.38297
0.402342
0.423942
0.447942
0.474453
0.503467
0.534779
0.56794
0.602166
0.636337
0.669004
0.698545
0.723417
0.742425
0.754892
0.76072
0.760441
0.755714
0.746775
0.734985
0.72169
0.708132
0.695424
0.684532
0.676285
0.671384
0.670649
0.673852
0.681983
0.695515
0.714768
0.739935
0.770767
0.807312
0.848907
0.894219
0.941148
0.986909
1.02953
1.06571
1.09396
1.11436
1.12792
1.13597
1.13966
1.13966
1.13624
1.12867
1.11604
1.09721
1.07127
1.03798
0.998043
0.953106
0.905376
0.857117
0.810241
0.7661
0.725489
0.688746
0.655889
0.626741
0.601016
0.578341
0.558444
0.541006
0.525733
0.512363
0.500662
0.490427
0.481477
0.473677
0.466862
0.460913
0.455726
0.451211
0.447289
0.443888
0.440948
0.438414
0.436237
0.434374
0.242157
0.244348
0.246828
0.249626
0.252772
0.256299
0.260244
0.264649
0.269558
0.275024
0.2811
0.287848
0.295336
0.303635
0.312827
0.322996
0.334233
0.346634
0.360292
0.3753
0.391737
0.409658
0.429081
0.449958
0.472161
0.495451
0.519449
0.543622
0.567282
0.589621
0.609786
0.626975
0.64055
0.650142
0.655717
0.657465
0.656415
0.65312
0.648284
0.642861
0.637759
0.633825
0.631868
0.632532
0.636266
0.643808
0.655743
0.672573
0.694702
0.722017
0.754987
0.793505
0.836968
0.884084
0.932777
0.980347
1.02419
1.06195
1.09143
1.11274
1.12696
1.1355
1.13959
1.13992
1.13692
1.12988
1.11794
1.09995
1.07496
1.0426
1.00346
0.959076
0.91159
0.863286
0.816135
0.771566
0.730444
0.69316
0.659773
0.630126
0.603945
0.580862
0.5606
0.54284
0.527286
0.513671
0.501759
0.49134
0.482233
0.474298
0.467368
0.46132
0.45605
0.451465
0.447482
0.444032
0.441049
0.438479
0.436272
0.434384
0.242061
0.244029
0.246252
0.248751
0.251549
0.254673
0.258151
0.262013
0.266293
0.271028
0.276255
0.282018
0.28836
0.295329
0.302974
0.311347
0.320497
0.330475
0.341325
0.353085
0.365781
0.37942
0.393986
0.409428
0.425651
0.442506
0.459781
0.477197
0.494407
0.511005
0.526556
0.54063
0.55285
0.562954
0.57083
0.576555
0.580396
0.582737
0.584113
0.585107
0.586325
0.588424
0.591992
0.597682
0.606096
0.617834
0.633487
0.653647
0.678334
0.708032
0.743137
0.783568
0.828754
0.877416
0.927482
0.976249
1.02112
1.05975
1.08991
1.11175
1.12636
1.13521
1.13956
1.14018
1.13752
1.13096
1.11963
1.10242
1.07829
1.04681
1.00843
0.96456
0.91731
0.868967
0.821557
0.776584
0.73498
0.697189
0.663306
0.633194
0.606594
0.583141
0.562547
0.544494
0.528685
0.51485
0.502747
0.492165
0.482916
0.474861
0.467827
0.461691
0.456346
0.451697
0.447661
0.444164
0.441143
0.43854
0.436306
0.434394
0.241971
0.243734
0.245719
0.247944
0.250427
0.253188
0.256249
0.259633
0.263363
0.267466
0.27197
0.276902
0.282293
0.288172
0.294571
0.301518
0.309043
0.317169
0.325919
0.335306
0.345335
0.355997
0.367271
0.379112
0.391454
0.404203
0.417233
0.430389
0.443483
0.456307
0.468637
0.480253
0.490963
0.500625
0.509172
0.516631
0.523131
0.528893
0.534227
0.539515
0.545192
0.551737
0.559658
0.569486
0.581774
0.597087
0.615993
0.639015
0.666142
0.698151
0.735313
0.77756
0.824317
0.874267
0.925334
0.974841
1.02009
1.05906
1.08945
1.11144
1.12618
1.13514
1.13963
1.14042
1.13801
1.1318
1.12097
1.10438
1.08097
1.05022
1.01248
0.969079
0.922065
0.873728
0.826134
0.780847
0.738854
0.700647
0.666348
0.635842
0.608877
0.585135
0.564245
0.545937
0.529908
0.515882
0.503614
0.492889
0.483517
0.475357
0.468233
0.46202
0.456609
0.451903
0.447819
0.444282
0.441227
0.438595
0.436335
0.434403
0.241891
0.24347
0.245245
0.247229
0.249437
0.251884
0.254587
0.257564
0.260831
0.264408
0.268315
0.27257
0.277195
0.282208
0.28763
0.293477
0.299767
0.306511
0.313721
0.321399
0.329545
0.338148
0.347189
0.356635
0.366444
0.376555
0.386897
0.39738
0.407904
0.418358
0.42863
0.438612
0.448215
0.457375
0.466073
0.474342
0.482271
0.490013
0.497782
0.50585
0.514543
0.524237
0.535347
0.548332
0.563686
0.581942
0.603697
0.628846
0.658251
0.692352
0.731388
0.77519
0.823073
0.873793
0.925327
0.975069
1.0204
1.0593
1.0896
1.11151
1.12621
1.13519
1.13974
1.14067
1.13844
1.13253
1.1221
1.10605
1.08327
1.05317
1.01602
0.973045
0.926256
0.877936
0.830187
0.784624
0.742288
0.70371
0.669043
0.638189
0.610904
0.586877
0.565735
0.547206
0.530983
0.516789
0.504376
0.493526
0.484047
0.475794
0.468591
0.46231
0.456841
0.452086
0.44796
0.444387
0.441301
0.438643
0.436362
0.434411
0.241821
0.243243
0.244837
0.246616
0.248592
0.250776
0.253181
0.255822
0.25871
0.261862
0.26529
0.269009
0.273033
0.277376
0.282049
0.287066
0.292435
0.298165
0.30426
0.310722
0.317549
0.324732
0.332257
0.340106
0.348251
0.356656
0.365282
0.37408
0.382997
0.391979
0.400973
0.409933
0.418826
0.427637
0.436379
0.445099
0.453882
0.462855
0.472189
0.482106
0.49287
0.504794
0.518237
0.533601
0.551331
0.571901
0.595774
0.622935
0.654268
0.690093
0.73056
0.775572
0.824495
0.87595
0.927835
0.97752
1.02264
1.06102
1.09077
1.11225
1.12665
1.13545
1.13995
1.14091
1.1388
1.13311
1.12301
1.10738
1.08512
1.05556
1.01891
0.976312
0.929733
0.88145
0.833591
0.787812
0.745197
0.706315
0.671342
0.640196
0.612643
0.588374
0.567017
0.548298
0.53191
0.517573
0.505036
0.494078
0.484506
0.476173
0.468901
0.462562
0.457043
0.452246
0.448083
0.444479
0.441366
0.438685
0.436385
0.434418
0.241763
0.243053
0.244498
0.246107
0.247892
0.249861
0.252025
0.254396
0.256984
0.2598
0.262854
0.266159
0.269723
0.273558
0.277672
0.282073
0.286769
0.291766
0.297066
0.302671
0.308581
0.31479
0.321291
0.328074
0.335124
0.342423
0.349951
0.357684
0.3656
0.373676
0.381895
0.390245
0.398726
0.407353
0.416161
0.425209
0.434584
0.444405
0.454829
0.466049
0.478299
0.491857
0.507046
0.524233
0.543836
0.566335
0.59164
0.620536
0.65344
0.690746
0.732601
0.778769
0.828495
0.88035
0.932209
0.98145
1.02606
1.06357
1.0925
1.11334
1.1273
1.13584
1.1402
1.14115
1.13911
1.13358
1.12375
1.10848
1.08665
1.05756
1.02133
0.979073
0.932688
0.88445
0.836505
0.790548
0.747699
0.708558
0.673323
0.641926
0.614142
0.589664
0.568122
0.549241
0.532711
0.51825
0.505605
0.494554
0.484902
0.476501
0.46917
0.462781
0.457218
0.452384
0.448189
0.444558
0.441422
0.438722
0.436405
0.434424
0.241716
0.242899
0.244222
0.245696
0.247327
0.249126
0.2511
0.25326
0.255614
0.258172
0.260941
0.263932
0.267153
0.270611
0.274314
0.278268
0.282481
0.286956
0.291698
0.296708
0.301988
0.307536
0.313352
0.31943
0.325766
0.332353
0.339185
0.346254
0.353557
0.361091
0.368859
0.376871
0.385148
0.393722
0.402642
0.411978
0.421821
0.43229
0.443532
0.455729
0.469099
0.483902
0.500437
0.519048
0.540104
0.56397
0.590609
0.620867
0.655161
0.693761
0.736729
0.78376
0.834019
0.886013
0.937597
0.986137
1.03009
1.06649
1.09449
1.1146
1.12805
1.13628
1.14048
1.14138
1.13937
1.13396
1.12433
1.10935
1.08787
1.05916
1.0233
0.981321
0.935109
0.886921
0.838919
0.792823
0.749787
0.710435
0.674985
0.643382
0.615406
0.590754
0.569057
0.550039
0.53339
0.518824
0.506089
0.49496
0.485241
0.476781
0.4694
0.462967
0.457368
0.452502
0.448281
0.444626
0.441471
0.438754
0.436422
0.434429
0.241678
0.242776
0.244004
0.245371
0.246883
0.248549
0.250378
0.252376
0.254553
0.256916
0.259473
0.262232
0.2652
0.268385
0.271792
0.275429
0.279301
0.283412
0.287768
0.292372
0.297227
0.302336
0.307699
0.31332
0.319198
0.325337
0.331738
0.338405
0.345347
0.352573
0.360101
0.367954
0.376164
0.384776
0.39385
0.403461
0.413704
0.424699
0.436592
0.449557
0.463806
0.479583
0.497175
0.516914
0.539186
0.563889
0.591765
0.623238
0.658674
0.69831
0.742149
0.789811
0.840383
0.892313
0.943453
0.991262
1.03422
1.06953
1.09656
1.11591
1.12884
1.13674
1.14076
1.14158
1.13959
1.13427
1.12479
1.11004
1.08884
1.06045
1.02489
0.983157
0.937099
0.888962
0.84092
0.794716
0.751528
0.712004
0.676377
0.644602
0.616467
0.591671
0.569844
0.550712
0.533962
0.519309
0.506498
0.495303
0.485526
0.477018
0.469595
0.463126
0.457495
0.452603
0.448358
0.444684
0.441512
0.438781
0.436437
0.434433
0.241649
0.242682
0.243836
0.24512
0.246542
0.248108
0.249826
0.251704
0.253749
0.255969
0.258371
0.260962
0.263749
0.26674
0.269939
0.273354
0.27699
0.280854
0.284949
0.289282
0.293856
0.298678
0.303752
0.309083
0.314677
0.320543
0.326689
0.333126
0.33987
0.346941
0.354362
0.362168
0.370398
0.379105
0.388355
0.398227
0.408822
0.42026
0.432685
0.44627
0.46122
0.477772
0.496198
0.516804
0.539947
0.565565
0.594392
0.626817
0.663164
0.703617
0.748118
0.796215
0.846926
0.89865
0.949245
0.996276
1.03821
1.07244
1.09854
1.11717
1.1296
1.13718
1.14102
1.14177
1.13977
1.1345
1.12515
1.11057
1.0896
1.06146
1.02615
0.98462
0.938693
0.890606
0.842539
0.796254
0.752948
0.713287
0.677518
0.645605
0.61734
0.592426
0.570494
0.551268
0.534436
0.519711
0.506838
0.495588
0.485764
0.477215
0.469757
0.463258
0.457602
0.452687
0.448423
0.444733
0.441547
0.438804
0.43645
0.434437
0.241627
0.24261
0.243709
0.244932
0.246286
0.247777
0.249414
0.251204
0.253153
0.25527
0.257561
0.260034
0.262694
0.265549
0.268605
0.271869
0.275347
0.279045
0.282969
0.287125
0.29152
0.296161
0.301054
0.306209
0.311635
0.317344
0.323349
0.329666
0.336316
0.343324
0.350721
0.358546
0.366844
0.375673
0.385103
0.395218
0.406119
0.417928
0.430789
0.444874
0.460384
0.477555
0.496668
0.518036
0.541711
0.568093
0.597708
0.630903
0.667969
0.709053
0.754041
0.802422
0.853152
0.904592
0.954609
1.0009
1.04186
1.07509
1.10033
1.11831
1.13028
1.13758
1.14125
1.14192
1.13991
1.13469
1.12542
1.11098
1.09019
1.06225
1.02713
0.98577
0.939954
0.891913
0.843832
0.797486
0.754089
0.714321
0.67844
0.646417
0.618048
0.593039
0.571022
0.551721
0.534822
0.520039
0.507115
0.495822
0.485959
0.477376
0.46989
0.463366
0.457689
0.452756
0.448477
0.444773
0.441575
0.438822
0.43646
0.43444
0.241611
0.242557
0.243616
0.244794
0.246098
0.247536
0.249114
0.250841
0.252722
0.254767
0.25698
0.25937
0.261944
0.264707
0.267667
0.270831
0.274205
0.277795
0.281609
0.285654
0.289938
0.294469
0.299255
0.304309
0.309641
0.315266
0.321201
0.327465
0.334083
0.341083
0.348501
0.356377
0.364763
0.373719
0.383318
0.393646
0.404806
0.41692
0.430134
0.444617
0.460568
0.478224
0.497858
0.519797
0.543947
0.570942
0.601159
0.634942
0.672558
0.714115
0.759452
0.808004
0.858682
0.909814
0.959277
1.00491
1.045
1.07736
1.10187
1.11929
1.13088
1.13792
1.14145
1.14205
1.14003
1.13482
1.12562
1.11128
1.09063
1.06284
1.02788
0.986653
0.940927
0.892927
0.84484
0.79845
0.754984
0.715134
0.679166
0.647057
0.618608
0.593525
0.571441
0.55208
0.535129
0.5203
0.507336
0.496007
0.486115
0.477505
0.469996
0.463453
0.457759
0.452811
0.44852
0.444805
0.441598
0.438837
0.436468
0.434443
0.241599
0.24252
0.24355
0.244695
0.245965
0.247364
0.248902
0.250585
0.25242
0.254414
0.256575
0.25891
0.261426
0.264129
0.267026
0.270125
0.273432
0.276955
0.280701
0.284679
0.288896
0.293363
0.29809
0.303088
0.308372
0.313958
0.319865
0.326114
0.332733
0.339752
0.347208
0.355147
0.363621
0.372693
0.382436
0.39294
0.404308
0.416664
0.430152
0.444944
0.461237
0.479262
0.499284
0.521623
0.546193
0.573629
0.604297
0.638522
0.676547
0.718447
0.764025
0.812675
0.863268
0.914112
0.96308
1.0082
1.04755
1.0792
1.1031
1.12008
1.13135
1.1382
1.14161
1.14216
1.14011
1.13492
1.12576
1.1115
1.09094
1.06328
1.02843
0.987306
0.94165
0.893683
0.845594
0.799174
0.755659
0.715749
0.679717
0.647544
0.619035
0.593896
0.571761
0.552355
0.535364
0.5205
0.507505
0.49615
0.486234
0.477604
0.470078
0.46352
0.457813
0.452854
0.448553
0.44483
0.441616
0.438849
0.436474
0.434444
0.241591
0.242494
0.243504
0.244629
0.245874
0.247249
0.248759
0.250412
0.252217
0.254178
0.256305
0.258604
0.261083
0.263747
0.266606
0.269664
0.272931
0.276414
0.28012
0.284058
0.288238
0.29267
0.297364
0.302335
0.307598
0.313169
0.319068
0.32532
0.331953
0.338999
0.346497
0.354493
0.363041
0.372206
0.382063
0.392701
0.404225
0.41676
0.43045
0.445467
0.462008
0.480299
0.500601
0.523221
0.548091
0.575845
0.606838
0.64138
0.679695
0.721836
0.767576
0.81628
0.866793
0.917407
0.966006
1.01066
1.04945
1.08057
1.10404
1.12068
1.13172
1.13841
1.14173
1.14223
1.14017
1.13499
1.12586
1.11165
1.09116
1.06358
1.02882
0.987764
0.942161
0.89422
0.846132
0.799692
0.756143
0.716191
0.680113
0.647896
0.619342
0.594163
0.571992
0.552553
0.535534
0.520645
0.507628
0.496253
0.48632
0.477676
0.470137
0.463568
0.457852
0.452885
0.448577
0.444848
0.441629
0.438857
0.436479
0.434446
0.241586
0.242478
0.243476
0.244587
0.245818
0.247177
0.248671
0.250306
0.252092
0.254034
0.25614
0.258418
0.260875
0.263517
0.266352
0.269388
0.272632
0.276092
0.279776
0.283693
0.287853
0.292267
0.296946
0.301905
0.307158
0.312725
0.318626
0.324886
0.331534
0.338603
0.346133
0.354172
0.362773
0.372003
0.381937
0.392665
0.404293
0.416945
0.430768
0.445932
0.462635
0.481102
0.501586
0.524382
0.549445
0.577408
0.608613
0.64336
0.68186
0.72415
0.769986
0.818711
0.869152
0.91959
0.967889
1.01235
1.05074
1.08149
1.10466
1.12107
1.13196
1.13855
1.14181
1.14228
1.14021
1.13503
1.12592
1.11174
1.0913
1.06376
1.02906
0.988048
0.942478
0.894555
0.846469
0.800018
0.756449
0.716471
0.680366
0.64812
0.619539
0.594335
0.57214
0.552681
0.535643
0.520738
0.507706
0.49632
0.486376
0.477722
0.470175
0.463599
0.457877
0.452905
0.448593
0.44486
0.441637
0.438863
0.436482
0.434447
0.241584
0.242471
0.243463
0.244567
0.245791
0.247142
0.248628
0.250255
0.252032
0.253965
0.256061
0.258329
0.260775
0.263407
0.266232
0.269257
0.27249
0.27594
0.279614
0.283522
0.287673
0.292079
0.296752
0.301706
0.306957
0.312523
0.318426
0.324691
0.331347
0.338429
0.345976
0.354037
0.362666
0.371929
0.381902
0.392676
0.404356
0.417068
0.430957
0.446195
0.46298
0.481536
0.502112
0.524993
0.550154
0.578223
0.609537
0.644388
0.68298
0.725345
0.771227
0.81996
0.870363
0.920716
0.968886
1.01319
1.05139
1.08196
1.10498
1.12128
1.13208
1.13862
1.14186
1.1423
1.14023
1.13505
1.12595
1.11178
1.09135
1.06384
1.02916
0.988174
0.942621
0.894708
0.846625
0.800171
0.756594
0.716605
0.680486
0.648227
0.619634
0.594417
0.572211
0.552742
0.535695
0.520782
0.507744
0.496352
0.486403
0.477745
0.470193
0.463614
0.457889
0.452915
0.4486
0.444866
0.441641
0.438865
0.436483
0.434447
0.241584
0.242471
0.243462
0.244567
0.24579
0.247141
0.248627
0.250254
0.25203
0.253962
0.256059
0.258326
0.260772
0.263403
0.266227
0.269252
0.272485
0.275933
0.279607
0.283514
0.287664
0.29207
0.296742
0.301695
0.306944
0.31251
0.318412
0.324676
0.331332
0.338414
0.345961
0.354021
0.362651
0.371914
0.381888
0.392663
0.404346
0.41706
0.430952
0.446193
0.462982
0.481544
0.502126
0.525012
0.550179
0.578256
0.609578
0.644438
0.683039
0.725413
0.771302
0.82004
0.870445
0.920796
0.96896
1.01325
1.05144
1.082
1.10501
1.1213
1.1321
1.13863
1.14186
1.14231
1.14023
1.13505
1.12594
1.11177
1.09135
1.06384
1.02915
0.988166
0.942614
0.894701
0.846619
0.800165
0.756589
0.7166
0.680483
0.648224
0.619631
0.594415
0.57221
0.552741
0.535694
0.520782
0.507744
0.496351
0.486402
0.477744
0.470193
0.463614
0.457889
0.452915
0.4486
0.444866
0.441641
0.438865
0.436483
0.434447
0.241586
0.242478
0.243475
0.244585
0.245816
0.247174
0.248667
0.250302
0.252086
0.254027
0.256132
0.258409
0.260864
0.263505
0.266338
0.269372
0.272614
0.276072
0.279754
0.283668
0.287826
0.292237
0.296914
0.30187
0.307121
0.312685
0.318584
0.324842
0.331487
0.338555
0.346085
0.354123
0.362726
0.371958
0.381895
0.392627
0.404261
0.41692
0.430752
0.445927
0.462643
0.481125
0.501626
0.524438
0.549522
0.577507
0.608738
0.643512
0.682038
0.724354
0.770212
0.818953
0.869401
0.919834
0.968115
1.01255
1.0509
1.08161
1.10474
1.12113
1.13199
1.13857
1.14183
1.14229
1.14021
1.13503
1.12592
1.11173
1.09128
1.06375
1.02904
0.988026
0.942456
0.894534
0.846449
0.800001
0.756435
0.716459
0.680355
0.648111
0.619532
0.594329
0.572135
0.552677
0.53564
0.520735
0.507704
0.496318
0.486375
0.477721
0.470174
0.463599
0.457877
0.452905
0.448592
0.44486
0.441637
0.438863
0.436482
0.434447
0.241591
0.242493
0.243502
0.244626
0.24587
0.247243
0.248752
0.250404
0.252207
0.254167
0.256292
0.258589
0.261065
0.263727
0.266582
0.269637
0.272901
0.27638
0.280082
0.284016
0.288191
0.292618
0.297308
0.302275
0.307532
0.313099
0.318994
0.325242
0.331872
0.338915
0.346411
0.354407
0.362957
0.372124
0.381986
0.392631
0.404164
0.416711
0.430416
0.445451
0.462014
0.480331
0.50066
0.52331
0.548214
0.576007
0.607042
0.64163
0.679991
0.722175
0.767954
0.816686
0.867211
0.917818
0.966388
1.01099
1.04973
1.08078
1.10419
1.12078
1.13178
1.13844
1.14176
1.14224
1.14017
1.13498
1.12585
1.11163
1.09114
1.06355
1.02878
0.987729
0.942125
0.894186
0.846101
0.799665
0.75612
0.716171
0.680097
0.647882
0.619331
0.594154
0.571984
0.552547
0.535529
0.520641
0.507625
0.496251
0.486318
0.477675
0.470136
0.463567
0.457851
0.452885
0.448577
0.444848
0.441629
0.438857
0.436479
0.434446
0.241599
0.242518
0.243547
0.244691
0.245959
0.247357
0.248893
0.250573
0.252406
0.254398
0.256556
0.258888
0.261399
0.264098
0.266992
0.270086
0.273388
0.276906
0.280646
0.284617
0.288828
0.293288
0.298007
0.302998
0.308275
0.313854
0.319754
0.325997
0.33261
0.339624
0.347078
0.355015
0.36349
0.372564
0.382314
0.392826
0.404207
0.41658
0.430089
0.444906
0.46123
0.479289
0.499351
0.521734
0.546352
0.573844
0.604572
0.638861
0.676952
0.718916
0.764549
0.813241
0.863854
0.914689
0.963619
1.00868
1.04794
1.07949
1.10332
1.12022
1.13144
1.13825
1.14164
1.14217
1.14011
1.13491
1.12575
1.11148
1.09091
1.06324
1.02839
0.987258
0.941602
0.893637
0.845552
0.799137
0.755627
0.715722
0.679694
0.647526
0.61902
0.593883
0.571751
0.552347
0.535357
0.520495
0.507501
0.496147
0.486231
0.477602
0.470076
0.463519
0.457812
0.452854
0.448553
0.44483
0.441616
0.438849
0.436474
0.434444
0.24161
0.242555
0.243612
0.244788
0.24609
0.247526
0.249102
0.250825
0.252704
0.254745
0.256955
0.25934
0.261909
0.264667
0.267621
0.270779
0.274145
0.277728
0.281534
0.28557
0.289844
0.294365
0.299142
0.304184
0.309506
0.31512
0.321044
0.327299
0.333908
0.3409
0.348312
0.356184
0.364569
0.373527
0.383132
0.39347
0.404645
0.41678
0.43002
0.444535
0.460526
0.478227
0.497913
0.519911
0.544124
0.571191
0.601488
0.635356
0.673058
0.714699
0.760111
0.808721
0.859429
0.910555
0.959973
1.00553
1.04551
1.07775
1.10214
1.11948
1.13099
1.13799
1.14149
1.14207
1.14003
1.13481
1.1256
1.11125
1.09059
1.06279
1.02783
0.986595
0.940869
0.892871
0.844789
0.798405
0.754946
0.715101
0.679139
0.647035
0.61859
0.593511
0.571429
0.55207
0.535121
0.520294
0.507331
0.496004
0.486111
0.477503
0.469994
0.463452
0.457758
0.452811
0.448519
0.444805
0.441598
0.438837
0.436468
0.434443
0.241626
0.242607
0.243705
0.244925
0.246276
0.247765
0.249398
0.251184
0.25313
0.255242
0.257528
0.259995
0.262649
0.265497
0.268546
0.271801
0.27527
0.278957
0.28287
0.287014
0.291396
0.296023
0.300902
0.306042
0.311453
0.317145
0.323134
0.329436
0.336072
0.343067
0.350454
0.35827
0.366563
0.375392
0.384826
0.394951
0.405869
0.417701
0.430593
0.444717
0.460274
0.477501
0.496682
0.518146
0.541853
0.568344
0.598062
0.631363
0.668539
0.709731
0.754816
0.803272
0.854046
0.905487
0.955456
1.00165
1.04248
1.07557
1.10067
1.11854
1.13043
1.13766
1.1413
1.14194
1.13992
1.13468
1.12539
1.11094
1.09014
1.06219
1.02707
0.985704
0.939887
0.89185
0.843775
0.797436
0.754046
0.714285
0.67841
0.646392
0.618028
0.593023
0.571009
0.55171
0.534814
0.520032
0.50711
0.495817
0.485956
0.477374
0.469888
0.463365
0.457688
0.452755
0.448476
0.444773
0.441575
0.438822
0.43646
0.43444
0.241648
0.242678
0.24383
0.245112
0.24653
0.248092
0.249806
0.25168
0.25372
0.255934
0.25833
0.260914
0.263693
0.266674
0.269864
0.273268
0.276892
0.280741
0.284822
0.289138
0.293695
0.298498
0.303552
0.308861
0.314434
0.320276
0.326399
0.332813
0.339535
0.346585
0.353988
0.361778
0.369997
0.378698
0.387948
0.397828
0.408439
0.419901
0.432361
0.445992
0.460998
0.477619
0.496125
0.516822
0.540056
0.565781
0.594728
0.627285
0.663766
0.704353
0.748975
0.797171
0.847944
0.899681
0.950229
0.997159
1.03895
1.07301
1.09894
1.11744
1.12977
1.13728
1.14108
1.14179
1.13978
1.13449
1.12512
1.11053
1.08955
1.0614
1.02608
0.984548
0.938622
0.890539
0.842479
0.796201
0.752903
0.713249
0.677487
0.645579
0.617319
0.592409
0.57048
0.551257
0.534427
0.519704
0.506832
0.495584
0.485761
0.477212
0.469755
0.463256
0.4576
0.452686
0.448423
0.444733
0.441546
0.438803
0.436449
0.434437
0.241677
0.242772
0.243998
0.24536
0.246869
0.248531
0.250354
0.252347
0.254517
0.256873
0.259422
0.262172
0.26513
0.268304
0.271698
0.275321
0.279176
0.28327
0.287606
0.292188
0.297019
0.302102
0.307438
0.313028
0.318875
0.32498
0.331347
0.337981
0.344889
0.352082
0.35958
0.367406
0.375595
0.384192
0.393258
0.402871
0.413127
0.424146
0.436076
0.449093
0.463407
0.479265
0.496951
0.516797
0.539184
0.564016
0.592033
0.62366
0.659258
0.699055
0.743044
0.790831
0.841488
0.893448
0.944551
0.992257
1.03506
1.07018
1.09703
1.11623
1.12904
1.13686
1.14083
1.14161
1.1396
1.13426
1.12477
1.11
1.08879
1.06039
1.02482
0.983084
0.937026
0.888894
0.840859
0.794663
0.751483
0.711966
0.676346
0.644577
0.616446
0.591654
0.569831
0.550701
0.533953
0.519302
0.506493
0.495299
0.485523
0.477015
0.469592
0.463124
0.457494
0.452602
0.448358
0.444684
0.441512
0.438781
0.436437
0.434433
0.241714
0.242894
0.244214
0.245683
0.24731
0.249103
0.251072
0.253225
0.255571
0.25812
0.26088
0.263859
0.267067
0.270511
0.274197
0.278133
0.282325
0.286777
0.291492
0.296473
0.301721
0.307235
0.313012
0.319048
0.325339
0.331879
0.338661
0.34568
0.352932
0.360416
0.368136
0.376105
0.384344
0.392889
0.40179
0.411119
0.420968
0.431459
0.44274
0.454994
0.46844
0.483336
0.499986
0.518731
0.539937
0.563922
0.590725
0.621173
0.655661
0.694453
0.737601
0.784787
0.835159
0.887206
0.938772
0.987221
1.03102
1.06722
1.09502
1.11496
1.12828
1.13641
1.14056
1.14141
1.13938
1.13396
1.12431
1.10931
1.08782
1.0591
1.02323
0.98125
0.93504
0.886856
0.838861
0.792773
0.749744
0.710399
0.674956
0.643358
0.615387
0.590739
0.569045
0.55003
0.533382
0.518818
0.506084
0.494956
0.485237
0.476778
0.469398
0.462966
0.457367
0.452501
0.44828
0.444626
0.441471
0.438754
0.436422
0.434429
0.241761
0.243048
0.244488
0.246093
0.247872
0.249835
0.251992
0.254355
0.256933
0.259738
0.262781
0.266071
0.269619
0.273436
0.277529
0.281907
0.286576
0.291542
0.296808
0.302374
0.308241
0.314402
0.32085
0.327575
0.334562
0.341794
0.34925
0.356909
0.364749
0.37275
0.380895
0.389176
0.397596
0.406172
0.414942
0.423969
0.433341
0.443182
0.453647
0.464931
0.47727
0.49094
0.506263
0.523607
0.543385
0.566065
0.591562
0.620657
0.653779
0.691311
0.733382
0.77974
0.829612
0.88155
0.933414
0.982578
1.02704
1.06434
1.09307
1.11372
1.12754
1.13598
1.14029
1.14119
1.13912
1.13358
1.12373
1.10845
1.08661
1.0575
1.02127
0.979009
0.932625
0.884392
0.836454
0.790504
0.747662
0.708527
0.673298
0.641906
0.614126
0.589651
0.568112
0.549233
0.532704
0.518244
0.505601
0.494551
0.4849
0.476499
0.469169
0.462779
0.457217
0.452383
0.448189
0.444558
0.441422
0.438722
0.436405
0.434424
0.241819
0.243237
0.244826
0.2466
0.248569
0.250745
0.253142
0.255773
0.25865
0.261789
0.265202
0.268904
0.272908
0.277228
0.281876
0.286862
0.292197
0.297887
0.303937
0.310348
0.317117
0.324234
0.331687
0.339455
0.347511
0.355821
0.364344
0.373033
0.381837
0.390705
0.399587
0.40844
0.417236
0.425964
0.434643
0.443324
0.452093
0.461082
0.470463
0.480458
0.491331
0.503394
0.517003
0.532559
0.550504
0.571307
0.595394
0.622796
0.654384
0.690455
0.731166
0.776413
0.825521
0.877094
0.929012
0.978641
1.02363
1.06182
1.09136
1.11265
1.1269
1.13561
1.14003
1.14095
1.13881
1.1331
1.12299
1.10735
1.08508
1.05552
1.01885
0.976259
0.929683
0.881404
0.83355
0.787777
0.745168
0.706292
0.671323
0.640181
0.61263
0.588364
0.567009
0.548292
0.531906
0.517569
0.505033
0.494075
0.484504
0.476172
0.4689
0.462561
0.457042
0.452245
0.448082
0.444478
0.441366
0.438685
0.436385
0.434418
0.241889
0.243463
0.245232
0.24721
0.24941
0.251849
0.254543
0.257507
0.260761
0.264323
0.268212
0.272446
0.277047
0.282032
0.28742
0.29323
0.299475
0.306169
0.31332
0.320931
0.328999
0.337514
0.346455
0.355789
0.365473
0.375447
0.385638
0.395961
0.406316
0.416598
0.426699
0.436518
0.44597
0.455003
0.463603
0.471808
0.479714
0.487476
0.495308
0.503482
0.512321
0.522197
0.533521
0.546747
0.562364
0.580897
0.602929
0.628363
0.65806
0.692459
0.731776
0.775814
0.823902
0.874768
0.926361
0.976047
1.02137
1.06008
1.09017
1.1119
1.12647
1.13534
1.13983
1.14071
1.13845
1.13253
1.12209
1.10603
1.08324
1.05313
1.01598
0.973006
0.926219
0.877903
0.830159
0.7846
0.742268
0.703695
0.669031
0.638179
0.610896
0.586871
0.56573
0.547202
0.53098
0.516787
0.504374
0.493525
0.484046
0.475793
0.46859
0.462309
0.456841
0.452086
0.44796
0.444387
0.441301
0.438643
0.436362
0.434411
0.241969
0.243726
0.245705
0.247923
0.250397
0.253149
0.256198
0.259569
0.263283
0.267368
0.27185
0.276757
0.282119
0.287964
0.294322
0.301222
0.308691
0.316753
0.325427
0.334725
0.344651
0.355194
0.36633
0.378015
0.390179
0.402728
0.415538
0.428455
0.441296
0.453858
0.465925
0.477291
0.487774
0.497246
0.505651
0.513026
0.519505
0.525309
0.530748
0.536198
0.542087
0.548886
0.557093
0.567235
0.579855
0.595512
0.614765
0.638122
0.665575
0.697914
0.735397
0.777945
0.824954
0.875088
0.926244
0.97571
1.02096
1.05977
1.08998
1.11181
1.12642
1.13528
1.13971
1.14047
1.13803
1.13181
1.12096
1.10436
1.08095
1.0502
1.01246
0.96906
0.922048
0.873713
0.826122
0.780837
0.738847
0.700642
0.666344
0.635839
0.608875
0.585134
0.564244
0.545936
0.529907
0.515881
0.503613
0.492888
0.483517
0.475357
0.468232
0.46202
0.456609
0.451903
0.447819
0.444282
0.441227
0.438595
0.436335
0.434403
0.242058
0.244021
0.246237
0.248727
0.251516
0.254629
0.258094
0.261941
0.266204
0.270917
0.276119
0.281852
0.28816
0.295087
0.302684
0.310998
0.32008
0.329975
0.340728
0.352373
0.364932
0.37841
0.392787
0.408009
0.423977
0.440542
0.457491
0.474548
0.491373
0.507573
0.522727
0.536424
0.548314
0.558153
0.565849
0.571489
0.575343
0.577794
0.57936
0.580618
0.582159
0.584612
0.588578
0.594678
0.603511
0.615668
0.631737
0.652341
0.677314
0.707404
0.742866
0.783625
0.829096
0.87798
0.928182
0.976996
1.02184
1.06036
1.09038
1.11208
1.12658
1.13534
1.13964
1.14022
1.13754
1.13096
1.11963
1.10242
1.07829
1.04681
1.00843
0.964562
0.917313
0.868971
0.821562
0.776589
0.734985
0.697194
0.66331
0.633198
0.606597
0.583144
0.562549
0.544496
0.528687
0.514851
0.502748
0.492165
0.482916
0.474861
0.467827
0.461691
0.456346
0.451697
0.447661
0.444164
0.441143
0.43854
0.436306
0.434394
0.242155
0.244339
0.246812
0.249601
0.252736
0.256251
0.260182
0.26457
0.269459
0.2749
0.280948
0.287662
0.295109
0.30336
0.312493
0.322592
0.333745
0.346043
0.359578
0.374438
0.390695
0.408401
0.427563
0.448131
0.46997
0.492837
0.516356
0.539998
0.563092
0.584853
0.604455
0.621133
0.634284
0.643567
0.648971
0.650705
0.64975
0.646672
0.642158
0.637138
0.632497
0.62906
0.627649
0.628777
0.633014
0.641056
0.653469
0.670752
0.693276
0.720994
0.754335
0.793198
0.836966
0.884331
0.933196
0.980837
1.02474
1.06243
1.0918
1.11301
1.12714
1.13561
1.13965
1.13996
1.13694
1.12989
1.11795
1.09997
1.07498
1.04262
1.00349
0.959104
0.911618
0.863313
0.816159
0.771587
0.730462
0.693176
0.659786
0.630137
0.603954
0.580869
0.560606
0.542845
0.52729
0.513674
0.501761
0.491342
0.482234
0.474299
0.467368
0.461321
0.45605
0.451465
0.447483
0.444032
0.44105
0.43848
0.436272
0.434384
0.242254
0.244666
0.247406
0.250507
0.254008
0.257949
0.26238
0.267354
0.272931
0.279179
0.286176
0.294007
0.302772
0.312579
0.323554
0.335836
0.349578
0.364949
0.382133
0.401316
0.422684
0.446399
0.472559
0.501148
0.531954
0.564525
0.598089
0.631548
0.663489
0.692337
0.716594
0.735098
0.747195
0.752793
0.752448
0.747758
0.739003
0.727526
0.714647
0.701584
0.689423
0.679108
0.67145
0.667132
0.6669
0.670629
0.679274
0.693284
0.712979
0.738539
0.769739
0.80663
0.848542
0.894122
0.941258
0.987148
1.02984
1.06601
1.09421
1.11455
1.12805
1.13605
1.13972
1.1397
1.13626
1.12869
1.11607
1.09725
1.07131
1.03802
0.998092
0.953157
0.905425
0.857163
0.810281
0.766135
0.725519
0.688771
0.65591
0.626758
0.601029
0.578352
0.558453
0.541013
0.525738
0.512367
0.500666
0.490429
0.481479
0.473679
0.466863
0.460913
0.455726
0.451211
0.447289
0.443888
0.440948
0.438414
0.436237
0.434374
0.242349
0.244984
0.247984
0.251393
0.255256
0.259626
0.264563
0.270135
0.276422
0.283514
0.291515
0.300547
0.310749
0.322285
0.335348
0.350158
0.366978
0.386107
0.407888
0.432701
0.460938
0.492967
0.52905
0.569203
0.612991
0.659353
0.706461
0.751796
0.792489
0.82591
0.850233
0.864752
0.869533
0.866877
0.857787
0.843265
0.824989
0.804597
0.783556
0.76312
0.74434
0.728104
0.715164
0.706171
0.701728
0.702237
0.7076
0.718746
0.735937
0.759289
0.788797
0.823853
0.863887
0.907491
0.95255
0.996402
1.03703
1.07121
1.09776
1.11681
1.12938
1.13671
1.13985
1.13938
1.13539
1.12714
1.11364
1.09376
1.06667
1.03227
0.991412
0.945883
0.897932
0.849796
0.803304
0.759715
0.719739
0.683651
0.651429
0.622871
0.597681
0.575484
0.556009
0.538941
0.523991
0.5109
0.499441
0.48941
0.480648
0.472997
0.46631
0.46047
0.455376
0.450939
0.447082
0.443736
0.440841
0.438345
0.436199
0.434362
0.242435
0.245269
0.248505
0.252194
0.25639
0.261156
0.266565
0.272702
0.279665
0.287568
0.296547
0.306763
0.318407
0.33171
0.34695
0.364467
0.384674
0.408073
0.435271
0.466977
0.503975
0.547014
0.596572
0.65244
0.713179
0.775732
0.835759
0.888432
0.929802
0.95786
0.972555
0.975104
0.969192
0.955483
0.935981
0.912564
0.886907
0.860554
0.834724
0.810359
0.788233
0.769036
0.753399
0.741899
0.735072
0.733574
0.73692
0.74607
0.761382
0.782928
0.81061
0.843862
0.882251
0.923647
0.966259
1.00772
1.04575
1.07748
1.10198
1.11948
1.13092
1.13746
1.13999
1.13903
1.13445
1.12548
1.11108
1.09011
1.06183
1.02627
0.984464
0.938313
0.890118
0.842087
0.795969
0.752932
0.713602
0.67819
0.646632
0.6187
0.594085
0.572404
0.553388
0.536725
0.522128
0.509343
0.498147
0.488342
0.479784
0.472295
0.465745
0.460021
0.455024
0.450668
0.446877
0.443587
0.440737
0.438278
0.436163
0.434352
0.242502
0.245492
0.248915
0.252827
0.25729
0.262376
0.268171
0.274772
0.282295
0.290878
0.300684
0.311913
0.324806
0.339663
0.356856
0.376854
0.400253
0.427813
0.460493
0.499474
0.546113
0.601738
0.667108
0.741405
0.820863
0.897955
0.963765
1.01244
1.04303
1.05784
1.05999
1.05314
1.03802
1.01621
0.989198
0.958648
0.926485
0.895561
0.867223
0.84184
0.819517
0.800416
0.784841
0.773206
0.765992
0.763841
0.766456
0.774616
0.788786
0.809031
0.835207
0.866831
0.903029
0.942168
0.981961
1.02074
1.05568
1.08459
1.10676
1.1225
1.13268
1.1383
1.14008
1.13849
1.13315
1.12323
1.10761
1.08519
1.05535
1.01833
0.975387
0.928565
0.880206
0.832454
0.786938
0.744698
0.706255
0.671743
0.641048
0.613915
0.590012
0.568962
0.550499
0.534316
0.520132
0.507699
0.496803
0.487252
0.478909
0.471597
0.465193
0.459589
0.454691
0.450415
0.44669
0.443452
0.440645
0.43822
0.436132
0.434342
0.242542
0.245627
0.249163
0.253211
0.257838
0.263122
0.269156
0.276047
0.283924
0.292938
0.303274
0.315159
0.328869
0.344754
0.363252
0.384932
0.410528
0.441005
0.477618
0.521967
0.575963
0.64155
0.719903
0.809864
0.906204
0.999187
1.06968
1.10503
1.12055
1.12561
1.12465
1.11904
1.1083
1.09097
1.06447
1.02504
0.967999
0.923631
0.889566
0.862721
0.841137
0.82377
0.810214
0.800475
0.794809
0.793738
0.796934
0.805316
0.819179
0.8386
0.863429
0.893174
0.926856
0.962982
0.999463
1.03468
1.06588
1.09159
1.11125
1.12514
1.13401
1.13866
1.13966
1.1372
1.13071
1.11929
1.10181
1.07727
1.04531
1.00648
0.962341
0.915079
0.867
0.820082
0.775751
0.734856
0.697773
0.664549
0.635018
0.608904
0.585833
0.565543
0.547717
0.532063
0.518317
0.506248
0.495649
0.486344
0.478199
0.471047
0.464771
0.459269
0.454451
0.45024
0.446564
0.443365
0.440587
0.438184
0.436113
0.434337
)
;

boundaryField
{
    fuel
    {
        type            calculated;
        value           nonuniform List<scalar> 
40
(
0.241188
0.241188
0.241188
0.241188
0.241188
0.241188
0.241188
0.241188
0.241188
0.241188
0.241188
0.241188
0.241188
0.241188
0.241188
0.241188
0.241188
0.241188
0.241188
0.241188
0.241188
0.241188
0.241188
0.241188
0.241188
0.241188
0.241188
0.241188
0.241188
0.241188
0.241188
0.241188
0.241188
0.241188
0.241188
0.241188
0.241188
0.241188
0.241188
0.241188
)
;
    }
    air
    {
        type            calculated;
        value           nonuniform List<scalar> 
40
(
0.433575
0.433575
0.433575
0.433575
0.433575
0.433575
0.433575
0.433575
0.433575
0.433575
0.433575
0.433575
0.433575
0.433575
0.433575
0.433575
0.433575
0.433575
0.433575
0.433575
0.433575
0.433575
0.433575
0.433575
0.433575
0.433575
0.433575
0.433575
0.433575
0.433575
0.433575
0.433575
0.433575
0.433575
0.433575
0.433575
0.433575
0.433575
0.433575
0.433575
)
;
    }
    outlet
    {
        type            calculated;
        value           nonuniform List<scalar> 
200
(
0.242551
0.245654
0.249214
0.25329
0.25795
0.263275
0.269358
0.27631
0.284261
0.293368
0.303821
0.315854
0.329753
0.345882
0.364701
0.386806
0.412973
0.444223
0.481891
0.527675
0.583584
0.6516
0.73272
0.825172
0.92274
1.01593
1.14991
1.14991
1.14991
1.14991
1.14991
1.14991
1.14991
1.14991
1.14991
1.14991
1.14991
0.925491
0.891721
0.865245
0.844032
0.827024
0.813811
0.804404
0.799062
0.798298
0.801809
0.810538
0.824742
0.844489
0.869599
0.899529
0.933241
0.969175
1.00521
1.03972
1.07004
1.09481
1.11359
1.12675
1.13508
1.13937
1.14017
1.13765
1.13121
1.11995
1.10271
1.07847
1.0468
1.00823
0.964274
0.917097
0.869011
0.822014
0.777555
0.736506
0.699261
0.665876
0.636194
0.60994
0.586743
0.566339
0.548411
0.532667
0.518842
0.506701
0.49604
0.486679
0.478485
0.471288
0.464973
0.459437
0.454589
0.45035
0.44665
0.44343
0.440634
0.438215
0.43613
0.434342
0.242547
0.245644
0.249195
0.25326
0.257907
0.263217
0.269283
0.276212
0.284136
0.293211
0.303625
0.315608
0.329447
0.3455
0.364224
0.386206
0.412215
0.443258
0.480651
0.526068
0.581493
0.648892
0.729308
0.821155
0.91859
1.01229
1.14991
1.14991
1.14991
1.14991
1.14991
1.14991
1.14991
1.14991
1.14991
1.14991
0.965877
0.921745
0.888053
0.861608
0.840414
0.823425
0.810248
0.800902
0.795654
0.795014
0.798662
0.807565
0.821965
0.841931
0.867282
0.897476
0.931472
0.967707
1.00404
1.03885
1.06946
1.09444
1.11338
1.12664
1.13502
1.13935
1.14017
1.13767
1.13125
1.12002
1.10279
1.07857
1.04692
1.00836
0.964405
0.917222
0.869125
0.822114
0.77764
0.736577
0.69932
0.665924
0.636232
0.609971
0.586767
0.566358
0.548427
0.532679
0.518851
0.506709
0.496046
0.486683
0.478488
0.471291
0.464975
0.459438
0.45459
0.45035
0.446651
0.44343
0.440634
0.438215
0.43613
0.434342
)
;
    }
    frontAndBack
    {
        type            empty;
    }
}


// ************************************************************************* //
