/*--------------------------------*- C++ -*----------------------------------*\
| =========                 |                                                 |
| \\      /  F ield         | OpenFOAM: The Open Source CFD Toolbox           |
|  \\    /   O peration     | Version:  2312                                  |
|   \\  /    A nd           | Website:  www.openfoam.com                      |
|    \\/     M anipulation  |                                                 |
\*---------------------------------------------------------------------------*/
FoamFile
{
    version     2.0;
    format      ascii;
    arch        "LSB;label=64;scalar=64";
    class       volScalarField;
    location    "0.05";
    object      T;
}
// * * * * * * * * * * * * * * * * * * * * * * * * * * * * * * * * * * * * * //

dimensions      [0 0 0 1 0 0 0];

internalField   nonuniform List<scalar> 
4000
(
798.505
795.176
791.441
787.252
782.551
777.273
771.342
764.666
757.137
748.628
738.985
728.025
715.529
701.235
684.834
665.967
644.229
619.193
590.457
557.758
521.157
481.313
439.782
399.124
362.466
332.54
312.825
303.757
299.901
298.615
298.762
299.991
302.426
306.474
312.907
322.927
337.438
352.903
364.663
374.312
382.388
389.096
394.456
398.372
400.676
401.133
399.859
396.547
391.181
383.883
374.9
364.621
353.569
342.361
331.636
321.99
313.803
307.279
302.408
299.023
296.889
295.789
295.594
296.272
298.004
301.079
305.907
312.954
322.646
335.272
350.902
369.363
390.277
413.133
437.363
462.408
487.756
512.969
537.687
561.623
584.545
606.316
626.833
646.033
663.891
680.405
695.597
709.503
722.187
733.689
744.075
753.412
761.771
769.221
775.831
781.668
786.799
791.283
795.181
798.549
798.541
795.295
791.657
787.581
783.016
777.9
772.162
765.719
758.474
750.311
741.093
730.658
718.813
705.333
689.953
672.369
652.245
629.231
603.001
573.342
540.289
504.325
466.61
429.108
394.424
365.259
343.324
328.561
319.803
315.602
314.845
316.436
320.266
326.068
333.624
342.663
352.751
363.113
373.133
382.541
391.15
398.755
405.109
409.932
412.938
413.809
412.662
409.198
403.354
395.283
385.268
373.75
361.326
348.687
336.56
325.647
316.388
309.007
303.496
299.656
297.203
295.865
295.475
295.927
297.35
300.007
304.282
310.635
319.524
331.3
346.117
363.883
384.283
406.833
430.968
456.105
481.7
507.277
532.435
556.859
580.303
602.574
623.574
643.23
661.506
678.4
693.929
708.132
721.073
732.797
743.371
752.865
761.354
768.909
775.604
781.509
786.691
791.217
795.146
798.538
798.603
795.498
792.026
788.146
783.812
778.97
773.56
767.511
760.738
753.146
744.622
735.035
724.231
712.034
698.243
682.633
664.961
644.979
622.466
597.268
569.38
539.06
506.95
474.17
442.29
413.084
388.074
368.232
353.841
344.572
339.764
338.794
340.392
344.453
350.507
358.114
366.86
376.292
385.979
395.516
404.507
412.554
419.264
424.268
427.239
427.833
426.271
422.154
415.483
406.428
395.291
382.526
368.816
354.836
341.434
329.334
319.066
310.86
304.714
300.414
297.639
296.073
295.491
295.784
297.006
299.401
303.322
309.219
317.553
328.706
342.879
360.039
379.92
402.076
425.956
450.979
476.59
502.296
527.675
552.389
576.174
598.816
620.199
640.237
658.885
676.13
691.987
706.489
719.7
731.664
742.449
752.127
760.772
768.46
775.266
781.263
786.521
791.108
795.087
798.521
798.684
795.766
792.51
788.883
784.846
780.355
775.359
769.801
763.614
756.722
749.039
740.466
730.891
720.185
708.21
694.813
679.833
663.111
644.508
623.926
601.35
576.893
550.853
523.762
496.419
469.831
445.111
423.302
405.217
391.309
381.655
376.022
374.067
374.921
378.155
383.53
390.547
398.671
407.361
416.089
424.347
431.654
437.567
441.691
443.678
443.313
440.684
435.398
427.526
417.232
404.812
390.738
375.671
360.424
345.83
332.648
321.465
312.514
305.799
301.087
298.024
296.258
295.524
295.688
296.755
298.954
302.613
308.171
316.088
326.763
340.43
357.098
376.54
398.338
421.961
446.833
472.396
498.145
523.649
548.551
572.572
595.486
617.162
637.501
656.45
673.99
690.128
704.893
718.339
730.525
741.507
751.36
760.158
767.978
774.897
780.989
786.328
790.982
795.019
798.5
798.779
796.073
793.064
789.723
786.018
781.916
777.375
772.35
766.793
760.645
753.843
746.317
737.988
728.77
718.571
707.293
694.838
681.111
666.031
649.542
631.633
612.354
591.852
570.395
548.399
526.403
505.06
485.066
467.11
451.784
439.505
430.476
424.698
421.98
422.028
424.047
427.969
433.227
439.245
445.458
451.321
456.328
460.029
462.048
461.935
459.936
455.464
448.498
439.068
427.298
413.391
397.939
381.607
365.191
349.54
335.429
323.472
313.904
306.718
301.663
298.36
296.421
295.552
295.602
296.523
298.536
301.946
307.177
314.696
324.917
338.107
354.314
373.35
394.826
418.225
442.974
468.509
494.312
519.938
545.017
569.255
592.415
614.353
634.961
654.18
671.982
688.372
703.376
717.037
729.425
740.59
750.606
759.548
767.495
774.523
780.71
786.129
790.853
794.948
798.479
798.879
796.399
793.649
790.606
787.246
783.541
779.46
774.971
770.035
764.613
758.658
752.123
744.955
737.098
728.495
719.085
708.811
697.621
685.471
672.337
658.22
643.158
627.239
610.616
593.509
576.21
559.083
542.543
527.034
512.992
500.801
490.753
483.02
477.631
474.471
473.325
473.702
475.194
477.46
479.994
482.308
483.943
484.452
483.548
481.009
476.459
469.753
460.789
449.553
435.981
420.549
403.742
386.22
368.775
352.252
337.426
324.875
314.87
307.354
302.062
298.591
296.533
295.567
295.532
296.343
298.213
301.429
306.404
313.606
323.458
336.253
352.071
370.755
391.942
415.129
439.749
465.234
491.059
516.768
541.979
566.389
589.746
611.899
632.732
652.176
670.201
686.806
702.013
715.864
728.428
739.754
749.914
758.985
767.045
774.173
780.447
785.942
790.73
794.881
798.459
798.979
796.726
794.233
791.483
788.458
785.137
781.496
777.511
773.156
768.401
763.215
757.566
751.419
744.739
737.489
729.636
721.147
711.995
702.162
691.641
680.443
668.599
656.169
643.245
629.959
616.478
603.011
589.797
577.101
565.192
554.328
544.727
536.549
529.871
524.673
520.836
518.141
516.304
515.022
513.919
512.624
510.806
508.069
504.128
498.71
491.574
482.546
471.517
458.251
442.964
426.059
408.005
389.445
371.159
353.976
338.646
325.722
315.447
307.738
302.307
298.736
296.6
295.569
295.463
296.183
297.927
300.969
305.712
312.624
322.14
334.573
350.034
368.398
389.323
412.321
436.829
462.275
488.127
513.916
539.251
563.817
587.356
609.703
630.736
650.382
668.604
685.4
700.788
714.808
727.527
738.996
749.285
758.471
766.634
773.852
780.205
785.769
790.616
794.818
798.44
799.075
797.037
794.789
792.315
789.603
786.636
783.398
779.87
776.033
771.866
767.349
762.46
757.176
751.475
745.335
738.737
731.664
724.102
716.046
707.496
698.466
688.979
679.079
668.824
658.295
647.592
636.839
626.174
615.751
605.727
596.256
587.472
579.479
572.333
566.038
560.532
555.695
551.352
547.287
543.247
538.962
534.151
528.536
521.851
513.853
504.326
493.099
480.048
464.874
448.012
429.77
410.625
391.208
372.295
354.683
339.084
325.995
315.625
307.855
302.383
298.781
296.616
295.55
295.397
296.055
297.701
300.607
305.165
311.842
321.082
333.214
348.375
366.461
387.156
409.981
434.38
459.779
485.639
511.484
536.914
561.604
585.301
607.806
629.006
648.822
667.213
684.171
699.714
713.88
726.735
738.327
748.729
758.016
766.269
773.567
779.989
785.614
790.514
794.762
798.423
799.164
797.324
795.298
793.076
790.645
787.994
785.11
781.981
778.591
774.927
770.974
766.717
762.141
757.233
751.979
746.367
740.388
734.037
727.312
720.216
712.761
704.964
696.855
688.47
679.861
671.087
662.221
653.342
644.539
635.899
627.507
619.439
611.748
604.466
597.588
591.074
584.845
578.785
572.743
566.54
559.975
552.835
544.898
535.948
525.779
514.217
501.143
486.015
469.255
451.032
431.671
411.691
391.739
372.504
354.719
339.041
325.931
315.571
307.822
302.367
298.771
296.602
295.519
295.334
295.943
297.51
300.3
304.699
311.172
320.17
332.038
346.931
364.772
385.26
407.931
432.232
457.589
483.457
509.353
534.867
559.667
583.494
606.141
627.489
647.454
665.993
683.093
698.772
713.066
726.038
737.738
748.238
757.614
765.945
773.313
779.798
785.476
790.424
794.712
798.408
799.243
797.58
795.751
793.748
791.563
789.185
786.606
783.815
780.801
777.555
774.065
770.322
766.315
762.034
757.472
752.62
747.473
742.028
736.286
730.248
723.923
717.323
710.465
703.374
696.078
688.613
681.02
673.344
665.631
657.929
650.281
642.721
635.273
627.944
620.72
613.564
606.414
599.18
591.75
583.987
575.738
566.833
557.095
546.343
534.405
521.12
506.356
489.672
471.571
452.285
432.153
411.606
391.238
371.768
353.919
338.306
325.34
315.138
307.533
302.189
298.666
296.537
295.467
295.271
295.848
297.357
300.056
304.328
310.635
319.435
331.082
345.751
363.382
383.691
406.226
430.437
455.75
481.618
507.549
533.129
558.019
581.952
604.716
626.188
646.279
664.942
682.164
697.959
712.361
725.435
737.228
747.812
757.264
765.664
773.093
779.631
785.356
790.345
794.668
798.395
799.312
797.801
796.141
794.327
792.35
790.203
787.878
785.367
782.662
779.755
776.639
773.304
769.744
765.951
761.92
757.644
753.121
748.347
743.321
738.046
732.525
726.765
720.776
714.571
708.165
701.579
694.832
687.947
680.946
673.851
666.678
659.439
652.135
644.757
637.283
629.672
621.869
613.797
605.363
596.456
586.949
576.704
565.575
553.415
540.089
525.493
509.031
491.206
472.159
452.069
431.28
410.29
389.711
370.227
352.514
337.131
324.442
314.494
307.104
301.921
298.507
296.442
295.403
295.21
295.767
297.231
299.857
304.024
310.193
318.825
330.284
344.76
362.209
382.362
404.777
428.908
454.181
480.045
506.006
531.641
556.605
580.629
603.493
625.07
645.268
664.038
681.364
697.258
711.753
724.913
736.786
747.443
756.961
765.42
772.901
779.485
785.252
790.276
794.63
798.384
799.37
797.987
796.47
794.812
793.008
791.051
788.934
786.65
784.194
781.558
778.735
775.72
772.505
769.086
765.457
761.613
757.55
753.266
748.759
744.028
739.074
733.899
728.508
722.905
717.097
711.092
704.898
698.522
691.972
685.252
678.362
671.299
664.05
656.596
648.905
640.936
632.633
623.927
614.734
604.958
594.489
583.21
570.995
557.713
543.225
527.438
509.928
491.199
471.353
450.64
429.429
408.217
387.608
368.259
350.801
335.738
323.396
313.749
306.609
301.611
298.322
296.334
295.334
295.152
295.699
297.131
299.7
303.784
309.842
318.337
329.642
343.957
361.254
381.275
403.585
427.645
452.88
478.737
504.718
530.395
555.42
579.516
602.462
624.126
644.414
663.272
680.685
696.662
711.235
724.469
736.41
747.128
756.702
765.211
772.737
779.361
785.162
790.216
794.597
798.374
799.418
798.14
796.739
795.21
793.546
791.742
789.791
787.689
785.428
783.004
780.409
777.639
774.688
771.551
768.222
764.697
760.971
757.041
752.904
748.557
743.999
739.227
734.243
729.044
723.631
718.005
712.164
706.107
699.829
693.326
686.586
679.596
672.336
664.776
656.882
648.608
639.899
630.687
620.896
610.438
599.215
587.121
574.046
559.897
544.624
527.63
509.377
489.965
469.563
448.444
426.994
405.717
385.205
366.09
348.961
334.273
322.297
312.974
306.095
301.289
298.13
296.222
295.265
295.1
295.643
297.051
299.577
303.595
309.562
317.945
329.123
343.304
360.473
380.381
402.602
426.599
451.8
477.649
503.644
529.355
554.428
578.583
601.597
623.333
643.695
662.628
680.113
696.159
710.798
724.094
736.091
746.861
756.482
765.034
772.597
779.255
785.085
790.166
794.569
798.365
799.456
798.263
796.956
795.529
793.976
792.293
790.473
788.512
786.403
784.141
781.721
779.137
776.384
773.455
770.347
767.054
763.572
759.895
756.019
751.94
747.654
743.157
738.445
733.513
728.356
722.97
717.347
711.479
705.355
698.964
692.286
685.302
677.985
670.301
662.212
653.67
644.618
634.993
624.719
613.715
601.889
589.145
575.396
560.549
544.517
526.807
507.949
488.035
467.25
445.882
424.329
403.094
382.759
363.929
347.157
332.853
321.239
312.231
305.603
300.981
297.946
296.114
295.201
295.053
295.597
296.989
299.482
303.448
309.344
317.638
328.713
342.786
359.849
379.664
401.81
425.754
450.923
476.763
502.767
528.503
553.614
577.817
600.884
622.679
643.101
662.094
679.638
695.742
710.435
723.781
735.825
746.639
756.298
764.885
772.48
779.166
785.021
790.124
794.546
798.358
799.486
798.36
797.126
795.779
794.313
792.723
791.004
789.151
787.157
785.019
782.729
780.283
777.676
774.901
771.953
768.827
765.517
762.017
758.323
754.429
750.327
746.013
741.48
736.719
731.724
726.484
720.989
715.226
709.18
702.832
696.162
689.142
681.744
673.93
665.659
656.881
647.54
637.572
626.906
615.463
603.166
589.934
575.68
560.314
543.503
525.318
506.05
485.8
464.773
443.272
421.705
400.576
380.454
361.921
345.499
331.558
320.278
311.558
305.157
300.701
297.778
296.017
295.143
295.014
295.56
296.941
299.409
303.336
309.177
317.401
328.394
342.38
359.357
379.096
401.18
425.079
450.221
476.051
502.061
527.816
552.956
577.196
600.306
622.147
642.617
661.659
679.251
695.401
710.138
723.525
735.607
746.456
756.148
764.763
772.384
779.093
784.969
790.089
794.527
798.353
799.51
798.434
797.256
795.969
794.569
793.05
791.407
789.635
787.728
785.68
783.486
781.141
778.639
775.974
773.14
770.132
766.943
763.566
759.996
756.226
752.247
748.053
743.634
738.981
734.083
728.928
723.503
717.791
711.774
705.431
698.737
691.663
684.175
676.237
667.802
658.823
649.241
638.994
628.013
616.226
603.556
589.923
575.26
559.512
542.143
523.639
504.077
483.596
462.418
440.857
419.327
398.33
378.424
360.171
344.063
330.443
319.455
310.982
304.775
300.46
297.633
295.933
295.094
294.982
295.531
296.905
299.355
303.252
309.051
317.221
328.151
342.068
358.979
378.657
400.69
424.552
449.673
475.493
501.506
527.275
552.437
576.706
599.849
621.726
642.234
661.314
678.943
695.129
709.901
723.32
735.433
746.309
756.027
764.665
772.307
779.034
784.926
790.061
794.511
798.348
799.527
798.489
797.352
796.111
794.759
793.292
791.704
789.991
788.146
786.163
784.038
781.765
779.337
776.749
773.995
771.067
767.96
764.667
761.179
757.49
753.591
749.472
745.125
740.536
735.695
730.586
725.195
719.503
713.489
707.131
700.4
693.267
685.696
677.647
669.076
659.932
650.158
639.694
628.472
616.418
603.459
589.521
574.54
558.471
540.804
522.045
502.274
481.641
460.376
438.8
417.331
396.466
376.754
358.74
342.895
329.542
318.789
310.516
304.466
300.266
297.516
295.865
295.055
294.956
295.509
296.879
299.317
303.192
308.96
317.089
327.972
341.839
358.698
378.33
400.324
424.158
449.259
475.072
501.087
526.864
552.043
576.332
599.5
621.404
641.94
661.049
678.707
694.921
709.719
723.163
735.299
746.197
755.933
764.59
772.247
778.989
784.893
790.039
794.499
798.344
799.539
798.528
797.42
796.21
794.892
793.461
791.912
790.239
788.437
786.5
784.421
782.197
779.819
777.283
774.581
771.707
768.654
765.414
761.979
758.342
754.492
750.42
746.115
741.563
736.753
731.667
726.29
720.602
714.58
708.199
701.432
694.246
686.606
678.47
669.793
660.524
650.608
639.984
628.584
616.339
603.174
589.019
573.812
557.513
539.645
520.713
500.806
480.079
458.769
437.2
415.792
395.039
375.483
357.657
342.014
328.86
318.287
310.165
304.234
300.119
297.428
295.814
295.025
294.937
295.494
296.862
299.29
303.151
308.897
316.999
327.848
341.678
358.5
378.098
400.064
423.876
448.963
474.769
500.784
526.569
551.758
576.063
599.248
621.172
641.728
660.858
678.537
694.77
709.587
723.049
735.202
746.115
755.866
764.535
772.204
778.955
784.869
790.023
794.49
798.342
799.547
798.553
797.463
796.273
794.976
793.569
792.044
790.396
788.621
786.712
784.663
782.468
780.122
777.617
774.947
772.106
769.085
765.877
762.474
758.867
755.046
751
746.718
742.187
737.392
732.317
726.944
721.253
715.221
708.821
702.026
694.802
687.112
678.916
670.167
660.815
650.804
640.074
628.559
616.19
602.894
588.601
573.247
556.797
538.802
519.765
499.778
479
457.668
436.112
414.751
394.08
374.633
356.935
341.427
328.413
317.957
309.935
304.08
300.022
297.369
295.78
295.005
294.925
295.484
296.851
299.274
303.125
308.859
316.943
327.771
341.578
358.378
377.953
399.901
423.698
448.777
474.578
500.592
526.38
551.576
575.89
599.086
621.022
641.592
660.735
678.427
694.673
709.503
722.976
735.139
746.063
755.822
764.5
772.176
778.934
784.854
790.013
794.485
798.34
799.55
798.565
797.484
796.304
795.018
793.621
792.108
790.473
788.711
786.815
784.78
782.6
780.269
777.779
775.125
772.299
769.294
766.101
762.713
759.12
755.312
751.278
747.007
742.484
737.696
732.625
727.254
721.56
715.522
709.112
702.302
695.058
687.343
679.115
670.33
660.936
650.877
640.093
628.521
616.09
602.73
588.369
572.943
556.415
538.356
519.269
499.244
478.442
457.102
435.554
414.219
393.59
374.201
356.569
341.131
328.184
317.787
309.816
304.001
299.972
297.338
295.762
294.995
294.919
295.48
296.846
299.268
303.116
308.843
316.919
327.738
341.534
358.322
377.887
399.825
423.615
448.688
474.486
500.501
526.29
551.489
575.807
599.009
620.95
641.526
660.676
678.374
694.626
709.462
722.941
735.109
746.037
755.802
764.483
772.163
778.924
784.847
790.008
794.482
798.339
799.551
798.565
797.485
796.304
795.019
793.622
792.11
790.475
788.713
786.818
784.784
782.604
780.273
777.784
775.13
772.305
769.3
766.108
762.721
759.128
755.321
751.288
747.018
742.496
737.708
732.638
727.267
721.575
715.537
709.127
702.317
695.073
687.357
679.13
670.343
660.947
650.887
640.102
628.526
616.093
602.73
588.365
572.934
556.401
538.338
519.247
499.218
478.413
457.07
435.521
414.186
393.558
374.171
356.542
341.108
328.166
317.773
309.805
303.994
299.967
297.335
295.76
294.994
294.919
295.48
296.847
299.269
303.117
308.845
316.921
327.74
341.536
358.325
377.89
399.829
423.618
448.691
474.489
500.503
526.292
551.491
575.809
599.01
620.952
641.528
660.677
678.375
694.627
709.463
722.942
735.11
746.038
755.802
764.483
772.163
778.924
784.847
790.008
794.482
798.339
799.547
798.554
797.465
796.275
794.979
793.572
792.048
790.402
788.628
786.72
784.672
782.479
780.134
777.631
774.963
772.123
769.104
765.899
762.498
758.893
755.074
751.031
746.751
742.223
737.43
732.357
726.987
721.297
715.267
708.868
702.073
694.849
687.158
678.96
670.208
660.852
650.836
640.1
628.577
616.2
602.895
588.59
573.223
556.758
538.748
519.698
499.7
478.912
457.573
436.013
414.651
393.982
374.543
356.854
341.358
328.358
317.914
309.903
304.059
300.008
297.36
295.774
295.003
294.924
295.484
296.852
299.276
303.128
308.863
316.948
327.777
341.586
358.386
377.962
399.91
423.708
448.786
474.586
500.6
526.387
551.583
575.896
599.092
621.027
641.596
660.738
678.43
694.675
709.505
722.978
735.141
746.064
755.823
764.5
772.177
778.935
784.854
790.013
794.485
798.34
799.539
798.53
797.423
796.214
794.897
793.468
791.92
790.249
788.448
786.513
784.437
782.215
779.84
777.306
774.607
771.737
768.687
765.451
762.02
758.387
754.541
750.474
746.173
741.626
736.819
731.738
726.365
720.679
714.66
708.282
701.516
694.33
686.688
678.549
669.868
660.593
650.669
640.034
628.622
616.361
603.18
589.006
573.775
557.452
539.56
520.605
500.678
479.935
458.611
437.035
415.624
394.875
375.33
357.52
341.897
328.765
318.213
310.112
304.197
300.095
297.413
295.805
295.02
294.935
295.494
296.863
299.293
303.156
308.904
317.007
327.858
341.69
358.514
378.112
400.079
423.891
448.978
474.783
500.797
526.58
551.768
576.072
599.256
621.179
641.734
660.863
678.541
694.774
709.59
723.052
735.204
746.117
755.867
764.536
772.205
778.956
784.87
790.023
794.491
798.342
799.527
798.492
797.356
796.116
794.766
793.301
791.716
790.005
788.162
786.183
784.061
781.791
779.367
776.783
774.033
771.111
768.009
764.721
761.239
757.556
753.663
749.551
745.21
740.629
735.794
730.692
725.307
719.62
713.611
707.256
700.527
693.395
685.823
677.771
669.194
660.041
650.257
639.778
628.538
616.464
603.48
589.514
574.501
558.398
540.697
521.904
502.103
481.444
460.159
438.57
417.096
396.236
376.538
358.547
342.729
329.407
318.685
310.44
304.413
300.231
297.494
295.852
295.048
294.953
295.509
296.881
299.321
303.198
308.969
317.101
327.986
341.856
358.717
378.349
400.345
424.178
449.279
475.09
501.104
526.88
552.056
576.345
599.511
621.413
641.948
661.056
678.713
694.926
709.723
723.166
735.301
746.199
755.935
764.591
772.248
778.989
784.894
790.039
794.499
798.344
799.51
798.437
797.261
795.977
794.579
793.063
791.423
789.654
787.75
785.706
783.517
781.177
778.68
776.02
773.193
770.191
767.009
763.64
760.078
756.316
752.346
748.161
743.752
739.109
734.221
729.076
723.659
717.956
711.947
705.61
698.92
691.848
684.361
676.42
667.979
658.99
649.394
639.128
628.125
616.312
603.609
589.94
575.235
559.443
542.024
523.476
503.873
483.355
462.148
440.568
419.029
398.036
378.147
359.921
343.848
330.268
319.319
310.882
304.705
300.414
297.605
295.916
295.085
294.978
295.531
296.908
299.361
303.26
309.063
317.235
328.168
342.089
359.002
378.681
400.715
424.577
449.696
475.515
501.527
527.294
552.454
576.721
599.862
621.737
642.243
661.322
678.95
695.135
709.906
723.324
735.436
746.312
756.029
764.667
772.308
779.035
784.927
790.061
794.511
798.348
799.488
798.364
797.132
795.788
794.325
792.739
791.024
789.175
787.186
785.052
782.769
780.329
777.728
774.96
772.021
768.903
765.603
762.114
758.431
754.548
750.459
746.158
741.638
736.891
731.91
726.684
721.203
715.452
709.418
703.08
696.418
689.404
682.008
674.193
665.916
657.128
647.772
637.783
627.089
615.613
603.278
590.003
575.706
560.316
543.359
525.144
505.827
485.531
464.464
442.934
421.352
400.223
380.118
361.616
345.235
331.342
320.111
311.435
305.071
300.644
297.742
295.996
295.132
295.009
295.559
296.944
299.415
303.345
309.19
317.417
328.414
342.403
359.383
379.123
401.207
425.106
450.248
476.076
502.084
527.837
552.975
577.213
600.321
622.16
642.628
661.668
679.259
695.407
710.143
723.529
735.611
746.458
756.15
764.765
772.386
779.094
784.969
790.089
794.527
798.353
799.457
798.268
796.963
795.54
793.991
792.312
790.497
788.541
786.439
784.183
781.77
779.194
776.449
773.531
770.433
767.152
763.682
760.018
756.157
752.094
747.825
743.345
738.652
733.739
728.602
723.236
717.633
711.784
705.678
699.303
692.639
685.666
678.355
670.674
662.581
654.029
644.962
635.313
625.008
613.966
602.092
589.294
575.485
560.568
544.453
526.666
507.736
487.758
466.92
445.512
423.934
402.694
382.372
363.574
346.848
332.598
321.04
312.084
305.5
300.913
297.903
296.089
295.187
295.047
295.596
296.992
299.488
303.458
309.358
317.656
328.735
342.812
359.877
379.693
401.839
425.783
450.951
476.789
502.791
528.525
553.634
577.834
600.899
622.692
643.112
662.103
679.646
695.748
710.44
723.785
735.829
746.641
756.301
764.887
772.482
779.167
785.022
790.124
794.546
798.358
799.419
798.145
796.748
795.223
793.564
791.765
789.821
787.725
785.471
783.055
780.47
777.71
774.77
771.644
768.329
764.818
761.109
757.197
753.079
748.753
744.217
739.47
734.511
729.339
723.954
718.356
712.543
706.514
700.263
693.785
687.068
680.097
672.849
665.298
657.405
649.124
640.398
631.162
621.336
610.833
599.555
587.397
574.245
560.011
544.648
527.556
509.21
489.714
469.241
448.065
426.577
405.285
384.78
365.695
348.613
333.984
322.069
312.806
305.976
301.211
298.081
296.193
295.249
295.092
295.641
297.054
299.584
303.606
309.577
317.964
329.146
343.33
360.501
380.41
402.632
426.628
451.828
477.675
503.668
529.376
554.447
578.6
601.611
623.345
643.706
662.637
680.12
696.165
710.804
724.098
736.094
746.864
756.484
765.035
772.599
779.256
785.086
790.166
794.57
798.366
799.372
797.993
796.48
794.828
793.03
791.079
788.969
786.693
784.246
781.62
778.808
775.805
772.604
769.2
765.588
761.763
757.721
753.46
748.978
744.275
739.351
734.208
728.851
723.285
717.516
711.551
705.398
699.063
692.553
685.87
679.015
671.982
664.757
657.319
649.636
641.665
633.348
624.615
615.383
605.555
595.022
583.667
571.367
557.991
543.393
527.47
509.847
491.011
471.073
450.284
429.017
407.776
387.163
367.838
350.425
335.422
323.145
313.562
306.477
301.524
298.267
296.301
295.316
295.144
295.697
297.133
299.707
303.795
309.856
318.355
329.664
343.982
361.281
381.303
403.613
427.672
452.906
478.762
504.74
530.415
555.437
579.531
602.475
624.137
644.423
663.281
680.692
696.667
711.24
724.473
736.413
747.131
756.704
765.213
772.738
779.362
785.162
790.217
794.598
798.374
799.314
797.808
796.154
794.345
792.375
790.236
787.919
785.418
782.724
779.829
776.726
773.406
769.863
766.089
762.079
757.827
753.33
748.586
743.593
738.354
732.873
727.156
721.214
715.06
708.708
702.177
695.488
688.662
681.72
674.681
667.56
660.368
653.103
645.754
638.296
630.689
622.874
614.774
606.295
597.327
587.743
577.406
566.171
553.893
540.436
525.694
509.089
491.137
471.972
451.777
430.909
409.869
389.271
369.8
352.125
336.799
324.176
314.294
306.962
301.826
298.447
296.407
295.383
295.201
295.764
297.233
299.863
304.034
310.207
318.842
330.305
344.783
362.234
382.388
404.802
428.933
454.204
480.067
506.025
531.658
556.621
580.642
603.504
625.08
645.277
664.045
681.37
697.262
711.757
724.917
736.789
747.445
756.963
765.421
772.902
779.486
785.252
790.276
794.63
798.384
799.246
797.588
795.765
793.77
791.592
789.223
786.654
783.874
780.873
777.641
774.167
770.442
766.456
762.198
757.662
752.84
747.727
742.32
736.62
730.63
724.357
717.815
711.021
703.998
696.776
689.39
681.879
674.286
666.658
659.039
651.468
643.978
636.59
629.307
622.112
614.966
607.805
600.539
593.054
585.216
576.872
567.853
557.986
547.092
535
521.551
506.603
489.749
471.5
452.097
431.865
411.24
390.832
371.359
353.535
337.972
325.07
314.932
307.386
302.09
298.604
296.5
295.447
295.262
295.845
297.358
300.061
304.337
310.647
319.449
331.099
345.77
363.402
383.712
406.246
430.457
455.769
481.634
507.565
533.143
558.031
581.962
604.725
626.195
646.285
664.947
682.169
697.962
712.364
725.437
737.23
747.814
757.265
765.665
773.093
779.631
785.356
790.345
794.668
798.395
799.167
797.333
795.314
793.1
790.678
788.037
785.165
782.048
778.673
775.026
771.092
766.857
762.306
757.426
752.204
746.629
740.693
734.39
727.719
720.684
713.298
705.578
697.553
689.263
680.755
672.09
663.338
654.579
645.896
637.375
629.096
621.13
613.527
606.312
599.478
592.981
586.739
580.637
574.523
568.221
561.533
554.248
546.149
537.021
526.665
514.906
501.629
486.302
469.359
450.974
431.486
411.421
391.413
372.155
354.377
338.73
325.676
315.374
307.679
302.271
298.71
296.565
295.498
295.324
295.939
297.51
300.304
304.706
311.181
320.181
332.05
346.945
364.786
385.275
407.946
432.246
457.601
483.468
509.363
534.876
559.675
583.501
606.146
627.494
647.458
665.996
683.096
698.775
713.067
726.04
737.74
748.239
757.615
765.946
773.314
779.798
785.477
790.424
794.712
798.408
799.078
797.047
794.806
792.342
789.64
786.684
783.459
779.945
776.125
771.978
767.484
762.62
757.366
751.699
745.598
739.045
732.024
724.523
716.535
708.064
699.122
689.737
679.95
669.82
659.429
648.876
638.282
627.783
617.529
607.672
598.359
589.719
581.846
574.792
568.553
563.066
558.207
553.802
549.637
545.464
541.015
536.017
530.197
523.294
515.069
505.313
493.855
480.577
465.184
448.13
429.728
410.456
390.955
371.999
354.38
338.808
325.767
315.445
307.724
302.294
298.723
296.581
295.53
295.387
296.05
297.701
300.609
305.169
311.847
321.088
333.221
348.381
366.468
387.162
409.987
434.385
459.783
485.643
511.488
536.917
561.606
585.303
607.807
629.007
648.823
667.214
684.172
699.715
713.881
726.736
738.328
748.729
758.016
766.269
773.567
779.989
785.614
790.514
794.762
798.423
798.982
796.736
794.252
791.512
788.498
785.189
781.563
777.595
773.258
768.525
763.365
757.746
751.633
744.993
737.791
729.992
721.566
712.488
702.741
692.319
681.235
669.521
657.239
644.481
631.378
618.096
604.842
591.85
579.379
567.691
557.034
547.617
539.59
533.021
527.885
524.057
521.321
519.395
517.969
516.69
515.19
513.127
510.14
505.941
500.258
492.859
483.577
472.332
458.757
443.27
426.184
407.981
389.312
370.959
353.747
338.42
325.524
315.288
307.62
302.226
298.684
296.568
295.55
295.453
296.178
297.925
300.968
305.713
312.624
322.14
334.573
350.034
368.397
389.321
412.319
436.826
462.272
488.123
513.913
539.248
563.814
587.354
609.7
630.734
650.38
668.603
685.398
700.787
714.807
727.527
738.995
749.285
758.471
766.634
773.852
780.205
785.769
790.616
794.818
798.44
798.882
796.411
793.67
790.637
787.289
783.597
779.532
775.061
770.147
764.749
758.823
752.322
745.194
737.383
728.834
719.489
709.291
698.19
686.145
673.133
659.158
644.259
628.526
612.112
595.236
578.187
561.322
545.05
529.806
516.016
504.052
494.198
486.616
481.329
478.216
477.055
477.375
478.756
480.86
483.189
485.262
486.627
486.826
485.686
482.838
477.998
471.012
461.781
450.278
436.482
420.849
403.875
386.224
368.691
352.117
337.273
324.733
314.75
307.262
301.997
298.549
296.506
295.551
295.523
296.338
298.209
301.425
306.4
313.6
323.451
336.244
352.06
370.743
391.93
415.117
439.736
465.222
491.048
516.757
541.97
566.38
589.739
611.893
632.726
652.172
670.197
686.803
702.011
715.862
728.426
739.753
749.913
758.984
767.045
774.173
780.447
785.942
790.73
794.881
798.459
798.782
796.085
793.085
789.755
786.063
781.975
777.451
772.447
766.912
760.791
754.021
746.533
738.248
729.083
718.946
707.743
695.376
681.754
666.797
650.454
632.713
613.629
593.346
572.132
550.396
528.671
507.596
487.856
470.129
454.998
442.878
433.974
428.288
425.636
425.712
427.739
431.625
436.799
442.686
448.722
454.369
459.127
462.554
464.287
463.931
461.635
456.884
449.656
439.976
427.973
413.855
398.225
381.75
365.229
349.508
335.359
323.391
313.828
306.655
301.617
298.328
296.401
295.539
295.593
296.517
298.53
301.939
307.168
314.685
324.903
338.09
354.295
373.33
394.805
418.204
442.953
468.489
494.294
519.921
545.002
569.242
592.404
614.343
634.953
654.173
671.977
688.367
703.372
717.034
729.422
740.589
750.605
759.547
767.494
774.522
780.709
786.129
790.853
794.948
798.479
798.688
795.778
792.532
788.917
784.893
780.417
775.439
769.901
763.739
756.876
749.228
740.696
731.169
720.522
708.617
695.303
680.422
663.82
645.358
624.941
602.555
578.312
552.504
525.655
498.548
472.176
447.633
425.953
407.947
394.077
384.434
378.808
376.87
377.753
381.036
386.465
393.517
401.645
410.3
418.952
427.092
434.242
439.963
443.869
445.617
445.053
442.168
436.644
428.544
418.034
405.431
391.159
375.946
360.582
345.902
332.664
321.449
312.485
305.769
301.061
298.005
296.244
295.514
295.68
296.748
298.945
302.602
308.156
316.069
326.74
340.404
357.069
376.509
398.307
421.93
446.804
472.369
498.12
523.626
548.531
572.555
595.471
617.149
637.491
656.442
673.983
690.122
704.888
718.336
730.522
741.505
751.359
760.157
767.977
774.896
780.989
786.327
790.982
795.019
798.5
798.607
795.511
792.048
788.18
783.859
779.034
773.643
767.614
760.868
753.306
744.819
735.275
724.523
712.389
698.673
683.154
665.591
645.739
623.38
598.359
570.672
540.564
508.663
476.065
444.314
415.163
390.133
370.216
355.724
346.36
341.484
340.488
342.095
346.199
352.328
360.033
368.881
378.402
388.155
397.726
406.712
414.711
421.334
426.215
429.036
429.458
427.731
423.42
416.557
407.314
395.998
383.06
369.209
355.104
341.602
329.429
319.112
310.876
304.715
300.408
297.631
296.065
295.484
295.776
296.997
299.389
303.306
309.198
317.528
328.675
342.844
360.002
379.882
402.037
425.918
450.943
476.558
502.266
527.649
552.366
576.154
598.799
620.185
640.225
658.875
676.122
691.981
706.484
719.696
731.661
742.447
752.125
760.771
768.459
775.265
781.262
786.52
791.107
795.087
798.521
798.545
795.307
791.68
787.616
783.064
777.964
772.245
765.825
758.607
750.475
741.295
730.904
719.114
705.699
690.398
672.91
652.902
630.026
603.959
574.486
541.633
505.867
468.315
430.898
396.182
366.863
344.685
329.702
320.78
316.48
315.693
317.303
321.196
327.097
334.772
343.944
354.188
364.629
374.728
384.203
392.859
400.482
406.821
411.597
414.527
415.29
414.034
410.429
404.436
396.211
386.042
374.373
361.809
349.044
336.809
325.81
316.488
309.063
303.524
299.668
297.206
295.863
295.471
295.921
297.342
299.996
304.266
310.615
319.5
331.272
346.086
363.85
384.248
406.799
430.934
456.073
481.671
507.25
532.411
556.838
580.284
602.558
623.56
643.218
661.496
678.392
693.922
708.127
721.069
732.794
743.368
752.864
761.352
768.908
775.603
781.508
786.691
791.217
795.146
798.538
798.509
795.189
791.464
787.287
782.6
777.339
771.426
764.773
757.271
748.794
739.19
728.276
715.835
701.608
685.288
666.519
644.9
620.005
591.435
558.924
522.52
482.857
441.445
400.777
363.925
333.658
313.513
304.185
300.201
298.868
299.019
300.291
302.811
306.991
313.619
324.057
340.485
354.472
366.041
375.703
383.819
390.56
395.937
399.846
402.122
402.521
401.18
397.772
392.295
384.873
375.757
365.341
354.152
342.814
331.971
322.227
313.961
307.377
302.465
299.054
296.903
295.794
295.592
296.265
297.991
301.06
305.882
312.922
322.607
335.227
350.852
369.31
390.224
413.081
437.313
462.36
487.713
512.93
537.652
561.593
584.519
606.293
626.814
646.018
663.878
680.395
695.588
709.496
722.181
733.685
744.072
753.41
761.769
769.22
775.83
781.668
786.798
791.283
795.181
798.549
)
;

boundaryField
{
    fuel
    {
        type            fixedValue;
        value           uniform 800;
    }
    air
    {
        type            fixedValue;
        value           uniform 800;
    }
    outlet
    {
        type            inletOutlet;
        inletValue      uniform 293;
        value           nonuniform List<scalar> 
200
(
798.488
795.121
791.341
787.1
782.34
776.992
770.98
764.209
756.569
747.929
738.131
726.987
714.271
699.716
683.002
663.762
641.584
616.033
586.716
553.391
516.178
475.84
434.084
393.621
357.594
328.275
293
293
293
293
293
293
293
293
293
293
293
353.958
365.342
374.807
382.723
389.265
394.447
398.168
400.261
400.497
399.004
395.454
389.866
382.376
373.247
362.887
351.83
340.702
330.136
320.704
312.762
306.484
301.834
298.628
296.625
295.611
295.46
296.148
297.858
300.883
305.633
312.576
322.148
334.645
350.149
368.498
389.322
412.111
436.3
461.326
486.676
511.909
536.66
560.64
583.614
605.443
626.021
645.285
663.207
679.786
695.04
709.008
721.75
733.309
743.748
753.135
761.54
769.032
775.681
781.553
786.715
791.228
795.151
798.539
798.492
795.134
791.365
787.135
782.389
777.058
771.065
764.317
756.704
748.096
738.337
727.239
714.58
700.092
683.46
664.32
642.261
616.854
587.703
554.567
517.551
477.394
435.753
395.267
359.017
329.338
293
293
293
293
293
293
293
293
293
293
341.234
355.197
366.665
376.189
384.15
390.724
395.92
399.633
401.695
401.875
400.312
396.665
390.965
383.351
374.088
363.59
352.397
341.14
330.459
320.931
312.912
306.577
301.888
298.657
296.639
295.615
295.458
296.141
297.846
300.865
305.608
312.545
322.11
334.602
350.101
368.447
389.27
412.06
436.25
461.28
486.634
511.871
536.626
560.611
583.589
605.421
626.002
645.27
663.195
679.775
695.032
709.001
721.745
733.305
743.745
753.133
761.538
769.031
775.68
781.553
786.715
791.228
795.151
798.539
)
;
    }
    frontAndBack
    {
        type            empty;
    }
}


// ************************************************************************* //
