/*--------------------------------*- C++ -*----------------------------------*\
  =========                 |
  \\      /  F ield         | OpenFOAM: The Open Source CFD Toolbox
   \\    /   O peration     | Website:  https://openfoam.org
    \\  /    A nd           | Version:  12
     \\/     M anipulation  |
\*---------------------------------------------------------------------------*/
FoamFile
{
    format      ascii;
    class       volScalarField;
    location    "0";
    object      yPlus;
}
// * * * * * * * * * * * * * * * * * * * * * * * * * * * * * * * * * * * * * //

dimensions      [0 0 0 0 0 0 0];

internalField   uniform 0;

boundaryField
{
    front
    {
        type            empty;
    }
    Back
    {
        type            empty;
    }
    outlet1
    {
        type            calculated;
        value           uniform 0;
    }
    outlet2
    {
        type            calculated;
        value           uniform 0;
    }
    walls
    {
        type            calculated;
        value           nonuniform List<scalar> 
1024
(
1.0228000031443584827
1.0234810635045101801
1.026404797689850934
1.0745930647614387876
1.0221137971125204835
1.0297791450643121181
1.058718507115958829
1.0222435528831861351
1.0224436230959728089
1.0246411719619128444
1.039276114264024331
1.0686777117045886953
1.022233526473744547
1.0654419458077899474
1.0654419456651553766
1.0303817417669651757
1.023716634783043089
1.0222785440773010102
1.0578446427458287893
1.0238161664980851562
1.0218668723777675211
1.0553426496263706991
1.0218668723952339938
1.0231508678945508972
1.0286748642854934843
1.0446118307018308347
1.0275634391662951117
1.0251131420440151576
1.0241690610758571456
1.0260775228428700157
1.0430136696280962738
1.0219518489134833406
1.0220414402800721554
1.0348482596770047781
1.0561571860718661497
1.0220121974939033738
1.022881242079482389
1.0259584561618115828
1.021879993961921862
1.0219200422106462511
1.0231242719809043873
1.022111518578040279
1.0218583207735012497
1.0358295553720195947
1.0220045572129026201
1.0721440068586953753
1.0469269732452872734
1.0446118307015701543
1.0508462723340303846
1.0278669690847648255
1.0569910560204514027
1.0494761984066360849
1.0306083522743338943
1.0238830226278687885
1.0219508879237695353
1.0475410146757031526
1.0578493266144999296
1.0244293846018899252
1.021998215530744103
1.0220663084326646608
1.0247267315875390192
1.0234792751628294383
1.0261946685093534803
1.0312780712916256309
1.0224936729656741718
1.022828260579997206
1.0221758905284925589
1.0219222655406077216
1.024943381991268776
1.026404797689850934
1.021866609372138468
1.05227264002939358
1.0233479648254946159
1.0218753643886224758
1.0219220411702183426
1.0561631437875493855
1.0249427933356360931
1.02817369874287734
1.0228786112392447283
1.026642156106039927
1.0299725954942664519
1.0218695495193150791
1.07096129524283179
1.0821236879957469856
1.0229822153219871872
1.0233932447586295833
1.0231633464049927351
1.0226934747377760537
1.0301839253969347077
1.0308291891145306973
1.0425034195863063236
1.0219191065857613498
1.0384499509602198586
1.0219720679643118366
1.0709665169669262408
1.0256535132670379085
1.0463275609811844014
1.0230866374562284093
1.022595864749511918
1.0225576002345306836
1.030393709926553214
1.0320042231903574503
1.0223953613706469046
1.0283414598820914687
1.0295835339238947892
1.0227106906526135521
1.0260688421800583381
1.0281736987367382508
1.073354393066129342
1.0351704634862104459
1.0222405582299458615
1.0238161664569975784
1.0325125249163986663
1.0218660213939487758
1.0494761983735785282
1.0218596620635165273
1.0270163634719404744
1.0218738781925671422
1.0230588988454174526
1.0224670146413488148
1.0267652860215037425
1.0246470039124218054
1.0322527372527092737
1.0222271263276108133
1.0333322070495303269
1.0220039268624265816
1.0261946684662299756
1.0229094516049876962
1.0232680455998264257
1.0698092843986408695
1.0392688513129284544
1.0221879855310715968
1.0218660214463310965
1.0224070453131484104
1.024799900429365529
1.0234792751498473784
1.0218753644234872535
1.0235255934108657971
1.0821236880566138527
1.0272878870135315754
1.0286748642865688463
1.0222994823665929598
1.0644130543441123748
1.0259713846500888579
1.0230153666560410919
1.0451751988998938536
1.0288414319334584501
1.031272551150469452
1.0223782651435160407
1.0368938486721333003
1.0221583233004667424
1.0226656281327297648
1.0233986266171521962
1.0457426109919951696
1.0219264316463556597
1.0237166348051687237
1.0351583265680905921
1.0245672005776753632
1.0236707890992393644
1.0235255933762499314
1.0278697297967616109
1.0319988210826300801
1.024569784407066253
1.0219066914492147546
1.0224936729656741718
1.0308291890984369044
1.026527430567806709
1.0220749219693707754
1.0219720679468291546
1.0405905348392254783
1.022030450442568128
1.0219518489309671327
1.025022613370577762
1.0758589831240574775
1.0218877489712190343
1.0218879523476407378
1.0221758905632318815
1.0218695495193150791
1.0430166292222955438
1.0221217820926087327
1.0230161407968203502
1.026180900492528858
1.0218764979695900141
1.0233073676533031016
1.0219811781715932852
1.0254672188301807711
1.035829555430204163
1.02285654416696703
1.0301751104876337717
1.0220966543863319043
1.0784975157327991724
1.0376618334708060942
1.0240508202591509512
1.022384520189300261
1.0263057435709688203
1.0227403925347957614
1.0522726401447208833
1.0578446427457448564
1.0219222655406074995
1.0784851604847811579
1.0266477929571948824
1.0228513317176326503
1.0225574392531564527
1.0239386403738528486
1.0721505664930166546
1.0221410828378132418
1.0281803226220971315
1.0654420287747727869
1.0226329799597493331
1.0825644392196824839
1.0240449308718646559
1.047544460116597298
1.0384499509218125812
1.0317558224176373027
1.0224792791076238174
1.0501471609510590888
1.0798532232259543395
1.0219403119800287705
1.0351704634071563493
1.0226213036472553419
1.0231633464049929572
1.0218572633665801153
1.032527938077560048
1.0225102271676895782
1.0226010295994605315
1.021858320721158675
1.0812332016779080401
1.0220039267754599255
1.0238317768793656626
1.067571803434990807
1.0246470040463471207
1.0522694541496675491
1.0220370393751572191
1.0369100046700543416
1.0376618333325318133
1.0219117956277490311
1.0228000030706969614
1.0221383461546229565
1.0231508679291891895
1.0303817417655931621
1.0388490895276829562
1.0285063342848486112
1.0218899033875437077
1.022523804870793418
1.0415253311881398357
1.0686777115956382911
1.0220757569146128318
1.0312725511432419001
1.0330668467637174057
1.021870789310598493
1.021869045203905868
1.0283327083610882546
1.0745930647614296838
1.0219200422280594331
1.0222994823492119743
1.0224215501178330889
1.0219117956452306029
1.026770038124839024
1.0384398179663913986
1.022408166345840641
1.0218904418451819627
1.0263057436108531384
1.0238726128727577702
1.0218657593382654003
1.0218900434007482936
1.0218905665345299205
1.0624256300449985702
1.0758606529010741326
1.0446122743779773234
1.0221664848677940451
1.0237726604762962257
1.0220414402975437351
1.056996530461656647
1.0234423996531698542
1.0420095349882148028
1.0293934163162006268
1.0219264316113894075
1.0220116519920878773
1.0221716637017805862
1.0812332016779078181
1.022252716076772705
1.0218904418103404996
1.0228786112652379359
1.053770019186261564
1.0224081663805448805
1.0288414319318530676
1.0469270837337638635
1.0227119375600166595
1.0244255763847800456
1.0219215109496719851
1.0229094516049876962
1.0325125249163986663
1.0219119242147898241
1.0228513317176326503
1.0361743673329093518
1.044066218048777861
1.0229149016162779606
1.0812401899658663496
1.0368938486716356984
1.0634156937073810933
1.0264107573933372031
1.0226213036300275672
1.0242967509828948547
1.023193740687556863
1.0401396396545792289
1.0501618815121793737
1.0254672187934956717
1.0220966543863321263
1.0392761142533839536
1.045742028081825481
1.0224469914536442605
1.0220757569146128318
1.0596130384132205204
1.045742028081825481
1.0231907317013060332
1.0219781757228068031
1.0758606529010781294
1.0274232065721575768
1.0634077629796416797
1.02215021205003187
1.0218729926742178282
1.025022613362811974
1.0290194408639872226
1.0397040414576179668
1.0218721239763497444
1.0290242834545677564
1.0494722879163400631
1.0224244163636075911
1.0251203745741934714
1.0226872943809806049
1.025368756724446051
1.0410523568040788156
1.0225843203816658011
1.0268871535961616726
1.0733614260936235052
1.0228282604066873951
1.0218624733346470812
1.0351583265685762036
1.0361743673329093518
1.0315125331342280823
1.0245672005617734168
1.0292070287095442804
1.0250306432300073656
1.0236214265292702397
1.022881242079482611
1.0239856717738438086
1.0219371007029167675
1.0229822153219871872
1.0336233791938733706
1.0220233349639500364
1.0239332704283572451
1.0221654954987273722
1.0614661381363619252
1.0222075894692483899
1.0219041913123037002
1.033337104109559812
1.0293834985236001156
1.0218764979347194632
1.0405994679814087878
1.0257703072542783129
1.0219601343930861947
1.022693474720588247
1.0223015165817808114
1.0219041913123037002
1.0223402369639602583
1.0228565442059591728
1.0508379211668474884
1.0365299477782543569
1.0380511908643059726
1.0297791450739786079
1.0252876357100795257
1.0425055134375789123
1.0451702599589238751
1.0271651168920368224
1.0248682739740615499
1.0218721239937897938
1.0226656281327295428
1.0798532232901039141
1.0256535132670379085
1.0223546770228904013
1.0348482595621268931
1.0310554925426111961
1.0218697546391029007
1.0463275609813276201
1.0463236229783350328
1.0545471129737407079
1.0488143465458177328
1.0220500407209540672
1.0515469358757014717
1.0285063342934523956
1.0230153666730406048
1.0252891141267543862
1.0322527372499838982
1.0283327083657358703
1.0252119862324204913
1.0218738782100054152
1.0223402370160601382
1.022510227159016738
1.0241698995932340122
1.0229574894095068149
1.0301751104876337717
1.0219079905602066471
1.0218892905661693948
1.0224070452958140542
1.0218799940318117336
1.0278669690753714505
1.0354891498727922805
1.0277142434783410607
1.0221664847809392995
1.0218924202788797206
1.0240449308718646559
1.0218669479291906388
1.0415375983152030948
1.0220900324223967104
1.0218780148109127826
1.0266477928505171047
1.0219721368897414226
1.0222135401813707833
1.0246411719619128444
1.0237242208643539954
1.0218707893105982709
1.0221986122887820603
1.0229425080725609298
1.0410523568043263953
1.0675731835890489574
1.0222075894345135083
1.07848516048478138
1.0825644392196824839
1.0317528712796009138
1.0372664009322389855
1.0251131420245305215
1.0286700391544982836
1.0236721875599434917
1.0221138539357903507
1.0271490087016410531
1.0218807828532971982
1.0227959153848757978
1.0222135401813707833
1.0245697843336163402
1.0664952251800972061
1.0365385776124593775
1.0219668786306510544
1.0299791020454984736
1.0798434001251202563
1.0308149196246314538
1.0222435528050488607
1.0624368770078906898
1.0219584937862737917
1.0226392676621438582
1.0218976110301682958
1.0252891141807145559
1.0218924202788797206
1.0530153396204413596
1.0255681797629063734
1.0248658807149284566
1.0225238048933236179
1.0221115185954183779
1.0469269731735975082
1.0451702599588548193
1.0222619492378974826
1.0342258219701505606
1.0605283869243546935
1.0222335264476973826
1.0257703071744617151
1.0258582400575908533
1.0220340989477403326
1.0569910560205557637
1.0252119863304940406
1.0771578006414752604
1.0358273671893161172
1.0219371007378841298
1.0228254858830998497
1.0587219069565079188
1.0226872944156544243
1.0515452272511134346
1.0230588988497482106
1.0384398179674019236
1.0259713847622380367
1.0733614261714485849
1.0230161408661158084
1.0221138539531673395
1.074591739179518779
1.0446122742891543744
1.0410673832687178386
1.0237692518328336266
1.0239856717738438086
1.0235725616365198842
1.0248682739702335009
1.0236203038774454033
1.0221217820577068736
1.021898563182735975
1.0320042231994663862
1.0654420287747721208
1.0239332704201666857
1.0253692769755993197
1.0253692769755993197
1.0291990817305418648
1.0219119241799599074
1.0261809004804718359
1.0264107573243559379
1.0401422544125553671
1.0265244088883909157
1.0218690451690204402
1.0322673660049110911
1.0220475872890049107
1.0258696177700816765
1.0219557786831698909
1.0330668467920860465
1.0219601344452862168
1.066490446324772412
1.0219908958669823296
1.0218892905486958167
1.0553403387148720949
1.0221225734933252483
1.0219403119974341809
1.0365385776121927019
1.0270163634623918902
1.0361756354193607521
1.0219316297925684633
1.0235282477047065175
1.021898563182735975
1.0237726604376062856
1.0224771938408845351
1.0218706972490685381
1.0255589084457821247
1.0223192983357689556
1.021896971746424132
1.0230874470546864607
1.0342258219722888501
1.0435331782150285562
1.0675718034506498366
1.0237692519258281276
1.0285014102335259256
1.0380511908627081397
1.0219721368897414226
1.0376480118241302453
1.0280205241926678728
1.0233072573502257629
1.0561571860718004245
1.0231160233143750116
1.0219781424737206521
1.0223246109279351401
1.021864572075324773
1.0249427933399546387
1.0515452272513416965
1.0223586581362382741
1.0221043899015325174
1.0771578006414757045
1.0235725615629669427
1.021958493821240932
1.0241061261235429036
1.0457426109828753535
1.029383498528126939
1.0253687567891918153
1.0545443173520712143
1.0230500002883855526
1.0225665387934446127
1.022060031954472592
1.0219546811056596791
1.0339117780161286575
1.0218787401140159155
1.0241135920319046626
1.0301839254651086186
1.0310402213292422235
1.0530109101363835933
1.0274312928547966184
1.0339117780190678619
1.0501471609509935856
1.0336233791516113989
1.0218756163565514417
1.028847129316989184
1.0596147638000530389
1.0319988210835311371
1.0614718880129092593
1.024865880611272928
1.0218711431389564392
1.0218969717986818857
1.0244929968965266198
1.0664952251801425032
1.0219428649638853113
1.0614661381363619252
1.0218674033599284279
1.0222863910566513113
1.025672259760824101
1.0605283869730974811
1.0236721876032031098
1.0241690610758571456
1.0227119375771902554
1.0305947079719834925
1.039268851312612929
1.0227701684497900736
1.0221137970950666674
1.0220962569867046987
1.0219508879585774697
1.0221716637192121979
1.0244944512130313985
1.0226010295822198781
1.021978142560701075
1.0469270837335646895
1.0220600319894077579
1.0644172050738220925
1.0537753006327836847
1.0224958775191543836
1.042503419699006395
1.0270244029868047519
1.0231907317402710866
1.0336189803931332687
1.0220116520268696103
1.0355004310134519052
1.0243655808973068932
1.0415253311886252252
1.022979676948802874
1.0553403386745334736
1.0530109101361999624
1.0220121974764253547
1.0224958775018679891
1.0291990817321272633
1.0219428649638853113
1.0401396396538860056
1.0798434001251195902
1.0281803226931001127
1.025461134021042664
1.0265274306163028051
1.0233470174226675375
1.0241698996170098823
1.0218780148283495013
1.0299725954993474986
1.0354891498713278963
1.0218645720229300178
1.0275739505308834065
1.0223953613706469046
1.042010463557977884
1.0342120367635363465
1.0372664009294383369
1.0219191020789371027
1.0221460488786762166
1.0219191021311695433
1.024296750990950855
1.0218877489886939447
1.0250306432321665273
1.0372814553395752757
1.0244929968965268419
1.0255681798103757352
1.0515469357353202096
1.0686764661140917276
1.0290242834395197935
1.0233470174226675375
1.0218905665345299205
1.0234810634878117597
1.0247900546083130724
1.0224670146586551933
1.0275739505610250735
1.0225958647538473389
1.0223684260985992367
1.0361756354246971501
1.0219220411528089354
1.0225574391837815025
1.027165116918960619
1.0430136696273442087
1.0218900434182260906
1.0644130543441614467
1.0220340990259824121
1.0425055134386138622
1.0239982476716982251
1.0219066914492147546
1.0265244088980145509
1.0277202800683247208
1.0440662180485038579
1.0221654954987271502
1.0405905348398651888
1.0664904462269868546
1.024228092440292226
1.0247267315875390192
1.0267652860240779056
1.0221410828986203789
1.0227959154088832605
1.0219360284518361759
1.0233479648341510249
1.021872992656788437
1.0396990920361766086
1.0295835338551426741
1.0218572634363765061
1.022074922021513288
1.022260112269646859
1.0221502120326593221
1.0218766320673715597
1.0475410146758685759
1.0231937407044449095
1.0232282088792969965
1.0220500407904924423
1.022770168506123678
1.031055492544756369
1.0317558225176926001
1.0219668786306510544
1.0227450294394886399
1.0222527160246845934
1.0481695352596527293
1.0241061261705188823
1.0587219070004456611
1.0225407306635494464
1.0218976111172575205
1.0218899033700667989
1.022158323283026915
1.0569965304853250476
1.0222405582647580147
1.0388580947013381639
1.0235282477047067395
1.0247999004228867115
1.0218657593382654003
1.0234362771772860246
1.0303937100274505045
1.0315125331333419023
1.0270244029857278356
1.0415375983818244698
1.0369100047223118732
1.0257554916484248331
1.0221916782037396842
1.0292070285970726928
1.0440621752678675982
1.0236214264773546567
1.0271490087111674328
1.0784975157388143607
1.0218611224227145406
1.029771668286120434
1.0231242719639699335
1.0561631437901064512
1.02185738063273579
1.0221346256365713145
1.0286700391574852276
1.0242958919171776255
1.0358273671893161172
1.0488131238513640486
1.0221916782732143325
1.0225576002172664936
1.0220064726782207565
1.0233932447586295833
1.0220064727131785709
1.053015339654831628
1.0272878870080841551
1.0481763628427807067
1.0698092844545186164
1.0355004311672366679
1.0229796769098213893
1.0226562082490677774
1.0225843204161702005
1.0254611340167532063
1.0308149196236571221
1.0219079905077634862
1.0280228466751972771
1.0605287508457350576
1.0488143465458177328
1.0226717387775110524
1.0221460488786759946
1.0222732539904844096
1.0242280925116136192
1.0233073676446462486
1.0388490895279363091
1.0686764661140959465
1.0274312927901978476
1.072144006858698706
1.0220304504775179488
1.0218815374849030686
1.0225407306462046542
1.0277142434811776806
1.0280228465772831559
1.0218697546391031228
1.0219874088633302822
1.0231160232797344989
1.0430166291197229267
1.0219557786309625413
1.0258582400575906313
1.0315142210087133723
1.061471888087065274
1.0242958919928148998
1.0220419741511563849
1.0218766320673715597
1.0228254858659888704
1.0229149016942518102
1.0224469914189451281
1.047544460184681947
1.032527938045427307
1.0224215500831821402
1.0420095349882148028
1.0435331781648515825
1.0771634543846029253
1.0232282088792969965
1.021862473282282302
1.021857380615277755
1.0234423996228767528
1.0288471292019574221
1.027300947692342703
1.0256722598233898314
1.0232680455002627351
1.042010463482366367
1.0330523228118588808
1.0345334271840438412
1.0219874088283680269
1.0218674033075416663
1.0274232065666348834
1.0218840464763359055
1.0257554916633422337
1.0230500002883855526
1.0280205241926678728
1.038039561028558655
1.0218635569074774327
1.0237242207864925003
1.0339255979448864764
1.0218815374674778962
1.0225665388368014863
1.0249433820029598685
1.0508379211667793207
1.0235683994314093148
1.0327946813665831449
1.0388580946574295094
1.0285014102350378273
1.0537700191861298915
1.0771634543913499726
1.0219573067915757036
1.0243661024759400657
1.0218879523651167585
1.0219316297577523134
1.0545471129736094795
1.0220370393926305752
1.0312780712862636978
1.059614763762942502
1.0223684260812448965
1.0252028273785955825
1.0219781757054096083
1.0644172050739519886
1.0224244163896338833
1.0223415735289580475
1.0259584561691810212
1.0240508201964590995
1.0234362771772860246
1.0221383461806849979
1.0221986122887820603
1.0345199235716473485
1.054544317362687833
1.0222785440946611235
1.0219530311878814999
1.0219338673561730868
1.0226392676621438582
1.0218625107291663401
1.0218840464763359055
1.022772124027537366
1.022957489478811155
1.0221225735020131875
1.0221879855136450921
1.0219908959365613388
1.0218611224750662192
1.0494722879162088347
1.022656208201385919
1.0333322070499508794
1.0223415735289580475
1.0345334271845783025
1.0233072573334136557
1.0218787400965447798
1.0698056463887546386
1.041067383259689505
1.0222236243962896651
1.0218669479291906388
1.0578493266144346485
1.0219546811056599012
1.0242303062258140134
1.0481763628230007512
1.0223845201459171861
1.0401422543593989989
1.0236203038774456253
1.0624256300450660717
1.0336189803948079291
1.0223246109800088188
1.0605287508457843515
1.025120374569875592
1.0812401900386463538
1.0219530311529141375
1.0260688421824131211
1.075858983191900542
1.0634156936660752457
1.0244255763847800456
1.0283414599218898555
1.0218706972316009551
1.0220475873414140988
1.0258696176956665358
1.0218910740450055652
1.0252876357177387323
1.0218625107291663401
1.0372814554150011634
1.021933867391139783
1.0220233349464735717
1.0220045572129026201
1.0227450294632178807
1.0327793479799733944
1.0238726129527639941
1.0238830226442898752
1.0306083522587736745
1.0451751988727830955
1.0222619492118549811
1.0226329799597493331
1.0405994680414487608
1.0268871536005079736
1.0230874469897315304
1.0220962570127736235
1.029979102051404638
1.0327946814376787188
1.022227126345022663
1.0262846557816711623
1.0273009476546550722
1.0675731835890289734
1.0396990920374518108
1.0262846557792439928
1.0745917391887314096
1.0232293749412373352
1.0247158211159868024
1.0266421561277900842
1.0260775227673939458
1.0219215109496719851
1.0596130384133133351
1.0239386403306101059
1.0397040414637337413
1.0297716682898367946
1.0380395610290622521
1.0218635569249310269
1.043533723184455031
1.0247900546083130724
1.0219191065682788899
1.0709665169728304068
1.0315142208661149947
1.0232673117177346622
1.0553426496262392487
1.0222863910566510892
1.0522694541496551146
1.0501618815152067299
1.0463236229341574823
1.0290194408578494656
1.0224792791471954967
1.02436558091675467
1.0232673117391957174
1.0365299477782543569
1.0230866374985003731
1.0220189379950668229
1.0267700381356130723
1.0348351416258529945
1.022223624361557448
1.0227106905832701322
1.048169535260104368
1.0317528712866894658
1.024494451057475386
1.037648011822346783
1.0223586581362382741
1.0310402213225020596
1.0221346256540186914
1.072150566425695617
1.0218756163216837773
1.0227721240446803197
1.0220264227634949794
1.0218807828707252572
1.0624368769710963445
1.0488131238513640486
1.0223192983357689556
1.0268953478656879241
1.0227403924914593158
1.024113591997319217
1.023831776857106135
1.0219360284692426966
1.0247158211275824158
1.0221043899189896642
1.0223782651261650312
1.0232293749758707424
1.0435337231849874939
1.0218666093895842906
1.0226717388078523374
1.0345199235708475438
1.0293934162742963689
1.0587185071159916916
1.0236707891047289731
1.0235683994533337771
1.0278697298398076221
1.0305947079708102088
1.0634077629796823139
1.0342120367612324117
1.0220189380124562462
1.0220663083979002472
1.0440621752964633906
1.0330523228168557726
1.0219982154957840681
1.0508462723608629208
1.0218910740275819471
1.0275634391568437831
1.0229425080896001887
1.0333371041662815504
1.022057885680238476
1.024230306209653607
1.0220419741598492092
1.0268953477633475657
1.0244293846321392838
1.0698056463887450906
1.0322673660054468847
1.0224771938495589296
1.0219573067915757036
1.0218711431912803622
1.0295750526062248387
1.0243661024679089344
1.0223015166598967696
1.0327793479836635537
1.02205788568893019
1.0222732539730905454
1.0220264227548006009
1.0222601122870471624
1.0219811781541114915
1.0348351416243761758
1.0218596620809758946
1.0255589084727683158
1.0295750526055025276
1.0220900324398589643
1.0537753007517316473
1.0733543930661357813
1.0709612952428255728
1.0223546770228904013
1.0252028273903792677
1.0224436231306051059
1.0277202800704772212
1.0339255980315242844
1.0239982476716982251
1.0233986266777426177
)
;
    }
    inlet
    {
        type            calculated;
        value           uniform 0;
    }
}


// ************************************************************************* //
