/*--------------------------------*- C++ -*----------------------------------*\
| =========                 |                                                 |
| \\      /  F ield         | OpenFOAM: The Open Source CFD Toolbox           |
|  \\    /   O peration     | Version:  2312                                  |
|   \\  /    A nd           | Website:  www.openfoam.com                      |
|    \\/     M anipulation  |                                                 |
\*---------------------------------------------------------------------------*/
FoamFile
{
    version     2.0;
    format      ascii;
    arch        "LSB;label=64;scalar=64";
    class       volVectorField;
    location    "0.95";
    object      U;
}
// * * * * * * * * * * * * * * * * * * * * * * * * * * * * * * * * * * * * * //

dimensions      [0 1 -1 0 0 0 0];

internalField   nonuniform List<vector> 
150
(
(1.80207e-05 0 0)
(5.0218e-05 0 0)
(7.69723e-05 0 0)
(0.000104459 0 0)
(0.000134093 0 0)
(0.000162608 0 0)
(0.000192169 0 0)
(0.000220441 0 0)
(0.000250084 0 0)
(0.000278064 0 0)
(0.000307656 0 0)
(0.000335224 0 0)
(0.000364734 0 0)
(0.000391804 0 0)
(0.000421182 0 0)
(0.000447682 0 0)
(0.000476888 0 0)
(0.00050275 0 0)
(0.000531747 0 0)
(0.000556902 0 0)
(0.000585649 0 0)
(0.000610041 0 0)
(0.000638495 0 0)
(0.000662073 0 0)
(0.000690183 0 0)
(0.000712903 0 0)
(0.000740615 0 0)
(0.000762444 0 0)
(0.000789697 0 0)
(0.00081061 0 0)
(0.00083734 0 0)
(0.000857316 0 0)
(0.000883455 0 0)
(0.000902482 0 0)
(0.000927958 0 0)
(0.000946029 0 0)
(0.000970769 0 0)
(0.000987883 0 0)
(0.00101181 0 0)
(0.00102797 0 0)
(0.00105101 0 0)
(0.00106623 0 0)
(0.0010883 0 0)
(0.00110258 0 0)
(0.00112361 0 0)
(0.00113697 0 0)
(0.00115689 0 0)
(0.00116933 0 0)
(0.00118808 0 0)
(0.00119961 0 0)
(0.00121713 0 0)
(0.00122776 0 0)
(0.001244 0 0)
(0.00125372 0 0)
(0.00126864 0 0)
(0.00127744 0 0)
(0.00129102 0 0)
(0.0012989 0 0)
(0.00131109 0 0)
(0.00131806 0 0)
(0.00132882 0 0)
(0.00133487 0 0)
(0.00134418 0 0)
(0.00134933 0 0)
(0.00135716 0 0)
(0.00136139 0 0)
(0.00136775 0 0)
(0.001371 0 0)
(0.00137583 0 0)
(0.00137845 0 0)
(0.00138194 0 0)
(0.00138297 0 0)
(0.00138545 0 0)
(0.00138479 0 0)
(0.00138676 0 0)
(0.00138432 0 0)
(0.00138556 0 0)
(0.00138147 0 0)
(0.00138188 0 0)
(0.00137628 0 0)
(0.00137573 0 0)
(0.00136875 0 0)
(0.00136712 0 0)
(0.00135889 0 0)
(0.00135608 0 0)
(0.00134672 0 0)
(0.00134264 0 0)
(0.00133225 0 0)
(0.00132685 0 0)
(0.00131549 0 0)
(0.00130874 0 0)
(0.00129647 0 0)
(0.00128835 0 0)
(0.00127521 0 0)
(0.00126574 0 0)
(0.00125175 0 0)
(0.00124094 0 0)
(0.00122613 0 0)
(0.00121402 0 0)
(0.0011984 0 0)
(0.00118503 0 0)
(0.00116859 0 0)
(0.00115401 0 0)
(0.00113678 0 0)
(0.00112103 0 0)
(0.001103 0 0)
(0.00108614 0 0)
(0.00106732 0 0)
(0.00104941 0 0)
(0.00102981 0 0)
(0.0010109 0 0)
(0.000990541 0 0)
(0.000970678 0 0)
(0.000949572 0 0)
(0.00092881 0 0)
(0.00090698 0 0)
(0.000885371 0 0)
(0.000862842 0 0)
(0.000840433 0 0)
(0.000817234 0 0)
(0.000794075 0 0)
(0.000770237 0 0)
(0.000746375 0 0)
(0.000721933 0 0)
(0.000697417 0 0)
(0.000672405 0 0)
(0.000647284 0 0)
(0.00062174 0 0)
(0.000596062 0 0)
(0.000570027 0 0)
(0.000543839 0 0)
(0.000517354 0 0)
(0.000490707 0 0)
(0.000463816 0 0)
(0.000436757 0 0)
(0.000409505 0 0)
(0.000382086 0 0)
(0.000354523 0 0)
(0.000326801 0 0)
(0.000298963 0 0)
(0.000271009 0 0)
(0.000242947 0 0)
(0.000214815 0 0)
(0.000186657 0 0)
(0.000158413 0 0)
(0.000130259 0 0)
(0.000101718 0 0)
(7.48047e-05 0 0)
(4.88734e-05 0 0)
(1.75094e-05 0 0)
)
;

boundaryField
{
    leftAndRight
    {
        type            fixedValue;
        value           uniform (0 0 0);
    }
    frontAndBack
    {
        type            empty;
    }
    topAndBottom
    {
        type            empty;
    }
}


// ************************************************************************* //
