/*--------------------------------*- C++ -*----------------------------------*\
  =========                 |
  \\      /  F ield         | OpenFOAM: The Open Source CFD Toolbox
   \\    /   O peration     | Website:  https://openfoam.org
    \\  /    A nd           | Version:  12
     \\/     M anipulation  |
\*---------------------------------------------------------------------------*/
FoamFile
{
    format      ascii;
    class       volScalarField;
    location    "0.016";
    object      alphat;
}
// * * * * * * * * * * * * * * * * * * * * * * * * * * * * * * * * * * * * * //

dimensions      [1 -1 -1 0 0 0 0];

internalField   nonuniform List<scalar> 
3584
(
1.64726
1.64725
1.64724
1.64724
1.64724
1.64724
1.64724
1.64723
1.64722
1.6472
1.64718
1.64713
1.64705
1.6469
1.64664
1.64615
1.64518
1.64352
1.64113
1.63757
1.63427
1.6385
1.64824
1.65342
1.65446
1.65454
1.65455
1.65455
1.65455
1.65455
1.65455
1.65455
1.64727
1.64726
1.64726
1.64726
1.64726
1.64726
1.64725
1.64725
1.64724
1.64722
1.64719
1.64714
1.64706
1.64691
1.64664
1.64615
1.64519
1.64353
1.64114
1.63758
1.63427
1.63849
1.64825
1.65342
1.65446
1.65454
1.65455
1.65455
1.65455
1.65455
1.65455
1.65455
1.6473
1.64728
1.64728
1.64728
1.64728
1.64728
1.64727
1.64726
1.64725
1.64723
1.6472
1.64715
1.64706
1.64691
1.64664
1.64615
1.64518
1.64353
1.64114
1.63757
1.63426
1.63851
1.64826
1.65341
1.65446
1.65454
1.65455
1.65455
1.65455
1.65455
1.65455
1.65455
1.64726
1.64724
1.64724
1.64724
1.64724
1.64723
1.64723
1.64722
1.64721
1.64719
1.64716
1.64712
1.64703
1.64689
1.64663
1.64613
1.64516
1.64349
1.64112
1.63755
1.63426
1.63855
1.64825
1.65343
1.65445
1.65454
1.65455
1.65455
1.65455
1.65455
1.65455
1.65458
1.64725
1.64724
1.64724
1.64724
1.64724
1.64723
1.64723
1.64722
1.64721
1.64719
1.64717
1.64711
1.64703
1.64688
1.64661
1.64612
1.64515
1.64349
1.64111
1.63753
1.63424
1.63852
1.64826
1.65341
1.65445
1.65453
1.65454
1.65453
1.65454
1.65455
1.6546
1.65448
1.64717
1.64716
1.64716
1.64716
1.64716
1.64716
1.64715
1.64714
1.64713
1.64711
1.64707
1.64702
1.64693
1.64678
1.6465
1.64599
1.64501
1.64335
1.64097
1.63737
1.63396
1.63817
1.64803
1.65331
1.65438
1.65447
1.65447
1.65452
1.65455
1.65462
1.65445
1.6545
1.64633
1.64632
1.64632
1.64632
1.64631
1.6463
1.64629
1.64627
1.64624
1.64619
1.64612
1.64603
1.64591
1.64574
1.64543
1.64489
1.64386
1.64212
1.63953
1.63524
1.63004
1.633
1.64485
1.65255
1.65427
1.65432
1.65429
1.65451
1.65444
1.65441
1.6546
1.6546
1.6362
1.63618
1.63618
1.63618
1.63618
1.63617
1.63615
1.63613
1.6361
1.63605
1.63598
1.63586
1.6357
1.63542
1.63494
1.63403
1.63236
1.62938
1.62431
1.61281
1.59154
1.58637
1.61694
1.6448
1.65213
1.65247
1.65421
1.65466
1.65475
1.65456
1.65463
1.6546
1.58696
1.58695
1.58695
1.58694
1.58693
1.58692
1.58691
1.58688
1.58684
1.58677
1.58665
1.58643
1.58604
1.58534
1.58407
1.58168
1.57697
1.56719
1.54478
1.49241
1.40654
1.38699
1.49764
1.59912
1.63526
1.6501
1.65446
1.65461
1.65477
1.65454
1.65453
1.65458
1.46384
1.46382
1.4638
1.46378
1.46376
1.46371
1.46365
1.46354
1.46337
1.46307
1.46255
1.46167
1.46013
1.45742
1.45254
1.44351
1.42614
1.38913
1.3073
1.15637
0.988063
0.998501
1.25509
1.50312
1.60729
1.64758
1.65372
1.65455
1.65456
1.65447
1.65447
1.65458
1.24365
1.24362
1.24358
1.24354
1.24349
1.2434
1.24327
1.24306
1.24269
1.24204
1.24086
1.23871
1.23483
1.22792
1.21557
1.19304
1.15004
1.06441
0.909957
0.706471
0.568846
0.671864
1.0571
1.42131
1.60966
1.64966
1.65375
1.65432
1.65437
1.65449
1.65455
1.65458
0.896834
0.896797
0.89675
0.896695
0.896624
0.896523
0.896367
0.896108
0.895654
0.894813
0.89323
0.890311
0.885091
0.875837
0.859255
0.828145
0.768017
0.660428
0.513302
0.370757
0.355081
0.589231
1.05567
1.48651
1.618
1.65017
1.65451
1.65439
1.65449
1.65462
1.65464
1.65457
0.579152
0.579113
0.579059
0.578987
0.578887
0.578735
0.578493
0.578103
0.577449
0.576337
0.574432
0.571166
0.565552
0.555706
0.537707
0.502873
0.437471
0.341953
0.249101
0.2137
0.327936
0.654357
1.17565
1.52439
1.62561
1.6506
1.65453
1.65453
1.65476
1.65466
1.65461
1.65452
0.380397
0.380359
0.380315
0.38026
0.380183
0.380065
0.379877
0.379557
0.379005
0.378046
0.376379
0.373505
0.368438
0.359049
0.339977
0.301195
0.240182
0.178745
0.141334
0.176529
0.347739
0.686366
1.25877
1.54312
1.6309
1.65115
1.65385
1.65481
1.65471
1.65454
1.65457
1.65454
0.279422
0.2794
0.279362
0.279318
0.279261
0.279181
0.279055
0.278843
0.278467
0.277783
0.276535
0.274168
0.269199
0.257239
0.228954
0.182517
0.136193
0.105727
0.115034
0.193492
0.369352
0.801215
1.31734
1.55858
1.63482
1.6518
1.65383
1.65462
1.65448
1.65444
1.65448
1.65461
0.238439
0.23842
0.238397
0.238366
0.238321
0.238246
0.238116
0.237877
0.237432
0.236576
0.234825
0.230819
0.220363
0.194064
0.149696
0.108715
0.083839
0.0855462
0.121207
0.199888
0.442801
0.901305
1.35359
1.56913
1.63818
1.65196
1.65398
1.65431
1.65441
1.65454
1.65454
1.65457
0.222025
0.221997
0.221957
0.2219
0.221808
0.22165
0.221362
0.220829
0.219804
0.217682
0.212817
0.20059
0.171899
0.127402
0.0886062
0.0674078
0.068443
0.0891858
0.135053
0.235276
0.534324
0.985375
1.38959
1.58541
1.64097
1.65223
1.65405
1.65457
1.65457
1.65466
1.65462
1.6545
0.206761
0.206667
0.206528
0.206342
0.206062
0.205601
0.204793
0.203298
0.200312
0.193821
0.178774
0.146991
0.103092
0.0707355
0.0546203
0.0563176
0.0732087
0.103581
0.138306
0.295353
0.633393
1.04571
1.4154
1.59821
1.64341
1.65265
1.65427
1.65476
1.65475
1.65454
1.65457
1.65452
0.18276
0.182565
0.182313
0.181949
0.181358
0.180314
0.178348
0.174449
0.166279
0.148691
0.115813
0.0771539
0.0521735
0.0431124
0.046751
0.0611964
0.0865367
0.0949348
0.166283
0.381878
0.717957
1.10331
1.45471
1.61467
1.64654
1.65308
1.65461
1.65444
1.65466
1.65446
1.65448
1.65459
0.144592
0.144278
0.143806
0.143086
0.141823
0.139464
0.134856
0.125517
0.106794
0.0768697
0.0489554
0.0346544
0.030481
0.0376769
0.0531447
0.0708724
0.0726295
0.101348
0.218578
0.449191
0.787772
1.16891
1.48947
1.62396
1.64772
1.65304
1.65429
1.65441
1.65442
1.6546
1.65453
1.65458
0.0963166
0.0958
0.0950367
0.0937677
0.091456
0.087024
0.0784054
0.0628552
0.0420914
0.0266206
0.0213061
0.0209666
0.0280802
0.0437453
0.0562269
0.0619668
0.0789213
0.122673
0.25969
0.50234
0.870541
1.25089
1.53471
1.63244
1.64874
1.65312
1.65398
1.65471
1.65445
1.65463
1.65462
1.65457
0.0492093
0.0485
0.0474467
0.0456304
0.042285
0.0363084
0.0273408
0.0182599
0.0133602
0.0130849
0.0160454
0.0222808
0.0335965
0.0379612
0.0570006
0.0761819
0.0994662
0.136228
0.283349
0.560001
0.962543
1.3329
1.56845
1.63792
1.64954
1.65335
1.65412
1.65462
1.6545
1.65449
1.65459
1.65452
0.0155564
0.0147654
0.0137628
0.0122711
0.010213
0.00803629
0.00657182
0.00672449
0.00900049
0.0135279
0.02132
0.0267639
0.0308784
0.0488831
0.0795007
0.0948024
0.106718
0.138686
0.31864
0.632675
1.05918
1.41506
1.59952
1.6429
1.65012
1.65374
1.65456
1.65437
1.65452
1.65449
1.6545
1.65452
0.00189012
0.00183802
0.00180598
0.00183796
0.00206119
0.00274558
0.00458246
0.0081725
0.0139101
0.0189909
0.019115
0.0293779
0.0537614
0.0798698
0.0900451
0.0961905
0.104684
0.148071
0.356628
0.704037
1.15681
1.48813
1.61682
1.64577
1.65068
1.65361
1.65465
1.65452
1.65467
1.65462
1.65451
1.65453
1.38551e-06
0.00036402
0.00142003
0.00343873
0.00682839
0.0113744
0.016151
0.0193497
0.0207194
0.0246196
0.0333676
0.0549909
0.071228
0.0793829
0.0878564
0.0948566
0.104089
0.161046
0.40271
0.784982
1.25509
1.54128
1.63011
1.64775
1.65109
1.65358
1.6543
1.65472
1.65467
1.6546
1.65454
1.65454
1.32792e-07
6.42099e-05
0.000241666
0.000675084
0.00151095
0.0029765
0.00534269
0.00889059
0.0133213
0.0176066
0.0282482
0.0494657
0.0670944
0.0765805
0.0851536
0.0940503
0.106271
0.17459
0.4512
0.863265
1.34051
1.57704
1.63776
1.64899
1.6515
1.65368
1.65418
1.65463
1.65459
1.6545
1.6546
1.65454
1.31603e-07
5.53843e-05
0.000183686
0.000487918
0.00109388
0.00225529
0.00427407
0.00734417
0.01094
0.0144135
0.0237265
0.0450193
0.063862
0.0737291
0.0823932
0.0915816
0.112409
0.176476
0.492074
0.951983
1.41367
1.6015
1.64344
1.64997
1.65181
1.65382
1.65436
1.65445
1.65446
1.65451
1.65458
1.65457
1.21711e-07
5.00855e-05
0.000164443
0.00042192
0.000914743
0.00185546
0.00353734
0.0061575
0.00936872
0.0127006
0.0196873
0.0389817
0.0593163
0.0703673
0.0793285
0.0882859
0.108392
0.187895
0.524547
1.03459
1.47034
1.61798
1.64777
1.65069
1.65205
1.65407
1.65471
1.65448
1.65451
1.65459
1.65453
1.65457
1.12964e-07
4.6277e-05
0.000153231
0.000388205
0.000831719
0.00165847
0.00311393
0.00539708
0.00829731
0.0112172
0.0160147
0.0314335
0.0535945
0.0669354
0.0779247
0.0892568
0.114274
0.202651
0.566944
1.11081
1.51577
1.63048
1.64968
1.6513
1.65254
1.65404
1.65463
1.65461
1.65464
1.65458
1.65452
1.65454
1.03795e-07
4.30025e-05
0.000144259
0.000361782
0.000767339
0.00151179
0.00281033
0.0048782
0.00765613
0.0103764
0.0140349
0.0264104
0.0477282
0.0642803
0.0764768
0.0905144
0.125469
0.208536
0.603893
1.18531
1.55205
1.63883
1.65079
1.65198
1.65291
1.65403
1.65436
1.65459
1.65462
1.65452
1.65455
1.65456
9.34172e-08
3.98345e-05
0.00013621
0.000339404
0.00071549
0.00139973
0.00258744
0.00447441
0.00702823
0.0097178
0.0129204
0.0235749
0.0442105
0.0619947
0.0753817
0.0899209
0.128959
0.21882
0.628622
1.25525
1.58133
1.64444
1.65162
1.65284
1.65283
1.65412
1.65435
1.6545
1.65453
1.65454
1.65458
1.65462
8.28919e-08
3.67671e-05
0.000128571
0.000319049
0.000669341
0.00130047
0.00239006
0.00412444
0.00652802
0.00918954
0.0122087
0.0215322
0.0413545
0.0599307
0.0748663
0.0893892
0.131062
0.220663
0.668179
1.32182
1.60516
1.64802
1.65229
1.65271
1.65295
1.65425
1.65447
1.65451
1.6545
1.65458
1.65456
1.65483
7.48598e-08
3.4383e-05
0.000122904
0.000304436
0.00063692
0.00123096
0.00224915
0.00386398
0.00611379
0.00869402
0.0117598
0.0213087
0.0422685
0.0633462
0.0786152
0.0902426
0.13183
0.229628
0.711442
1.38672
1.62393
1.65037
1.65268
1.65274
1.65308
1.6542
1.6546
1.65454
1.65457
1.65456
1.65453
1.65578
7.73718e-08
3.45779e-05
0.00012203
0.000298863
0.00061674
0.00117316
0.00210896
0.00357302
0.00561155
0.00807254
0.0116076
0.0216995
0.042986
0.0655634
0.0825939
0.0943505
0.133164
0.244702
0.757767
1.4459
1.63787
1.65163
1.65293
1.65291
1.65323
1.65419
1.65452
1.65457
1.65458
1.65453
1.65455
1.65869
9.36398e-08
3.77539e-05
0.00012681
0.000305381
0.000618779
0.00115545
0.00203543
0.00337403
0.00518607
0.00737375
0.0109425
0.0217864
0.0434451
0.0660759
0.0819593
0.0947208
0.131947
0.249273
0.810549
1.50073
1.64763
1.65264
1.65299
1.65301
1.65337
1.65423
1.65451
1.65456
1.65453
1.65455
1.65458
1.66182
1.1934e-07
4.23138e-05
0.000135923
0.000325709
0.000657403
0.00122383
0.00214155
0.0035088
0.00532503
0.00760204
0.012007
0.0243186
0.0449261
0.0654452
0.0776802
0.090627
0.126701
0.257671
0.859237
1.55165
1.65366
1.65334
1.65306
1.65321
1.65367
1.65427
1.65454
1.65454
1.65455
1.65457
1.65461
1.66517
1.30477e-07
4.40526e-05
0.00013927
0.000332541
0.000668521
0.00123877
0.00215433
0.00350678
0.00532929
0.00797193
0.0141884
0.02964
0.0527196
0.0743343
0.0861465
0.0940224
0.127736
0.274145
0.907919
1.59519
1.65585
1.65333
1.65317
1.65341
1.65392
1.65428
1.65453
1.65454
1.65456
1.65456
1.65464
1.66876
2.35222e-07
5.64511e-05
0.000163656
0.000384959
0.000764579
0.00140416
0.0024168
0.00389758
0.00600195
0.0100007
0.0208809
0.0431568
0.0710908
0.095576
0.113375
0.127415
0.14584
0.299618
0.959916
1.62123
1.656
1.65333
1.6534
1.65369
1.65388
1.65441
1.65453
1.65455
1.65455
1.65454
1.65469
1.67262
3.01099e-07
6.22017e-05
0.000175497
0.000411096
0.000812218
0.00147972
0.00251618
0.00402327
0.00641289
0.0120199
0.0266532
0.0517973
0.0800541
0.10344
0.119064
0.139279
0.160671
0.318208
1.01976
1.6389
1.65587
1.6534
1.65358
1.6536
1.65396
1.65444
1.65453
1.65456
1.65454
1.65455
1.65477
1.67674
3.50505e-07
6.59752e-05
0.000182539
0.000425772
0.000834903
0.00150492
0.00253363
0.00412554
0.00732846
0.0159269
0.0349132
0.0620447
0.0912579
0.116303
0.136608
0.156324
0.188152
0.347317
1.0777
1.65067
1.65551
1.65339
1.65348
1.6536
1.65406
1.65441
1.65453
1.65454
1.65455
1.65456
1.65486
1.68113
6.94282e-07
8.24566e-05
0.000215007
0.000495874
0.000960239
0.00171128
0.00289996
0.00513271
0.010934
0.0257185
0.0521424
0.0854759
0.119648
0.15036
0.177978
0.189079
0.238457
0.387414
1.1258
1.65657
1.65528
1.65362
1.65356
1.65371
1.65412
1.65443
1.65455
1.65455
1.65455
1.65456
1.65497
1.68577
8.88683e-07
8.93774e-05
0.000227789
0.00052231
0.00100062
0.0017865
0.00322559
0.00678793
0.0164199
0.0369276
0.0679579
0.10371
0.140122
0.1755
0.202789
0.216144
0.275852
0.449426
1.16682
1.657
1.65508
1.65397
1.65388
1.65395
1.65425
1.65445
1.65455
1.65456
1.65455
1.65456
1.65511
1.69066
1.78319e-06
0.000107657
0.000262739
0.000597576
0.00114581
0.00217035
0.00465975
0.0116528
0.028245
0.0573563
0.0952862
0.136257
0.178897
0.218419
0.239577
0.263093
0.31636
0.562116
1.27999
1.65681
1.65504
1.65424
1.65414
1.65414
1.65432
1.65447
1.65454
1.65455
1.65455
1.65457
1.65528
1.69577
3.18283e-06
0.000124182
0.000295927
0.000680628
0.001385
0.00310841
0.00807995
0.0208833
0.0466841
0.085788
0.132107
0.180544
0.232628
0.265587
0.290434
0.298957
0.372861
0.735305
1.46275
1.65664
1.65499
1.65442
1.65431
1.65431
1.65438
1.65448
1.65454
1.65455
1.65455
1.65457
1.65548
1.70106
5.87177e-06
0.000142598
0.000338893
0.000824664
0.00197398
0.00542664
0.0149503
0.0360752
0.0724847
0.122175
0.175995
0.231233
0.287166
0.322125
0.334267
0.331943
0.499828
1.02428
1.59476
1.65673
1.655
1.65453
1.65443
1.65441
1.65445
1.65451
1.65455
1.65455
1.65455
1.65458
1.65571
1.70648
1.03631e-05
0.000161226
0.00040446
0.00113611
0.00337138
0.0101501
0.0266865
0.0588091
0.109078
0.172046
0.235374
0.297179
0.354577
0.405295
0.367164
0.386543
0.673917
1.39414
1.65096
1.65665
1.65497
1.65459
1.6545
1.65448
1.6545
1.65453
1.65455
1.65455
1.65455
1.65459
1.65596
1.71195
1.64916e-05
0.000178932
0.000522469
0.00181127
0.00615776
0.0180243
0.0437836
0.0892587
0.154938
0.230002
0.298814
0.359314
0.448638
0.464792
0.395707
0.454634
1.13833
1.62153
1.66122
1.65662
1.65496
1.65464
1.65455
1.65453
1.65453
1.65454
1.65455
1.65455
1.65455
1.65461
1.65624
1.7174
2.5767e-05
0.000199679
0.000791874
0.00325833
0.0112036
0.030662
0.0691803
0.132344
0.216117
0.299701
0.366205
0.4423
0.551063
0.51357
0.381039
0.881086
1.60923
1.66266
1.65911
1.65615
1.65494
1.65466
1.65457
1.65455
1.65455
1.65455
1.65455
1.65455
1.65455
1.65462
1.65653
1.72274
4.30259e-05
0.000234143
0.00143675
0.00618783
0.0197948
0.0501996
0.106372
0.1918
0.292198
0.373506
0.42688
0.5506
0.640361
0.455725
0.700395
1.63501
1.67635
1.66122
1.65748
1.65579
1.65495
1.65468
1.65459
1.65456
1.65455
1.65455
1.65455
1.65455
1.65456
1.65464
1.65683
1.72789
0.000104353
0.000313567
0.00285769
0.0114721
0.0337012
0.0800272
0.160023
0.270612
0.377713
0.436008
0.506531
0.637991
0.735801
0.667669
1.53485
1.69082
1.66898
1.65946
1.65667
1.65552
1.65494
1.65468
1.6546
1.65457
1.65456
1.65455
1.65455
1.65455
1.65456
1.65466
1.65714
1.7328
4.67573e-05
0.000538425
0.00448878
0.0186693
0.0534555
0.121836
0.2302
0.360132
0.446473
0.497876
0.555015
0.701869
0.692687
1.19107
1.69484
1.68071
1.66426
1.65866
1.65638
1.65541
1.65494
1.6547
1.65461
1.65457
1.65456
1.65456
1.65455
1.65455
1.65456
1.65468
1.65745
1.73737
6.71078e-05
0.000947965
0.00780991
0.0303883
0.0825557
0.17783
0.3126
0.437172
0.510998
0.569735
0.575524
0.528792
0.75221
1.5363
1.70345
1.67419
1.6628
1.65811
1.6562
1.65534
1.65492
1.65471
1.65461
1.65458
1.65456
1.65456
1.65456
1.65456
1.65456
1.6547
1.65775
1.74155
9.61095e-05
0.00167621
0.012878
0.0467839
0.120127
0.242844
0.387262
0.506361
0.559344
0.59796
0.51448
0.448262
0.949974
1.6691
1.69874
1.67266
1.66223
1.65805
1.65615
1.6553
1.65491
1.65472
1.65463
1.65458
1.65457
1.65456
1.65456
1.65456
1.65457
1.65472
1.65802
1.74528
0.00013569
0.00283807
0.0196601
0.0669538
0.1627
0.304133
0.458586
0.567009
0.595575
0.591211
0.363804
0.455007
1.13877
1.70396
1.69603
1.67166
1.66206
1.65789
1.65608
1.65526
1.65489
1.65472
1.65463
1.65459
1.65457
1.65456
1.65456
1.65456
1.65457
1.65473
1.65827
1.74854
0.000189847
0.00458024
0.0280615
0.0896869
0.204372
0.363686
0.522803
0.611502
0.626644
0.55822
0.312587
0.466903
1.25134
1.71257
1.69353
1.67097
1.6618
1.65783
1.65604
1.65524
1.65488
1.65471
1.65463
1.65459
1.65457
1.65456
1.65456
1.65456
1.65457
1.65475
1.65849
1.75131
0.000263516
0.00681632
0.0365934
0.110662
0.245593
0.413446
0.560879
0.637402
0.643428
0.520094
0.29131
0.476183
1.29982
1.71434
1.69195
1.67049
1.66165
1.65777
1.65602
1.65523
1.65487
1.65471
1.65463
1.65459
1.65457
1.65456
1.65456
1.65456
1.65457
1.65476
1.65867
1.75358
0.000293619
0.00844118
0.0438124
0.125815
0.262823
0.430937
0.577623
0.649918
0.646319
0.510713
0.27957
0.476945
1.316
1.7153
1.6916
1.67043
1.66164
1.65777
1.65602
1.65523
1.65487
1.65471
1.65464
1.65459
1.65457
1.65456
1.65456
1.65456
1.65457
1.65477
1.65881
1.75533
0.000227601
0.00692082
0.037236
0.114282
0.248934
0.422303
0.578086
0.654264
0.646531
0.538416
0.27546
0.436945
1.2701
1.71179
1.69162
1.67045
1.66166
1.65779
1.65605
1.65526
1.6549
1.65473
1.65464
1.65459
1.65457
1.65456
1.65456
1.65456
1.65457
1.65478
1.65892
1.75655
0.000177003
0.00567807
0.0295041
0.0916699
0.21517
0.389973
0.562496
0.657656
0.65423
0.594987
0.299185
0.401405
1.18924
1.70802
1.69387
1.67135
1.66207
1.658
1.65617
1.65533
1.65494
1.65475
1.65464
1.65459
1.65457
1.65456
1.65456
1.65456
1.65457
1.65479
1.65897
1.75724
0.000140825
0.00491883
0.0239035
0.0733638
0.176436
0.343565
0.530717
0.661791
0.678457
0.669658
0.359511
0.34685
1.00806
1.69177
1.69694
1.67261
1.6626
1.65827
1.65632
1.65542
1.65499
1.65477
1.65464
1.65459
1.65457
1.65456
1.65456
1.65456
1.65457
1.65479
1.65898
1.75737
0.000113752
0.00447956
0.0199091
0.0594064
0.144164
0.291268
0.483006
0.645289
0.698221
0.679662
0.569393
0.322339
0.742476
1.63103
1.70146
1.67448
1.66335
1.65863
1.65652
1.65553
1.65504
1.65477
1.65464
1.65459
1.65457
1.65456
1.65456
1.65456
1.65457
1.65478
1.65895
1.75696
8.61794e-05
0.00380903
0.0157931
0.045769
0.111258
0.232766
0.411432
0.59831
0.702267
0.682904
0.683949
0.41773
0.522896
1.43208
1.70621
1.67763
1.66447
1.65912
1.65676
1.65566
1.6551
1.65477
1.65464
1.65459
1.65457
1.65456
1.65456
1.65456
1.65457
1.65478
1.65886
1.75599
6.31683e-05
0.00241732
0.0107712
0.031907
0.0790456
0.171634
0.32403
0.516069
0.669463
0.688616
0.697734
0.769412
0.450965
1.07966
1.7056
1.68279
1.6661
1.65975
1.65706
1.65582
1.65516
1.65477
1.65464
1.65459
1.65457
1.65456
1.65456
1.65456
1.65457
1.65477
1.65874
1.75451
4.3391e-05
0.00129813
0.00681732
0.0211605
0.0534608
0.118811
0.234784
0.404895
0.587199
0.680098
0.694623
0.809964
0.568851
0.704589
1.66169
1.69395
1.66897
1.66079
1.65752
1.65604
1.65517
1.65478
1.65464
1.65459
1.65457
1.65456
1.65456
1.65456
1.65457
1.65476
1.65858
1.75256
0.000257823
0.000661515
0.00438787
0.0142181
0.0363896
0.0819011
0.166127
0.301024
0.475416
0.628137
0.678922
0.784301
0.992875
0.521417
1.3695
1.7136
1.67476
1.66241
1.65827
1.65637
1.65519
1.6548
1.65465
1.65459
1.65457
1.65456
1.65456
1.65456
1.65457
1.65474
1.65839
1.7502
0.00012386
0.000382673
0.00272299
0.00906447
0.0239296
0.0553259
0.115451
0.217697
0.365331
0.531729
0.643343
0.744713
0.938706
0.564657
0.842526
1.70596
1.68944
1.66608
1.65984
1.65677
1.65524
1.65482
1.65466
1.6546
1.65457
1.65456
1.65456
1.65456
1.65457
1.65473
1.65818
1.74747
5.4134e-05
0.000250073
0.00153958
0.00543754
0.0153287
0.0372204
0.0807868
0.158421
0.279074
0.434327
0.580288
0.691271
0.85527
0.883383
0.473471
1.26948
1.70785
1.67323
1.66272
1.65711
1.65538
1.65487
1.65468
1.65461
1.65458
1.65457
1.65456
1.65456
1.65457
1.65471
1.65795
1.74443
3.21154e-05
0.000193453
0.000889064
0.00314619
0.00947621
0.0244442
0.0556993
0.113968
0.209673
0.34349
0.49216
0.619633
0.770582
0.839751
0.719822
0.409233
1.54436
1.6889
1.66732
1.65765
1.65562
1.65495
1.65471
1.65462
1.65458
1.65457
1.65456
1.65456
1.65456
1.65469
1.65771
1.74114
2.48521e-05
0.000172798
0.00060412
0.0019053
0.00574363
0.0155843
0.0375845
0.0809461
0.155925
0.267463
0.404515
0.539608
0.686908
0.762693
0.710861
0.451391
0.700185
1.69889
1.6743
1.65875
1.65603
1.6551
1.65476
1.65464
1.65459
1.65457
1.65456
1.65456
1.65456
1.65468
1.65746
1.73767
2.05187e-05
0.000163539
0.000487082
0.0013197
0.00365437
0.00996101
0.0251065
0.0570359
0.115648
0.208012
0.329978
0.462891
0.602553
0.693482
0.681787
0.636112
0.406136
1.33839
1.68407
1.66097
1.65666
1.65531
1.65483
1.65466
1.6546
1.65457
1.65456
1.65456
1.65456
1.65466
1.65722
1.7341
1.69578e-05
0.000157041
0.000432266
0.00104597
0.00253863
0.00649837
0.0166186
0.0396833
0.0851996
0.161409
0.268393
0.393456
0.52412
0.618668
0.625751
0.615732
0.454329
0.834823
1.69141
1.66346
1.65739
1.65553
1.65491
1.65469
1.65461
1.65458
1.65457
1.65456
1.65456
1.65465
1.65698
1.7305
1.40737e-05
0.000151436
0.000401176
0.000916498
0.00198656
0.00453914
0.0110694
0.0270538
0.0614625
0.123731
0.216558
0.330928
0.452002
0.545679
0.570689
0.581511
0.607045
0.578475
1.69172
1.66502
1.65792
1.65571
1.65496
1.65471
1.65462
1.65458
1.65457
1.65456
1.65456
1.65464
1.65676
1.72691
1.12634e-05
0.000145523
0.000376264
0.000841191
0.00170596
0.00349536
0.00772675
0.0183615
0.043283
0.0928333
0.17241
0.275623
0.387167
0.479197
0.513769
0.534974
0.580036
0.511269
1.69203
1.66609
1.65821
1.65582
1.65502
1.65473
1.65463
1.65459
1.65457
1.65456
1.65456
1.65462
1.65655
1.72337
9.00855e-06
0.000139975
0.000357254
0.000796674
0.00157403
0.00302259
0.00603623
0.0132051
0.0307508
0.0690707
0.13665
0.22976
0.332857
0.422644
0.464433
0.491341
0.534175
0.537195
1.6948
1.66707
1.65857
1.65595
1.65506
1.65475
1.65463
1.65459
1.65457
1.65456
1.65456
1.65461
1.65635
1.71992
7.3198e-06
0.000135068
0.000342832
0.000768637
0.00151165
0.00282564
0.00527171
0.0104979
0.0230745
0.0525084
0.109876
0.194852
0.291872
0.379247
0.426844
0.451445
0.497606
0.543742
1.70093
1.66892
1.65888
1.65602
1.65508
1.65476
1.65464
1.65459
1.65457
1.65456
1.65456
1.6546
1.65617
1.71658
6.32818e-06
0.000131822
0.000334733
0.000755991
0.0014937
0.00277934
0.00502482
0.00929632
0.0188739
0.0420349
0.0912094
0.170099
0.263759
0.349946
0.402592
0.430619
0.485002
0.616837
1.72364
1.67165
1.65955
1.65621
1.65514
1.65478
1.65465
1.65459
1.65457
1.65456
1.65456
1.6546
1.656
1.71337
5.64869e-06
0.000129478
0.000329516
0.00075084
0.00149833
0.00281446
0.00508619
0.00913714
0.0173448
0.0365164
0.0795138
0.154625
0.248385
0.336526
0.394247
0.422704
0.484933
0.621985
1.7408
1.67535
1.66008
1.65632
1.65518
1.6548
1.65466
1.6546
1.65457
1.65456
1.65456
1.65459
1.65585
1.71031
5.48327e-06
0.000129171
0.000329316
0.000754544
0.00151634
0.00287268
0.00522434
0.00932915
0.0171615
0.0345958
0.0744124
0.147486
0.241252
0.329067
0.389439
0.423013
0.490135
0.612649
1.77193
1.68052
1.66095
1.65654
1.65525
1.65483
1.65467
1.6546
1.65457
1.65456
1.65456
1.65458
1.65572
1.70739
5.28564e-06
0.000128985
0.000329257
0.000759007
0.00153527
0.00293123
0.00536982
0.00960549
0.0174496
0.0343223
0.0730898
0.146322
0.241388
0.328398
0.38827
0.42643
0.49557
0.603108
1.74882
1.68698
1.66157
1.65659
1.65526
1.65484
1.65467
1.6546
1.65457
1.65456
1.65455
1.65458
1.6556
1.70462
5.31025e-06
0.000130081
0.000332681
0.000772082
0.00157325
0.00303103
0.00560776
0.0101059
0.0183059
0.0353502
0.0740213
0.148691
0.245738
0.33062
0.388944
0.437348
0.500563
0.593548
1.62639
1.69412
1.66223
1.6567
1.65528
1.65485
1.65468
1.65461
1.65457
1.65456
1.65456
1.65458
1.65549
1.702
5.40019e-06
0.000131878
0.000337726
0.000789043
0.00161671
0.00313267
0.00582845
0.010556
0.0191777
0.0370515
0.0776887
0.155729
0.254954
0.337919
0.393793
0.442817
0.502213
0.584964
1.55558
1.69899
1.66296
1.65668
1.65528
1.65485
1.65469
1.65462
1.65457
1.65455
1.65456
1.65457
1.65538
1.69951
5.58616e-06
0.000134654
0.000345615
0.000814905
0.00168199
0.00328235
0.00615095
0.011246
0.0207283
0.0406154
0.0848833
0.167563
0.267966
0.345886
0.39884
0.447053
0.499088
0.581922
1.67363
1.70883
1.66322
1.65683
1.65531
1.65487
1.6547
1.65463
1.65457
1.65456
1.65456
1.65457
1.65529
1.69716
5.85058e-06
0.000138427
0.000355983
0.000848612
0.00176558
0.0034728
0.0065676
0.012154
0.0226398
0.0446867
0.0942643
0.183421
0.282649
0.355144
0.403031
0.44706
0.496964
0.584302
1.72671
1.72166
1.66506
1.65692
1.65531
1.65489
1.65473
1.65466
1.65458
1.65456
1.65455
1.65456
1.65522
1.69491
6.25433e-06
0.000143559
0.000369408
0.000891755
0.00187201
0.00372576
0.00715999
0.013466
0.0256132
0.0520059
0.108929
0.202546
0.299802
0.361937
0.405182
0.442119
0.497011
0.59476
1.78675
1.73185
1.66672
1.65726
1.65538
1.65491
1.65476
1.6547
1.65457
1.65455
1.65454
1.65456
1.65515
1.69277
6.9935e-06
0.000150635
0.000385856
0.000944757
0.00201921
0.00416005
0.00828556
0.0159232
0.0304799
0.0614395
0.127025
0.226783
0.313051
0.367315
0.405526
0.434674
0.49234
0.59922
1.79993
1.74509
1.66956
1.65783
1.65543
1.65494
1.65482
1.65471
1.65457
1.65455
1.65456
1.65457
1.65508
1.69073
7.86444e-06
0.000158814
0.000402262
0.00101502
0.00225839
0.00476801
0.00931929
0.0176178
0.0348999
0.0741316
0.151199
0.24693
0.321768
0.36892
0.39881
0.423522
0.476754
0.595823
1.79989
1.74674
1.67392
1.65862
1.65561
1.65502
1.65488
1.65471
1.65458
1.65456
1.65458
1.65456
1.65501
1.68877
1.01164e-05
0.000167399
0.000394195
0.000989018
0.00216391
0.0049309
0.0106954
0.0213094
0.0427915
0.0905282
0.169171
0.255898
0.322863
0.363206
0.389622
0.412203
0.464498
0.584839
1.7912
1.78234
1.67804
1.66001
1.65584
1.65514
1.65494
1.65472
1.65456
1.65456
1.65455
1.65456
1.65497
1.6869
2.05475e-05
0.000238794
0.000760105
0.0017894
0.00332713
0.00586894
0.0118194
0.0237469
0.0478744
0.0954276
0.169714
0.251546
0.315322
0.354777
0.380688
0.405394
0.452206
0.562053
1.70278
1.79997
1.68502
1.6614
1.65626
1.65524
1.65505
1.65472
1.65456
1.65455
1.65452
1.65455
1.65495
1.68508
0.00194279
0.00199824
0.00241679
0.0032436
0.00479015
0.00816166
0.014426
0.0244618
0.0432706
0.0852535
0.152563
0.23078
0.297122
0.339921
0.368534
0.394574
0.43553
0.538189
1.5455
1.79996
1.69468
1.66404
1.65662
1.65548
1.65526
1.65473
1.6546
1.65456
1.65457
1.65455
1.65486
1.68333
0.0157613
0.0159264
0.0163602
0.0175911
0.0198275
0.0234406
0.0289277
0.0369916
0.0507117
0.0779097
0.135598
0.198404
0.266987
0.316139
0.349131
0.378196
0.417625
0.512595
1.39268
1.8
1.71318
1.66742
1.6574
1.65588
1.65545
1.65471
1.65457
1.65456
1.65458
1.65457
1.65481
1.68165
0.0494817
0.0496703
0.0502602
0.0515612
0.053808
0.0571598
0.0618031
0.0682263
0.0782621
0.0960843
0.129631
0.180951
0.23613
0.286671
0.325232
0.35619
0.400219
0.478913
1.24285
1.79997
1.76357
1.67426
1.65813
1.65626
1.65566
1.6547
1.65452
1.65454
1.65455
1.65456
1.65483
1.68001
0.0965308
0.0966878
0.0971259
0.0980804
0.0998524
0.102683
0.106683
0.111987
0.119333
0.13018
0.147932
0.17558
0.215233
0.258074
0.295759
0.332153
0.37659
0.447161
1.10413
1.70617
1.79997
1.68456
1.65979
1.65673
1.65573
1.65476
1.65457
1.65453
1.65455
1.65454
1.65482
1.67843
0.144723
0.144843
0.145128
0.145708
0.146838
0.148694
0.151496
0.155189
0.159918
0.166241
0.175332
0.188278
0.207748
0.236496
0.270892
0.305257
0.351017
0.41526
0.969772
1.59848
1.79997
1.69073
1.6611
1.65736
1.65582
1.6548
1.6546
1.65454
1.65457
1.65454
1.65472
1.67686
0.182839
0.182934
0.183092
0.183419
0.184028
0.185059
0.186681
0.188942
0.191664
0.194946
0.199394
0.205829
0.215028
0.228253
0.250105
0.283097
0.323275
0.38093
0.838762
1.47891
1.76568
1.70566
1.66543
1.65791
1.6558
1.65483
1.65453
1.65462
1.65454
1.65456
1.65466
1.67534
0.206799
0.206829
0.206883
0.207012
0.207282
0.207775
0.208572
0.209752
0.211307
0.213202
0.215552
0.218789
0.223569
0.230769
0.242275
0.262047
0.303536
0.349679
0.718588
1.34148
1.70796
1.76191
1.67103
1.65912
1.65579
1.65474
1.65456
1.65468
1.65455
1.65458
1.65468
1.67391
0.222042
0.222055
0.22208
0.222125
0.222241
0.22246
0.222834
0.223385
0.224133
0.225075
0.226272
0.227969
0.230624
0.234857
0.24166
0.253364
0.277349
0.321989
0.623032
1.20229
1.63858
1.79997
1.6809
1.66018
1.65621
1.65467
1.6546
1.65465
1.65463
1.65459
1.65471
1.67248
0.238447
0.238454
0.238469
0.238491
0.238557
0.238681
0.238891
0.239206
0.239645
0.240216
0.240986
0.242144
0.244037
0.247205
0.252577
0.26193
0.279663
0.323176
0.588293
1.07212
1.53936
1.76562
1.69182
1.66228
1.65643
1.65484
1.6545
1.65442
1.65455
1.65451
1.65471
1.67102
0.279426
0.279431
0.279439
0.279459
0.279483
0.279546
0.279659
0.279847
0.280138
0.280576
0.281261
0.282429
0.28451
0.288229
0.295022
0.307964
0.334185
0.395621
0.593934
0.991016
1.42231
1.73224
1.71813
1.6643
1.65667
1.65492
1.65457
1.65441
1.65447
1.65454
1.65462
1.66963
0.380404
0.38041
0.380421
0.38044
0.380473
0.380549
0.380693
0.380944
0.381353
0.381991
0.382997
0.384643
0.387524
0.392719
0.402212
0.419866
0.453915
0.523004
0.67352
0.950181
1.34359
1.70061
1.76634
1.66953
1.657
1.65474
1.65467
1.65471
1.65459
1.65463
1.65458
1.66835
0.579154
0.579161
0.57917
0.579175
0.579208
0.579289
0.579446
0.579724
0.580167
0.580794
0.581581
0.582912
0.585645
0.590949
0.600709
0.618213
0.649197
0.710524
0.820294
1.01508
1.32127
1.63217
1.75547
1.67706
1.65745
1.65468
1.65449
1.65477
1.65465
1.65453
1.65453
1.66705
0.896851
0.896856
0.896885
0.896974
0.897131
0.897443
0.89795
0.898822
0.900115
0.901944
0.904124
0.906259
0.908305
0.910249
0.915062
0.927142
0.952091
0.998192
1.07046
1.20651
1.41194
1.61794
1.75958
1.69371
1.65767
1.65497
1.65446
1.65442
1.65447
1.65446
1.65458
1.66571
1.24365
1.24365
1.24367
1.2437
1.24377
1.24392
1.24417
1.24461
1.24529
1.24631
1.24766
1.24921
1.25069
1.25225
1.25338
1.25872
1.27137
1.29662
1.3363
1.40884
1.52529
1.64473
1.72556
1.69853
1.65784
1.65503
1.65473
1.6543
1.65449
1.65451
1.65463
1.66438
1.46385
1.46385
1.46388
1.46392
1.464
1.46414
1.4644
1.46481
1.46548
1.46646
1.46777
1.4692
1.47084
1.4726
1.47483
1.47851
1.48453
1.49485
1.51023
1.54936
1.5965
1.6448
1.67844
1.67324
1.65874
1.65501
1.65496
1.65469
1.6547
1.65463
1.65463
1.66318
1.58697
1.58699
1.58702
1.58707
1.58717
1.58734
1.58762
1.58809
1.58884
1.58996
1.59147
1.59323
1.59496
1.59635
1.59734
1.5987
1.6017
1.60759
1.6148
1.62363
1.63519
1.64812
1.6597
1.66014
1.65754
1.6549
1.65449
1.65492
1.65456
1.65458
1.65464
1.66197
1.63621
1.63622
1.63625
1.63631
1.6364
1.63657
1.63684
1.63729
1.638
1.63907
1.6405
1.64217
1.64385
1.64538
1.64621
1.64662
1.64716
1.64791
1.64895
1.65034
1.6523
1.65449
1.65533
1.65543
1.65518
1.65482
1.65458
1.65434
1.65439
1.65449
1.65455
1.66076
1.64634
1.64636
1.64639
1.64645
1.64655
1.64671
1.64699
1.64746
1.64819
1.64929
1.65077
1.65243
1.65379
1.65445
1.65445
1.65426
1.65416
1.65417
1.65423
1.65433
1.65449
1.65468
1.65478
1.65477
1.65471
1.65465
1.65459
1.65457
1.65462
1.65459
1.6545
1.65959
1.64718
1.6472
1.64723
1.64729
1.64739
1.64755
1.64783
1.64828
1.649
1.65007
1.65149
1.65305
1.65434
1.65494
1.65491
1.6547
1.65458
1.65455
1.65454
1.65455
1.65456
1.65457
1.65458
1.65458
1.65459
1.65458
1.65458
1.65456
1.65455
1.65456
1.65455
1.65833
1.64726
1.64728
1.64731
1.64737
1.64746
1.64763
1.6479
1.64836
1.64907
1.65013
1.65154
1.6531
1.65437
1.65496
1.65493
1.65472
1.6546
1.65457
1.65456
1.65456
1.65457
1.65457
1.65457
1.65457
1.65456
1.65456
1.65456
1.65456
1.65456
1.65455
1.65457
1.65702
1.64726
1.64728
1.64731
1.64737
1.64747
1.64763
1.64791
1.64836
1.64908
1.65015
1.65157
1.65313
1.6544
1.65499
1.65495
1.65473
1.6546
1.65456
1.65455
1.65456
1.65456
1.65456
1.65457
1.65456
1.65456
1.65455
1.65455
1.65455
1.65455
1.65456
1.65455
1.65539
1.6473
1.64732
1.64736
1.64741
1.64751
1.64767
1.64795
1.6484
1.64912
1.65018
1.65158
1.65314
1.65441
1.655
1.65496
1.65474
1.65461
1.65457
1.65456
1.65455
1.65455
1.65455
1.65455
1.65455
1.65456
1.65456
1.65455
1.65455
1.65455
1.65455
1.6546
1.66105
1.64728
1.6473
1.64733
1.64739
1.64749
1.64765
1.64793
1.64838
1.64909
1.65015
1.65156
1.65311
1.65439
1.65498
1.65495
1.65473
1.6546
1.65457
1.65456
1.65456
1.65455
1.65455
1.65454
1.65454
1.65455
1.65455
1.65455
1.65455
1.65455
1.65455
1.65471
1.67308
1.64726
1.64728
1.64732
1.64737
1.64747
1.64763
1.64791
1.64836
1.64908
1.65013
1.65154
1.65309
1.65436
1.65495
1.65494
1.65473
1.6546
1.65457
1.65456
1.65456
1.65456
1.65455
1.65455
1.65455
1.65455
1.65455
1.65455
1.65455
1.65455
1.65455
1.65472
1.67409
)
;

boundaryField
{
    QUAD_bdy____1
    {
        type            empty;
    }
    QUAD_bdy____2
    {
        type            empty;
    }
    QUAD_bdy____3
    {
        type            calculated;
        value           nonuniform List<scalar> 
32
(
1.64728
1.64727
1.64727
1.64727
1.64726
1.64726
1.64726
1.64725
1.64724
1.64722
1.64719
1.64714
1.64706
1.64691
1.64665
1.64615
1.64519
1.64353
1.64114
1.63758
1.63427
1.6385
1.64825
1.65342
1.65446
1.65455
1.65456
1.65456
1.65456
1.65456
1.65456
1.65456
)
;
    }
    QUAD_bdy____4
    {
        type            calculated;
        value           nonuniform List<scalar> 
32
(
1.64729
1.64731
1.64734
1.64739
1.64749
1.64765
1.64793
1.64838
1.6491
1.65016
1.65156
1.65312
1.65439
1.65498
1.65494
1.65472
1.65459
1.65456
1.65456
1.65456
1.65456
1.65456
1.65456
1.65456
1.65456
1.65456
1.65456
1.65456
1.65456
1.65456
1.65473
1.67409
)
;
    }
    QUAD_bdy____5
    {
        type            compressible::alphatWallFunction;
        Prt             0.85;
        value           nonuniform List<scalar> 
64
(
0
0
0
0
0
0
0
0
0
0
0
0
0
0
0
0
0
0
0
0
0
0
0
0
0
0
2.04384e-06
6.27585e-06
1.16863e-05
1.84867e-05
2.72633e-05
3.87308e-05
4.33258e-05
3.31875e-05
2.52178e-05
1.93391e-05
1.47764e-05
9.88995e-06
5.49377e-06
1.28589e-06
0
0
0
0
0
0
0
0
0
0
0
0
0
0
0
0
0
0
0
0
0
0
0
0
)
;
    }
    QUAD_bdy____6
    {
        type            calculated;
        value           nonuniform List<scalar> 
112
(
1.65455
1.65455
1.65455
1.65458
1.65448
1.6545
1.6546
1.6546
1.65458
1.65458
1.65458
1.65457
1.65452
1.65454
1.65461
1.65457
1.6545
1.65452
1.65459
1.65458
1.65457
1.65452
1.65452
1.65453
1.65454
1.65454
1.65457
1.65457
1.65454
1.65456
1.65462
1.65483
4.17102
4.17102
4.17103
4.17104
4.17103
4.17103
4.17103
4.17103
4.17103
4.17103
4.17103
4.17103
4.17103
4.17103
4.17103
4.17103
4.17103
4.17103
4.17103
4.17103
4.17103
4.17103
4.17103
4.17104
4.17104
4.17104
4.17104
4.17104
4.17104
4.17104
4.17104
4.17104
4.17104
4.17104
4.17104
4.17104
4.17104
4.17104
4.17104
4.17104
4.17104
4.17104
4.17104
4.17104
4.17104
4.17104
4.17104
4.17104
4.17103
4.17104
4.17105
4.17104
4.17103
4.17104
4.17104
4.17103
4.17103
4.17103
4.17104
4.17106
4.17101
4.17098
4.17109
4.17109
4.17095
4.17091
4.17108
4.17116
4.17104
4.17091
4.17104
4.1711
4.17113
4.1712
4.17099
4.1708
4.17111
4.17104
4.17103
4.17104
)
;
    }
}


// ************************************************************************* //
