/*--------------------------------*- C++ -*----------------------------------*\
  =========                 |
  \\      /  F ield         | OpenFOAM: The Open Source CFD Toolbox
   \\    /   O peration     | Website:  https://openfoam.org
    \\  /    A nd           | Version:  12
     \\/     M anipulation  |
\*---------------------------------------------------------------------------*/
FoamFile
{
    format      ascii;
    class       volScalarField;
    location    "0.016";
    object      epsilon;
}
// * * * * * * * * * * * * * * * * * * * * * * * * * * * * * * * * * * * * * //

dimensions      [0 2 -3 0 0 0 0];

internalField   nonuniform List<scalar> 
3584
(
16309.6
16309.8
16309.8
16309.8
16309.8
16309.8
16309.8
16309.8
16309.8
16309.8
16309.7
16309.7
16309.6
16309.4
16309.1
16308.4
16307
16304
16297.6
16281.3
16234.3
16140.3
16054.4
16020.9
16015.1
16014.6
16014.6
16014.6
16014.6
16014.6
16014.6
16014.6
16309.6
16309.8
16309.8
16309.8
16309.8
16309.8
16309.8
16309.8
16309.8
16309.8
16309.8
16309.7
16309.6
16309.4
16309.1
16308.4
16307
16304.1
16297.7
16281.4
16234.2
16140.1
16054.4
16020.9
16015.1
16014.6
16014.6
16014.6
16014.6
16014.6
16014.6
16014.6
16309.6
16309.9
16309.9
16309.9
16309.9
16309.9
16309.9
16309.8
16309.8
16309.8
16309.8
16309.7
16309.6
16309.3
16309
16308.4
16307
16304.1
16297.7
16281.3
16234.1
16140.1
16054.4
16020.8
16015.1
16014.6
16014.6
16014.6
16014.6
16014.6
16014.6
16014.6
16309.6
16309.8
16309.8
16309.8
16309.8
16309.8
16309.8
16309.8
16309.8
16309.7
16309.7
16309.6
16309.5
16309.3
16308.9
16308.2
16306.8
16303.9
16297.6
16281.2
16234
16140.2
16054.1
16020.9
16015
16014.6
16014.6
16014.6
16014.6
16014.6
16014.6
16014.8
16309.5
16309.7
16309.7
16309.7
16309.7
16309.7
16309.7
16309.7
16309.7
16309.6
16309.6
16309.5
16309.4
16309.2
16308.8
16308.1
16306.7
16303.9
16297.5
16281.1
16233.8
16139.8
16054.1
16020.7
16015
16014.6
16014.5
16014.5
16014.6
16014.6
16014.9
16014.1
16308.9
16309.2
16309.2
16309.2
16309.2
16309.2
16309.2
16309.1
16309.1
16309.1
16309
16309
16308.9
16308.7
16308.3
16307.5
16306
16303.1
16296.9
16280.6
16233.5
16139.9
16054.5
16020.8
16014.8
16014.1
16014.1
16014.4
16014.6
16015.1
16013.9
16014.3
16307.5
16307.7
16307.7
16307.7
16307.7
16307.7
16307.7
16307.6
16307.6
16307.5
16307.3
16307.2
16307
16306.7
16306.3
16305.5
16304.1
16301.5
16295.8
16281.6
16240
16153.3
16067.8
16027.3
16015.7
16013.3
16013
16014.3
16013.8
16013.6
16015
16015
16309.5
16309.8
16309.8
16309.8
16309.7
16309.7
16309.7
16309.7
16309.6
16309.6
16309.5
16309.4
16309.3
16309.1
16308.8
16308.1
16307.3
16307.4
16312.6
16324.2
16325.8
16276.9
16173.4
16070.7
16018.5
16004.4
16012.5
16015.4
16016
16014.7
16015.2
16014.9
16491.5
16491.7
16491.7
16491.8
16491.8
16491.9
16491.9
16492
16492.2
16492.5
16492.9
16493.8
16495.3
16498
16503.3
16513.3
16534.2
16580.9
16683.8
16849.9
17004.3
16958.7
16640.2
16199.9
16003.3
15999.6
16014.9
16015
16016.1
16014.6
16014.5
16014.8
17706.2
17706.5
17706.7
17706.9
17707.2
17707.5
17708.1
17709
17710.6
17713.1
17717.6
17725.3
17738.7
17762.2
17804.1
17880.1
18019.9
18293.4
18804.8
19367.9
19494.6
18903.7
17689.5
16487.1
16006.7
15993.5
16010
16014.5
16014.6
16014.1
16014.1
16014.8
21596
21596.7
21597.3
21597.9
21598.8
21600.1
21602
21605.1
21610.1
21618.5
21632.3
21655.7
21695.7
21765.7
21890.5
22119
22551.3
23412.7
24768
25417.4
24535.6
22396.9
19159.9
16700.2
15982.7
16000.1
16010
16013
16013.4
16014.2
16014.6
16014.8
29490
29491.6
29492.9
29494.6
29496.9
29500.1
29505
29512.8
29525.3
29545.6
29579
29634.7
29730.5
29899.6
30206.7
30790.8
31979
34196.7
36461
35926.5
32873.6
27837.3
20632
16440.3
15952.2
15998.6
16014.9
16013.5
16014.2
16015.1
16015.2
16014.7
40890.5
40894.4
40897.3
40900.9
40905.6
40912.2
40922.4
40939
40966.6
41013.7
41094.9
41236.4
41486.3
41936.4
42784.5
44511.9
47885
52430.1
54686.9
52030.6
44461
32864
19137.8
16210.4
15948.9
15997.2
16014.8
16014.5
16016
16015.4
16015
16014.4
58916.2
58922.4
58928.8
58936.4
58946.1
58959.6
58979.7
59011.6
59064
59152.1
59303.7
59571.5
60061.8
61035.3
63262.7
68421.4
76999.5
83669.8
82590.4
72241.8
53617.8
29471.6
17841.2
16068.1
15948.1
15998.2
16010.1
16016.3
16015.7
16014.5
16014.7
16014.6
84775.8
84788
84800.8
84816.1
84835.7
84863.2
84904.8
84971.4
85082.4
85273.9
85616.1
86262.3
87624.8
91011.9
99693.6
115687
131491
134983
121792
92743.5
49243
24191.6
17075.5
15960
15949
16000.7
16009.9
16015.1
16014.1
16013.8
16014.1
16015
117388
117412
117438
117468
117508
117567
117659
117812
118078
118568
119534
121671
127169
142062
172831
206703
221283
207272
163046
90294.2
39461
21117.7
16634.1
15894.1
15951.8
16000.2
16010.9
16013
16013.7
16014.6
16014.5
16014.7
157744
157792
157847
157913
158005
158146
158378
158790
159563
161139
164734
174144
199945
255303
323087
358265
344942
286671
175161
72815.2
31906.6
19331.9
16262.3
15865.7
15957.1
16001.1
16011.3
16014.8
16014.8
16015.4
16015.1
16014.3
210335
210443
210576
210751
211016
211454
212234
213713
216736
223581
241109
288335
391842
519463
590910
563352
472095
327846
150014
54963.1
26763
18131.4
16001.2
15871.7
15964.5
16003.4
16012.8
16016
16016
16014.5
16014.7
16014.4
280927
281208
281583
282130
283030
284625
287639
293757
307434
341803
432403
625947
875948
999350
964587
786854
546148
286935
100635
41205.3
23688.8
17255.8
15856.4
15901.2
15978
16005.8
16015
16013.8
16015.4
16014
16014.1
16014.9
387978
388831
390060
392015
395464
401995
415290
445056
519858
712278
1098020
1541110
1764110
1655670
1343330
909821
469270
175369
67128.4
34743.4
21734.7
16749.9
15817.7
15931.8
15982.6
16005.2
16012.9
16013.7
16013.7
16014.9
16014.4
16014.9
592216
595309
599974
607960
623140
654464
725474
903407
1351790
2200420
3002890
3269160
2885550
2215740
1421230
695339
256093
109929
54797.4
31228.9
20576.6
16514.8
15851.3
15947.9
15985.2
16005.5
16010.8
16015.7
16013.9
16015.1
16015.1
16014.8
1107620
1123680
1148850
1195470
1292320
1510610
2026290
3152180
4887680
6332110
6656850
5340010
3643790
2057090
846675
309878
152778
90665.5
49844.2
29117.6
19857.5
16424.9
15922
15967.9
15988.5
16006.9
16011.8
16015
16014.3
16014.2
16014.8
16014.4
3266820
3450530
3717970
4207930
5153410
6875840
9643290
12858500
15211700
14271800
10775200
6082330
2860300
838970
321374
188235
128796
85463.6
46836.9
27796.8
19368.4
16412.5
15989.4
15980.8
15990.9
16009.5
16014.7
16013.4
16014.4
16014.2
16014.3
16014.4
32759300
33731700
34739600
35955900
37470600
39239100
41939300
42878700
35852400
21609900
9643230
2862240
683781
314190
222923
168597
124190
83513.1
45567.8
26828.8
18986.2
16443.7
16029.3
15989
15992.8
16008.4
16015.3
16014.4
16015.5
16015.1
16014.3
16014.5
2317930000
750944000
433222000
303411000
237117000
198998000
164620000
112312000
43909800
10185100
1681430
590961
348381
269464
214614
165941
123139
83792
44763.6
26088.3
18660.1
16467
16042.5
15992.3
15994.9
16008.2
16012.9
16015.7
16015.4
16015
16014.6
16014.5
700213000
1102840000
545950000
268024000
149141000
89639300
54228800
32053200
16402900
5322530
1314200
511702
334620
268316
216648
167182
124042
86464.1
43963.6
25454.9
18380.1
16439.1
16041.6
15993.5
15996.5
16008.8
16012.2
16015.1
16014.8
16014.3
16014.9
16014.6
1035600000
1863540000
889510000
391198000
184098000
94613400
51339500
28760200
15241100
5578590
1478410
531413
341928
276040
222638
169877
126776
89722.1
42790.6
24671.4
18088.4
16359.4
16032.7
15994.7
15998.2
16009.7
16013.4
16013.9
16014
16014.3
16014.8
16014.8
1186770000
2175540000
1080870000
479343000
220464000
107484000
55785100
30274600
15628600
6133690
1795190
596986
360643
289863
233040
175874
132382
95119.3
42047.7
23860.6
17768.6
16277.7
16030.3
15995.4
15999.5
16011.4
16015.7
16014.2
16014.4
16014.9
16014.5
16014.7
1254260000
2302060000
1193020000
539390000
251926000
123651000
63255400
33184600
16646300
6932320
2181440
701825
391153
309861
248727
188680
141648
100036
41867.7
23078.7
17433.7
16205.1
16017.9
15996.8
16002.4
16011.2
16015.1
16015
16015.3
16014.8
16014.4
16014.5
1267640000
2313690000
1250330000
577305000
274348000
136701000
70468500
36987900
19186300
8492700
2694990
827033
440484
338937
269464
202114
151600
105357
41852.8
22304
17121.3
16140.9
16010
15999.5
16004.7
16011.2
16013.3
16014.9
16015.1
16014.4
16014.6
16014.6
1282600000
2314780000
1304760000
613610000
295783000
149317000
78160100
41763500
21987600
10053200
3294190
967711
493540
384669
298643
220850
163580
110629
42039.8
21442.6
16845.7
16089
16006
16004.4
16003.9
16011.8
16013.3
16014.3
16014.5
16014.6
16014.8
16014.8
1289970000
2297200000
1350140000
645380000
314987000
160879000
85246900
46150500
24631000
11578400
3900710
1109870
548297
434213
339657
244363
178410
115548
41471.9
20546.3
16605.4
16055.1
16004.9
16003.1
16004.5
16012.7
16014.1
16014.4
16014.3
16014.8
16014.7
16014.9
1322810000
2326590000
1415890000
685155000
337392000
173648000
92620100
50370300
26964900
12773300
4303130
1242460
623234
499736
400192
275997
193801
121693
39899.8
19666.3
16415.4
16032.4
16004.6
16003.2
16005.3
16012.3
16015
16014.6
16014.8
16014.7
16014.5
16016.4
1417650000
2515260000
1528320000
742239000
366128000
187852000
99112600
52741800
27204100
12200600
4045080
1273850
688230
556496
448291
318101
211733
126706
38324.7
18883.2
16274.7
16018.9
16004.9
16003.9
16006.2
16012.2
16014.4
16014.8
16014.8
16014.5
16014.6
16022.1
1444100000
2648890000
1542930000
744781000
365684000
185892000
96384600
49852000
24610100
10424100
3536060
1316580
772487
623441
501879
357471
232208
132197
36603.9
18193.1
16178.5
16012.5
16005
16004.5
16007
16012.5
16014.4
16014.7
16014.5
16014.6
16014.7
16028.3
1411320000
2678320000
1485640000
713645000
351817000
180525000
94828500
49592200
24392700
10043200
3387550
1358720
874140
713690
557366
380352
266686
138940
34906.3
17584.1
16116.2
16011.2
16005.3
16005.6
16009
16012.8
16014.6
16014.6
16014.6
16014.7
16014.7
16034.9
1459380000
2807940000
1531140000
733839000
361860000
185757000
97382500
50429000
24110600
9569850
3390090
1542720
1063620
868180
653372
432864
289318
146357
33188.4
17083.7
16074.8
16007.8
16005.7
16007
16010.6
16012.9
16014.5
16014.5
16014.7
16014.7
16014.7
16041.9
1575600000
3287300000
1616400000
758275000
370264000
188118000
96828700
48221500
21226900
7805540
2999690
1662100
1273250
1037050
760658
496655
301814
151093
31408.6
16656.6
16046.4
16007.3
16006.9
16008.9
16010.2
16013.7
16014.5
16014.6
16014.6
16014.6
16014.8
16049.4
1503840000
3235030000
1531700000
712584000
346834000
175514000
89180500
42754200
17609800
6487540
2896450
1892890
1528020
1217540
852243
538573
303408
146706
29495.7
16351.2
16030.2
16007.2
16008.1
16008.3
16010.7
16013.9
16014.5
16014.7
16014.6
16014.6
16014.9
16057.5
1537060000
3383230000
1558050000
717428000
345817000
172444000
84772400
37935100
14774500
5924910
3188480
2334890
1904980
1467460
983527
598792
308146
134702
27834.6
16168.5
16023.7
16007
16007.6
16008.3
16011.4
16013.7
16014.5
16014.6
16014.6
16014.7
16015
16066
1550130000
3723640000
1573010000
706121000
333391000
160686000
73656100
30030200
11810200
5647570
3649030
2865040
2309810
1704640
1100580
623463
299406
121054
26593.5
16074.4
16020.6
16008
16007.8
16009
16011.7
16013.8
16014.6
16014.6
16014.6
16014.6
16015.2
16075
1479860000
3673520000
1493920000
658663000
302615000
137924000
57708700
22665600
10072300
5860800
4333690
3523040
2755820
1935010
1197330
617971
273679
101723
25601
16049.4
16019.2
16010.2
16009.4
16010.3
16012.5
16014
16014.6
16014.7
16014.6
16014.6
16015.4
16084.6
1411560000
3825760000
1439670000
610370000
264274000
109802000
43300100
18519400
9880200
6702230
5298710
4275730
3189740
2134260
1218570
572267
236161
77140.2
22938.2
16040.7
16018.6
16012.2
16011.4
16011.6
16013
16014.1
16014.5
16014.6
16014.6
16014.6
16015.6
16094.5
1243130000
3615870000
1272620000
512267000
205044000
80096800
33295700
16785800
10604300
7973290
6501020
5103860
3614230
2242120
1161800
508868
183244
50674.5
19356.4
16035
16018.4
16013.6
16012.7
16012.8
16013.4
16014.1
16014.5
16014.6
16014.6
16014.6
16015.8
16104.7
1083300000
3391250000
1107420000
411849000
153837000
61731000
29514000
17394100
12250300
9686320
7891360
5932520
3965710
2229300
1056070
422621
119288
31281.5
17225.3
16031.5
16018.3
16014.4
16013.6
16013.6
16013.9
16014.3
16014.6
16014.6
16014.6
16014.7
16016.1
16115.2
904034000
3020220000
912660000
313032000
116907000
52409100
29007500
19167900
14425600
11655500
9360750
6705210
4078200
2089830
910482
296526
65145.5
20702.6
16349.6
16029.8
16018.2
16015
16014.2
16014.1
16014.3
16014.5
16014.6
16014.6
16014.6
16014.7
16016.5
16125.8
745594000
2617310000
735472000
241440000
97743400
49909800
30732600
21789600
16976700
13738600
10831100
7192060
3946030
1903620
694392
151171
29197.7
16868.6
16104.4
16028.5
16017.9
16015.3
16014.6
16014.4
16014.5
16014.5
16014.6
16014.6
16014.6
16014.7
16016.8
16136.3
589592000
2122690000
574415000
195155000
88602600
50212200
33288700
24714600
19524500
15636800
12050800
7316300
3718660
1588430
363675
44903.5
17818.3
16144.9
16055.2
16026.9
16017.7
16015.5
16014.8
16014.6
16014.6
16014.6
16014.6
16014.6
16014.6
16014.7
16017.2
16146.6
458973000
1548910000
432435000
165853000
84407500
51745800
36181500
27674600
21789400
17143600
12812200
7222320
3411530
905838
78910.5
18556.6
16316.2
16074
16039.5
16024.1
16017.5
16015.6
16014.9
16014.7
16014.6
16014.6
16014.6
16014.6
16014.6
16014.7
16017.6
16156.5
416337000
1057280000
329981000
146680000
82290500
53664800
39057000
30287500
23348500
17939000
13314300
7092670
2591620
223095
23173.7
16613.4
16151.5
16056.9
16032.4
16022.4
16017.5
16015.6
16015
16014.7
16014.7
16014.6
16014.6
16014.6
16014.6
16014.7
16018
16165.9
2871420000
1115460000
316535000
143161000
82702300
55602800
41341800
31752000
23601900
18378600
14135300
6438750
980684
57983.5
18037.8
16290
16103
16048.4
16029.3
16021.2
16017.5
16015.7
16015
16014.8
16014.7
16014.6
16014.6
16014.6
16014.6
16014.8
16018.4
16174.7
2492110000
907425000
278040000
133693000
80590700
56193700
42147300
31457200
23064800
19190700
14999100
3763940
248690
27139.3
16883.3
16204
16084.4
16044.5
16027.9
16020.7
16017.4
16015.8
16015.1
16014.8
16014.7
16014.7
16014.6
16014.6
16014.6
16014.8
16018.8
16182.7
2150990000
730025000
241762000
122740000
77282400
55477300
41367300
29942500
22632500
20490100
13553400
1598360
92317
20996.4
16605.9
16174.1
16079.1
16042.7
16027.3
16020.4
16017.3
16015.8
16015.1
16014.8
16014.7
16014.7
16014.7
16014.6
16014.7
16014.8
16019.2
16189.8
1869200000
585897000
209298000
112022000
73353300
53706700
39471500
28446600
22978900
21693500
9533030
778132
58086.6
19338.4
16501
16164.7
16076.6
16042.2
16026.9
16020.2
16017.2
16015.8
16015.2
16014.9
16014.7
16014.7
16014.7
16014.7
16014.7
16014.8
16019.5
16196
1625020000
471855000
183702000
103251000
69544300
51047400
37379600
27683900
24236400
22939400
7290870
499948
46337.7
18680.6
16450
16156.8
16074.9
16041.3
16026.6
16020
16017.1
16015.8
16015.2
16014.9
16014.8
16014.7
16014.7
16014.7
16014.7
16014.8
16019.8
16201.3
1431750000
403740000
171478000
98014800
65660600
48650800
36341200
27618600
24906100
22294800
6349500
415168
41540.3
18340.4
16419.1
16152.1
16073.5
16040.9
16026.4
16019.9
16017.1
16015.8
16015.2
16014.9
16014.8
16014.7
16014.7
16014.7
16014.7
16014.9
16020
16205.6
1731280000
424853000
170829000
95933900
64952200
48325600
36130200
27490700
24880500
22780100
6078870
389519
39943.4
18217.9
16407.3
16150.6
16073.2
16040.8
16026.4
16019.9
16017.1
16015.8
16015.2
16014.9
16014.8
16014.7
16014.7
16014.7
16014.7
16014.9
16020.2
16209
1939190000
493285000
194833000
104246000
68165900
49692100
36669900
27295800
24453100
24760500
7679740
460009
42174.4
18306.3
16412.1
16151.4
16073.6
16041.1
16026.6
16020.1
16017.2
16015.9
16015.3
16014.9
16014.8
16014.7
16014.7
16014.7
16014.7
16014.9
16020.4
16211.3
2081990000
548431000
224492000
119927000
75097900
53125300
38523400
27672400
23844400
26100300
9793420
604596
48463.8
18674.5
16448.4
16160
16077.1
16042.8
16027.6
16020.7
16017.6
16016.1
16015.3
16014.9
16014.8
16014.7
16014.7
16014.7
16014.7
16014.9
16020.4
16212.6
2202910000
585458000
252604000
137141000
85120700
58608600
42584300
29914400
23319600
24002300
15909300
1173910
66030.4
19518
16511.6
16171.6
16081.6
16045
16028.8
16021.4
16018
16016.3
16015.3
16014.9
16014.7
16014.7
16014.7
16014.7
16014.7
16014.9
16020.5
16212.9
2307830000
605729000
277995000
154244000
95577100
65220600
47753200
34521400
24708000
23610200
26271700
3393680
128331
21596.9
16632.1
16191.8
16088
16047.8
16030.2
16022.2
16018.4
16016.4
16015.3
16014.9
16014.7
16014.7
16014.7
16014.7
16014.7
16014.9
16020.4
16212.1
2085530000
564665000
273833000
156678000
98583300
67579900
49969100
37730200
26167200
21346800
23677300
9199540
435892
29416.4
16960.1
16223.1
16097.3
16051.5
16032
16023.1
16018.9
16016.4
16015.3
16014.9
16014.7
16014.7
16014.7
16014.7
16014.7
16014.9
16020.3
16210.2
1822140000
543629000
253577000
143954000
90284300
61484200
45410200
35465300
27010900
19703100
19499100
15708700
1712470
56261
17841
16292.6
16112.4
16057.1
16034.5
16024.4
16019.2
16016.4
16015.3
16014.9
16014.7
16014.7
16014.7
16014.7
16014.7
16014.9
16020.1
16207.4
1439310000
530243000
226221000
125201000
77902100
52636000
38463200
30193700
24382800
18877600
17206900
15817800
5950270
187802
21333.7
16480.4
16139.3
16065.4
16038.2
16026.1
16019.3
16016.5
16015.3
16014.9
16014.8
16014.7
16014.7
16014.7
16014.7
16014.9
16019.9
16203.7
367759000
472014000
195788000
106433000
65655200
44076200
31912300
24895000
20501500
16902200
15301500
13843700
10000500
946059
37471.1
17175.5
16209.1
16081.9
16045
16028.4
16019.7
16016.6
16015.4
16014.9
16014.8
16014.7
16014.7
16014.7
16014.7
16014.8
16019.7
16199.2
282396000
489845000
187070000
95911000
56976500
37240500
26369300
20210500
16647100
14336700
13239900
12050400
9317420
3829310
165695
20532.7
16383.2
16115.6
16059
16031
16020.5
16016.8
16015.5
16015
16014.8
16014.7
16014.7
16014.7
16014.7
16014.8
16019.4
16194
228552000
580483000
206583000
94599700
52083200
32349600
22084100
16455900
13367900
11699200
11023900
10336700
8290590
5075470
1566800
46140.2
17059.7
16193.7
16081.1
16034.3
16021.9
16017.2
16015.6
16015
16014.8
16014.7
16014.7
16014.7
16014.7
16014.8
16019.1
16188.2
230829000
744630000
250855000
101751000
50716400
29380300
19051900
13636500
10763600
9339970
8816480
8439390
7226350
4814700
2471600
388529
21652.9
16363.1
16116.7
16040.4
16024
16017.9
16015.9
16015.1
16014.8
16014.7
16014.7
16014.7
16014.7
16014.8
16018.8
16181.9
264099000
919542000
310951000
118698000
53747600
28440900
17146000
11615400
8786600
7414900
6900730
6681050
6008020
4323650
2539220
1001100
71761
17010.2
16171.8
16052.7
16027.3
16019.1
16016.3
16015.3
16014.9
16014.7
16014.7
16014.7
16014.7
16014.8
16018.5
16175.3
300320000
1048320000
366074000
140533000
60171600
29299200
16291100
10274300
7334910
5922780
5362010
5191760
4840970
3766730
2407080
1324200
279086
24610.4
16239.7
16070.9
16032.1
16020.6
16016.8
16015.4
16015
16014.8
16014.7
16014.7
16014.7
16014.8
16018.1
16168.4
334210000
1147050000
413346000
164665000
70040100
32029300
16290200
9435890
6277000
4791200
4170760
3991350
3814760
3128490
2168950
1300990
555185
52316.1
16302.1
16087.2
16036.7
16022.1
16017.3
16015.6
16015
16014.8
16014.7
16014.7
16014.7
16014.7
16017.8
16161.5
369600000
1244310000
457781000
189363000
82722800
37167000
17635100
9257900
5590190
3961050
3273450
3059320
2964350
2542900
1857900
1194690
673962
115611
16386.3
16097.5
16039.9
16023.2
16017.7
16015.7
16015.1
16014.8
16014.7
16014.7
16014.6
16014.7
16017.5
16154.6
407821000
1341100000
499715000
212415000
95885700
43812000
20111800
9725520
5303980
3418700
2633010
2367460
2295450
2044530
1560310
1075380
649506
188977
16529.9
16105.4
16042.5
16024.1
16018
16015.9
16015.1
16014.8
16014.7
16014.7
16014.6
16014.7
16017.2
16147.8
443533000
1422560000
535389000
231722000
107483000
50744000
23574700
10966600
5455180
3141810
2204200
1871930
1789660
1640190
1302030
928121
590339
232432
16758.5
16114.1
16044.8
16024.8
16018.2
16016
16015.2
16014.8
16014.7
16014.7
16014.7
16014.7
16017
16141.2
467776000
1464170000
555874000
243425000
115125000
56124900
26914900
12495900
5864400
3056060
1939300
1533860
1425710
1328440
1090930
801253
540368
259754
17058.9
16129.1
16048.1
16025.7
16018.5
16016.1
16015.2
16014.9
16014.7
16014.7
16014.7
16014.7
16016.8
16134.7
478585000
1470120000
561949000
247849000
118657000
59242000
29483500
14042600
6424820
3092730
1778430
1302290
1167210
1097530
927843
700433
489677
267409
17472.9
16151.9
16052.4
16026.8
16018.9
16016.2
16015.3
16014.9
16014.7
16014.7
16014.7
16014.7
16016.5
16128.6
456025000
1380130000
529527000
234244000
112805000
57138800
29325900
14639200
6918790
3242930
1719560
1156710
987081
925638
799965
617664
429013
255669
17942.6
16180.9
16057.5
16027.9
16019.2
16016.4
16015.3
16014.9
16014.7
16014.7
16014.7
16014.7
16016.3
16122.7
442166000
1332490000
510494000
225464000
108471000
55053600
28520900
14532800
7016260
3255970
1635120
1030500
845362
789036
691614
542005
374677
245738
18505.7
16224.1
16062.8
16028.9
16019.5
16016.5
16015.4
16014.9
16014.7
16014.7
16014.6
16014.7
16016.2
16117
425623000
1276240000
487217000
214525000
102920000
52196200
27154800
14016900
6895650
3216080
1571320
944666
744528
683172
600337
468303
336440
236305
19750.8
16274.7
16067
16029.5
16019.6
16016.5
16015.4
16015
16014.8
16014.7
16014.6
16014.7
16016
16111.7
412831000
1237190000
468735000
205153000
97840700
49382900
25654900
13328800
6664030
3138310
1501330
865615
663641
600070
522404
407240
309351
227196
22787.8
16326.9
16072.2
16029.8
16019.6
16016.5
16015.4
16015
16014.8
16014.7
16014.7
16014.7
16015.9
16106.6
405085000
1214760000
455188000
197590000
93411600
46715500
24028000
12345700
6105180
2868690
1379320
795174
602346
532854
455163
366279
285634
218564
26352.8
16445.8
16074.9
16030.2
16019.7
16016.6
16015.5
16015
16014.7
16014.6
16014.7
16014.7
16015.7
16101.8
397753000
1194890000
440976000
189359000
88555200
43803500
22255600
11282600
5539830
2609240
1259140
725702
547542
476966
407021
336644
264808
207384
27883.5
16673.6
16084
16030.7
16019.7
16016.6
16015.6
16015.1
16014.7
16014.7
16014.7
16014.7
16015.6
16097.2
389621000
1173800000
424433000
179674000
82801600
40337400
20159800
10121400
4942760
2298390
1113890
657565
500204
431858
374798
311132
247265
194392
29312.4
16977.3
16101.8
16032.3
16019.9
16016.8
16015.7
16015.3
16014.8
16014.7
16014.6
16014.6
16015.5
16092.9
381194000
1154290000
406073000
168572000
75989100
36111300
17710000
8758890
4183030
1952210
972440
591297
457086
400777
348771
288328
232033
182295
32149.6
17455.8
16132.3
16035.3
16020.2
16016.9
16016
16015.5
16014.8
16014.6
16014.6
16014.6
16015.4
16088.7
375845000
1153030000
389704000
156463000
67532900
31000500
15035800
7413240
3530640
1630980
827427
527457
426176
376024
326175
269040
217735
172453
37360
18192.6
16188.3
16040.7
16020.9
16017.3
16016.4
16015.7
16014.7
16014.6
16014.7
16014.7
16015.3
16084.7
373267000
1167250000
372311000
142466000
59946800
28244900
13749000
6298950
2790300
1294330
696575
481834
402728
355910
307343
253466
205432
164008
41202.5
19205.9
16285.7
16050.6
16022.2
16017.8
16016.9
16015.6
16014.8
16014.6
16014.8
16014.7
16015.2
16081
401391000
1357270000
379946000
130586000
45102600
17474500
8608330
4426800
2077250
1020940
610210
451741
383718
338828
291953
241051
194117
155156
46732.9
21389
16478.3
16067
16024.6
16018.8
16017.4
16015.7
16014.7
16014.7
16014.6
16014.7
16015.2
16077.3
443870000
1054850000
405546000
182844000
76914000
23558800
7075150
3071230
1559740
868030
559450
427462
366454
324385
278939
230416
184879
146542
51745.2
25184.1
16876.2
16098.3
16028.1
16019.7
16018.3
16015.7
16014.7
16014.6
16014.4
16014.6
16015.3
16073.8
31899700
31142300
25950800
19578300
13079000
7293620
3910570
2295800
1373260
803782
532378
406993
349808
310250
267465
221313
177313
139293
55879.2
28885.6
17579.1
16156.3
16033.4
16021.6
16019.7
16015.8
16014.9
16014.7
16014.7
16014.6
16015
16070.4
3221310
3182530
3085940
2848370
2501460
2096660
1695680
1343890
1024200
746314
516523
400739
337284
296654
256173
213020
170901
133157
60138.3
35076.5
18949.6
16279.6
16042.9
16024.3
16020.6
16015.6
16014.7
16014.7
16014.8
16014.7
16014.8
16067.1
1101450
1096490
1082780
1054000
1007050
941976
862892
776624
685082
582819
474678
389912
329255
285980
245797
205161
165068
128106
64244.8
38633.3
21366.2
16533.7
16061.3
16027.4
16021.4
16015.6
16014.4
16014.5
16014.6
16014.7
16015.1
16063.9
590943
589958
587349
581664
571490
555688
534023
506648
473340
436301
393732
351005
313762
275016
237271
197921
159775
124092
67410.4
40293
25791.8
17067.6
16097.4
16031.5
16021.7
16016
16014.8
16014.5
16014.6
16014.6
16015.2
16060.9
387622
387347
386683
385186
382379
377700
370707
361283
349275
334541
318019
299167
278359
256612
226125
191736
154814
120379
69578.7
41867.6
31453.4
17983.9
16171
16037.2
16022.3
16016.2
16014.9
16014.5
16014.8
16014.5
16014.7
16057.7
280814
280724
280539
280092
279223
277717
275352
272020
267746
262383
255581
247541
237248
223792
207740
181222
150229
117112
71305.3
43297.4
31838.7
19166.2
16297.6
16047.1
16022.3
16016.5
16014.5
16015.1
16014.5
16014.6
16014.5
16054.7
210297
210267
210212
210081
209808
209314
208506
207310
205722
203773
201375
198164
193445
186394
176538
162976
139508
113713
72317.4
44556.3
32224.5
21059.3
16521.1
16062.7
16022.5
16015.9
16014.7
16015.5
16014.6
16014.8
16014.7
16052.1
157731
157720
157700
157664
157578
157410
157126
156691
156089
155325
154354
152981
150820
147320
141821
133497
121215
105184
72888.1
45600.3
32476.9
23341.1
16845.2
16087.7
16026.1
16015.4
16014.9
16015.3
16015.1
16014.9
16015.1
16049.3
117382
117377
117368
117352
117314
117238
117107
116900
116606
116228
115756
115120
114134
112486
109757
105403
98714.3
89986.2
68343.1
46010.7
32396.6
23670.6
17237.6
16122.6
16028.3
16016.6
16014.3
16013.7
16014.6
16014.4
16015.2
16046.2
84773.6
84771.6
84768.1
84761.9
84749.9
84722.8
84672.3
84588
84459.6
84279.8
84039.1
83708.9
83213.1
82396.7
81009
78693.4
74921.7
68677.4
56960.1
42705.7
32037.3
23889.2
17842
16179.3
16031.8
16017.2
16014.8
16013.6
16014.1
16014.6
16014.6
16043.4
58915.1
58914.1
58912.4
58909.5
58903.9
58891.1
58866.7
58824.9
58758.9
58662.1
58526.8
58338.4
58062.1
57629.8
56919.3
55728.8
53683.8
50016.9
43873.1
36061.7
29909.6
23820.5
18280.9
16254.2
16036
16016.1
16015.4
16015.7
16014.9
16015.1
16014.5
16041.2
40889.3
40889.1
40888.5
40886.3
40881.8
40872.5
40855.5
40826.3
40779.3
40707.6
40600.8
40438.3
40196.9
39878.9
39450.6
38779.4
37651.8
35839.1
33055.9
29107.6
25466.6
22437.9
18381.9
16375.9
16041.6
16015.7
16014.2
16016.1
16015.3
16014.5
16014.2
16038.8
29489.3
29488.4
29486.2
29481.7
29473.3
29458.3
29432.1
29387.8
29315.7
29204.2
29044.9
28841.6
28612.8
28355
27988.9
27499
26900.7
26033.8
24845.6
23268
21473.2
19900.6
18039.1
16472.7
16047
16017.8
16013.9
16013.8
16014.1
16014
16014.6
16036
21595.8
21595.5
21594.8
21593.4
21590.6
21585.6
21576.9
21562.2
21538.1
21500.8
21447
21376.9
21294.3
21200
21065.9
20844.1
20569.6
20229.6
19742.5
19146.5
18503.6
17878.9
17127.9
16429.7
16051
16018.4
16015.8
16012.9
16014.2
16014.3
16015
16033.1
17706
17705.7
17705
17703.7
17701.4
17697.4
17690.7
17679.4
17661.2
17633.4
17594.4
17546
17495.1
17451.1
17414.6
17374.9
17317.1
17226.9
17088.4
16948.9
16796.2
16614.6
16405
16189.7
16052.3
16018.3
16017.4
16015.5
16015.6
16015.2
16015
16031
16491.3
16490.8
16490
16488.6
16486.2
16482
16474.9
16463.2
16444.2
16415.1
16374
16322.9
16270.5
16230
16207.8
16197.8
16192.7
16190.7
16184
16168.5
16141.8
16116.9
16106.1
16065.9
16035.9
16017.5
16014.3
16017.2
16014.7
16014.8
16015.1
16028.7
16309.4
16308.9
16308.1
16306.7
16304.3
16300.3
16293.4
16282.1
16263.7
16235.6
16195.8
16146.3
16095.7
16057.6
16038.6
16032
16031.2
16032
16032.4
16032.1
16032
16032.8
16028.9
16023.3
16019.3
16016.4
16014.8
16013.2
16013.5
16014.3
16014.6
16026.4
16307.3
16306.9
16306.1
16304.7
16302.4
16298.3
16291.6
16280.3
16262.1
16234.2
16194.6
16145.3
16094.1
16053
16029.1
16019.6
16017.2
16016.8
16016.7
16016.7
16016.8
16017.1
16017
16016.4
16015.7
16015.2
16014.9
16014.7
16015.1
16014.9
16014.2
16024.2
16308.8
16308.3
16307.5
16306.1
16303.8
16299.7
16292.9
16281.6
16263.3
16235.3
16195.5
16145.7
16093.7
16051.7
16027.2
16017.6
16015.2
16014.8
16014.7
16014.8
16014.8
16014.8
16014.9
16014.9
16014.9
16014.8
16014.8
16014.7
16014.6
16014.7
16014.6
16021.4
16309.3
16308.8
16308
16306.6
16304.3
16300.2
16293.4
16282.1
16263.8
16235.8
16195.9
16146
16093.9
16051.8
16027.2
16017.6
16015.2
16014.7
16014.7
16014.7
16014.7
16014.7
16014.7
16014.7
16014.7
16014.7
16014.7
16014.7
16014.7
16014.6
16014.8
16018.5
16309.4
16308.9
16308.1
16306.8
16304.4
16300.4
16293.6
16282.3
16264
16236
16196.3
16146.4
16094.3
16052
16027.3
16017.6
16015.1
16014.7
16014.6
16014.7
16014.7
16014.7
16014.7
16014.7
16014.7
16014.6
16014.6
16014.6
16014.6
16014.7
16014.6
16016.1
16309.5
16309
16308.2
16306.8
16304.5
16300.4
16293.6
16282.3
16264.1
16236.1
16196.3
16146.4
16094.3
16052.1
16027.4
16017.7
16015.2
16014.7
16014.7
16014.6
16014.6
16014.6
16014.6
16014.6
16014.7
16014.7
16014.6
16014.6
16014.6
16014.6
16014.7
16027.7
16309.4
16309
16308.2
16306.8
16304.4
16300.4
16293.6
16282.3
16264
16236
16196.2
16146.3
16094.2
16052
16027.3
16017.6
16015.1
16014.7
16014.7
16014.7
16014.6
16014.6
16014.6
16014.6
16014.6
16014.6
16014.6
16014.6
16014.6
16014.6
16014.9
16051.2
16309.4
16308.9
16308.1
16306.8
16304.4
16300.4
16293.6
16282.2
16264
16235.9
16196.1
16146.2
16094.1
16051.8
16027.2
16017.6
16015.1
16014.7
16014.7
16014.7
16014.7
16014.6
16014.6
16014.7
16014.6
16014.6
16014.6
16014.6
16014.6
16014.6
16014.9
16053
)
;

boundaryField
{
    QUAD_bdy____1
    {
        type            empty;
    }
    QUAD_bdy____2
    {
        type            empty;
    }
    QUAD_bdy____3
    {
        type            inletOutlet;
        inletValue      uniform 25000;
        value           nonuniform List<scalar> 
32
(
16309.6
16309.8
16309.8
16309.8
16309.8
16309.8
16309.8
16309.8
16309.8
16309.8
16309.7
16309.7
16309.6
16309.4
16309.1
16308.4
16307
16304
16297.6
16281.3
16234.3
16140.3
16054.4
16020.9
16015.1
16014.6
16014.6
16014.6
16014.6
16014.6
16014.6
16014.6
)
;
    }
    QUAD_bdy____4
    {
        type            inletOutlet;
        inletValue      uniform 25000;
        value           nonuniform List<scalar> 
32
(
16309.4
16308.9
16308.1
16306.8
16304.4
16300.4
16293.6
16282.2
16264
16235.9
16196.1
16146.2
16094.1
16051.8
16027.2
16017.6
16015.1
16014.7
16014.7
16014.7
16014.7
16014.6
16014.6
16014.7
16014.6
16014.6
16014.6
16014.6
16014.6
16014.6
16014.9
16053
)
;
    }
    QUAD_bdy____5
    {
        type            epsilonWallFunction;
        value           nonuniform List<scalar> 
64
(
2317930000
700213000
1035600000
1186770000
1254260000
1267640000
1282600000
1289970000
1322810000
1417650000
1444100000
1411320000
1459380000
1575600000
1503840000
1537060000
1550130000
1479860000
1411560000
1243130000
1083300000
904034000
745594000
589592000
458973000
416337000
2871420000
2492110000
2150990000
1869200000
1625020000
1431750000
1731280000
1939190000
2081990000
2202910000
2307830000
2085530000
1822140000
1439310000
367759000
282396000
228552000
230829000
264099000
300320000
334210000
369600000
407821000
443533000
467776000
478585000
456025000
442166000
425623000
412831000
405085000
397753000
389621000
381194000
375845000
373267000
401391000
443870000
)
;
    }
    QUAD_bdy____6
    {
        type            inletOutlet;
        inletValue      uniform 25000;
        value           nonuniform List<scalar> 
112
(
16014.6
16014.6
16014.6
16014.8
16014.1
16014.3
16015
16014.9
16014.8
16014.8
16014.8
16014.7
16014.4
16014.6
16015
16014.7
16014.3
16014.4
16014.9
16014.9
16014.8
16014.4
16014.4
16014.5
16014.5
16014.6
16014.8
16014.7
16014.5
16014.6
16014.8
16014.9
25000
25000
25000
25000
25000
25000
25000
25000
25000
25000
25000
25000
25000
25000
25000
25000
25000
25000
25000
25000
25000
25000
25000
25000
25000
25000
25000
25000
25000
25000
25000
25000
25000
25000
25000
25000
25000
25000
25000
25000
25000
25000
25000
25000
25000
25000
25000
25000
25000
25000
25000
25000
25000
25000
25000
25000
25000
25000
25000
25000
25000
25000
25000
25000
25000
25000
25000
25000
25000
25000
25000
25000
25000
25000
25000
25000
25000
25000
25000
25000
)
;
    }
}


// ************************************************************************* //
