/*--------------------------------*- C++ -*----------------------------------*\
| =========                 |                                                 |
| \\      /  F ield         | OpenFOAM: The Open Source CFD Toolbox           |
|  \\    /   O peration     | Version:  2312                                  |
|   \\  /    A nd           | Website:  www.openfoam.com                      |
|    \\/     M anipulation  |                                                 |
\*---------------------------------------------------------------------------*/
FoamFile
{
    version     2.0;
    format      ascii;
    arch        "LSB;label=64;scalar=64";
    class       volScalarField;
    location    "0.4";
    object      H2O;
}
// * * * * * * * * * * * * * * * * * * * * * * * * * * * * * * * * * * * * * //

dimensions      [0 0 0 0 0 0 0];

internalField   nonuniform List<scalar> 
4000
(
0.000187027
0.000607319
0.00108065
0.00161292
0.00221026
0.00287906
0.00362587
0.00445734
0.00538011
0.00640065
0.00752518
0.00875947
0.0101087
0.0115773
0.0131689
0.0148858
0.0167293
0.0186996
0.0207951
0.0230131
0.0253494
0.0277984
0.0303529
0.0330048
0.0357446
0.0385619
0.0414454
0.0443832
0.047363
0.0503723
0.0533985
0.0564292
0.0594523
0.0624562
0.0654301
0.0683637
0.0712477
0.0740737
0.0768341
0.0795225
0.0821334
0.0846621
0.087105
0.0894593
0.0917231
0.0938953
0.0959753
0.0979632
0.0998599
0.101666
0.103384
0.105016
0.106563
0.107998
0.109356
0.110639
0.11185
0.11299
0.114061
0.115062
0.115989
0.116835
0.117586
0.118214
0.118669
0.118866
0.118658
0.117793
0.115833
0.112021
0.106124
0.0992397
0.0919772
0.0846782
0.0775341
0.070651
0.0640863
0.05787
0.0520166
0.0465315
0.041415
0.0366642
0.0322738
0.0282366
0.0245439
0.0211851
0.0181483
0.0154199
0.0129848
0.0108263
0.00892666
0.007267
0.00582763
0.00458845
0.00352925
0.00263018
0.00187202
0.0012366
0.000661808
0.000192496
0.000185625
0.00060278
0.00107264
0.00160113
0.00219437
0.00285874
0.00360079
0.00442714
0.00534446
0.00635924
0.00747774
0.0087058
0.0100486
0.0115108
0.0130958
0.0148063
0.0166435
0.0186077
0.0206975
0.0229102
0.0252416
0.0276863
0.0302372
0.0328862
0.0356238
0.0384397
0.0413226
0.0442606
0.0472415
0.0502526
0.0532813
0.0563153
0.0593423
0.0623507
0.0653296
0.0682685
0.0711583
0.0739902
0.0767568
0.0794515
0.0820686
0.0846036
0.0870526
0.089413
0.0916827
0.0938605
0.0959459
0.0979389
0.0998404
0.101651
0.103374
0.105009
0.106559
0.107997
0.109358
0.110644
0.111857
0.112999
0.114071
0.115073
0.116001
0.116848
0.117597
0.118222
0.118671
0.118858
0.118632
0.117735
0.115721
0.111816
0.105868
0.098956
0.0916799
0.0843759
0.0772323
0.0703531
0.0637949
0.057587
0.0517434
0.0462695
0.0411655
0.0364281
0.032052
0.0280299
0.0243528
0.0210101
0.0179896
0.0152775
0.0128586
0.010716
0.00883163
0.00718648
0.00576069
0.00453403
0.00348625
0.00259744
0.00184842
0.00122102
0.000653185
0.000189948
0.00018387
0.000597064
0.00106243
0.00158584
0.00217345
0.00283164
0.00356698
0.00438614
0.00529579
0.00630249
0.00741252
0.00863176
0.00996553
0.0114184
0.0129941
0.0146952
0.0165232
0.0184784
0.0205595
0.022764
0.0250879
0.0275257
0.0300706
0.0327145
0.0354481
0.038261
0.0411421
0.0440794
0.0470608
0.0500736
0.0531051
0.056143
0.0591749
0.0621891
0.0651747
0.0681211
0.0710188
0.0738593
0.0766349
0.0793388
0.0819654
0.0845099
0.0869684
0.0893382
0.0916171
0.0938038
0.0958978
0.0978991
0.0998084
0.101627
0.103356
0.104998
0.106554
0.107997
0.109363
0.110653
0.11187
0.113016
0.114091
0.115094
0.116023
0.116869
0.117617
0.118236
0.118675
0.118843
0.118585
0.117632
0.115522
0.111454
0.105416
0.0984568
0.0911581
0.0838469
0.0767058
0.0698358
0.0632914
0.0571008
0.0512772
0.0458255
0.0407454
0.0360337
0.0316844
0.0276901
0.0240414
0.0207275
0.0177358
0.0150522
0.0126609
0.010545
0.00868596
0.00706453
0.00566062
0.00445385
0.00342384
0.00255066
0.00181511
0.00119908
0.00064143
0.000186522
0.000181902
0.000590664
0.00105102
0.00156881
0.00215016
0.00280147
0.00352933
0.00434044
0.0052415
0.0062391
0.00733956
0.00854882
0.00987227
0.0113146
0.0128795
0.0145698
0.0163872
0.0183319
0.0204029
0.0225979
0.0249128
0.0273424
0.0298801
0.0325177
0.0352462
0.0380553
0.0409337
0.0438699
0.0468513
0.0498656
0.0528999
0.0559418
0.058979
0.0619997
0.0649927
0.0679475
0.0708544
0.0737048
0.0764907
0.0792054
0.0818431
0.0843988
0.0868686
0.0892495
0.0915394
0.0937369
0.0958413
0.0978526
0.0997715
0.101599
0.103337
0.104986
0.10655
0.108
0.109372
0.110667
0.111889
0.113039
0.114117
0.115123
0.116053
0.116899
0.117643
0.118255
0.118681
0.118824
0.118523
0.117497
0.115264
0.110986
0.104832
0.097812
0.0904851
0.0831659
0.0760297
0.0691733
0.0626486
0.0564821
0.0506862
0.045265
0.0402177
0.0355404
0.031227
0.0272695
0.0236582
0.0203816
0.0174268
0.0147792
0.0124227
0.0103398
0.00851193
0.00691936
0.00554185
0.00435889
0.00335003
0.00249531
0.00177563
0.00117303
0.000627425
0.000182431
0.000179995
0.000584473
0.00103999
0.00155233
0.00212759
0.00277215
0.00349258
0.00429559
0.00518792
0.00617619
0.00726679
0.00846571
0.00977842
0.0112097
0.0127634
0.0144424
0.0162485
0.0181821
0.0202424
0.0224271
0.0247324
0.0271532
0.0296829
0.0323137
0.0350365
0.0378412
0.0407166
0.043651
0.0466323
0.0496477
0.0526846
0.0557305
0.058773
0.0618002
0.0648009
0.0677643
0.0706808
0.0735415
0.0763384
0.0790645
0.081714
0.0842817
0.0867636
0.0891565
0.0914583
0.0936675
0.0957832
0.0978054
0.0997346
0.101572
0.103319
0.104977
0.106549
0.108006
0.109385
0.110686
0.111913
0.113067
0.114149
0.115158
0.116089
0.116934
0.117674
0.118278
0.118687
0.118803
0.118453
0.117344
0.114968
0.11045
0.104166
0.0970781
0.0897205
0.0823936
0.0752646
0.0684253
0.0619245
0.0557872
0.0500244
0.0446395
0.0396309
0.0349942
0.0307227
0.0268079
0.0232395
0.0200055
0.0170926
0.0144856
0.012168
0.0101219
0.00832816
0.00676699
0.0054179
0.00426025
0.00327361
0.00243811
0.00173483
0.00114604
0.000612945
0.000178203
0.000178179
0.000578582
0.00102951
0.0015367
0.00210621
0.00274437
0.00345776
0.00425308
0.00513707
0.00611638
0.00719746
0.00838635
0.00968859
0.011109
0.0126517
0.0143195
0.0161144
0.018037
0.0200866
0.022261
0.0245566
0.0269685
0.0294902
0.032114
0.0348309
0.037631
0.0405031
0.0434357
0.0464165
0.0494329
0.0524723
0.055522
0.0585696
0.0616032
0.0646114
0.0675835
0.0705095
0.0733805
0.0761883
0.078926
0.0815873
0.0841671
0.0866612
0.0890664
0.0913803
0.0936012
0.0957284
0.0977618
0.0997016
0.101549
0.103305
0.104972
0.106552
0.108017
0.109402
0.110709
0.111941
0.1131
0.114185
0.115196
0.116128
0.116972
0.117708
0.118303
0.118695
0.118779
0.118377
0.117179
0.114653
0.109882
0.103461
0.0963024
0.088914
0.0815806
0.0744607
0.0676409
0.061167
0.055062
0.0493356
0.0439902
0.0390236
0.0344307
0.0302042
0.0263349
0.022812
0.019623
0.0167539
0.0141891
0.0119116
0.00990306
0.00814416
0.00661473
0.0052942
0.00416188
0.0031974
0.00238103
0.00169406
0.00111905
0.000598437
0.000173963
0.000176523
0.000573209
0.00101996
0.00152246
0.00208673
0.00271906
0.00342601
0.00421426
0.00509057
0.00606159
0.0071338
0.00831331
0.00960571
0.0110159
0.0125481
0.0142053
0.0159895
0.0179016
0.0199408
0.0221053
0.0243915
0.0267947
0.0293086
0.0319255
0.0346367
0.0374321
0.040301
0.0432316
0.0462118
0.0492291
0.0522707
0.055324
0.0583765
0.0614162
0.0644317
0.067412
0.0703473
0.0732282
0.0760468
0.0787956
0.0814684
0.08406
0.086566
0.0889832
0.0913088
0.0935414
0.0956799
0.0977241
0.0996744
0.101532
0.103297
0.104973
0.106558
0.10803
0.109422
0.110735
0.111973
0.113135
0.114224
0.115237
0.11617
0.117012
0.117743
0.118328
0.118701
0.118754
0.118298
0.117009
0.114329
0.109305
0.102748
0.0955199
0.0881021
0.0807639
0.0736548
0.0668561
0.0604107
0.0543394
0.0486508
0.0433463
0.0384229
0.0338748
0.029694
0.0258708
0.0223938
0.0192499
0.0164245
0.0139016
0.0116637
0.00969205
0.00796711
0.00646852
0.00517559
0.00406765
0.00312442
0.00232636
0.001655
0.00109316
0.000584526
0.000169899
0.000175022
0.000568344
0.00101132
0.00150959
0.00206913
0.00269622
0.00339736
0.00417925
0.00504861
0.00601212
0.00707628
0.00824724
0.00953065
0.0109315
0.012454
0.0141014
0.0158757
0.0177779
0.0198075
0.0219627
0.0242401
0.0266351
0.0291416
0.0317521
0.0344578
0.0372489
0.0401146
0.0430433
0.046023
0.049041
0.0520846
0.0551413
0.0581984
0.0612439
0.0642662
0.0672544
0.0701984
0.0730888
0.0759174
0.0786768
0.0813606
0.0839634
0.0864808
0.0889092
0.0912461
0.0934897
0.0956389
0.0976934
0.0996536
0.10152
0.103295
0.104979
0.106568
0.108047
0.109445
0.110764
0.112006
0.113172
0.114264
0.115279
0.116212
0.117052
0.117778
0.118352
0.118707
0.118728
0.118217
0.116837
0.114004
0.108736
0.102049
0.0947558
0.0873116
0.0799705
0.0728735
0.0660968
0.0596803
0.053643
0.0479922
0.0427282
0.0378474
0.0333433
0.0292073
0.0254291
0.0219966
0.0188962
0.0161129
0.0136301
0.0114299
0.00949341
0.00780062
0.00633111
0.00506415
0.00397911
0.00305582
0.00227494
0.00161823
0.00106878
0.000571416
0.000166067
0.000173687
0.000564018
0.00100363
0.00149815
0.0020535
0.00267592
0.00337191
0.00414813
0.00501131
0.00596813
0.0070251
0.0081884
0.00946372
0.0108561
0.0123699
0.0140084
0.0157737
0.017667
0.0196878
0.0218345
0.0241038
0.0264914
0.028991
0.0315955
0.0342961
0.0370832
0.039946
0.042873
0.0458522
0.0488709
0.0519165
0.0549762
0.0580376
0.0610885
0.0641172
0.0671127
0.0700648
0.0729641
0.0758021
0.0785713
0.0812653
0.0838785
0.0864064
0.0888454
0.0911927
0.0934465
0.0956056
0.0976697
0.0996391
0.101514
0.103297
0.104989
0.106581
0.108066
0.10947
0.110793
0.11204
0.11321
0.114304
0.11532
0.116253
0.11709
0.117811
0.118373
0.118709
0.118696
0.11813
0.116657
0.11367
0.108179
0.101375
0.0940252
0.0865595
0.0792182
0.0721345
0.0653802
0.0589923
0.0529882
0.0473739
0.042149
0.0373091
0.0328471
0.0287537
0.0250181
0.0216276
0.0185683
0.0158244
0.0133791
0.0112141
0.00931012
0.00764711
0.00620449
0.00496149
0.00389754
0.00299262
0.00222756
0.00158433
0.00104629
0.000559327
0.000162535
0.000172507
0.000560193
0.000996844
0.00148804
0.00203969
0.00265801
0.00334946
0.0041207
0.00497843
0.00592935
0.00697996
0.00813648
0.00940465
0.0107896
0.0122956
0.0139261
0.0156835
0.0175687
0.0195816
0.0217207
0.0239828
0.0263636
0.0288572
0.0314563
0.0341524
0.0369359
0.0397961
0.0427215
0.0457002
0.0487196
0.051767
0.0548297
0.0578951
0.0609509
0.0639855
0.0669877
0.0699472
0.0728546
0.0757012
0.0784795
0.0811828
0.0838056
0.0863431
0.0887916
0.0911484
0.0934115
0.0955796
0.0976524
0.09963
0.101513
0.103303
0.105002
0.106596
0.108087
0.109496
0.110824
0.112073
0.113246
0.114342
0.115359
0.116291
0.117126
0.11784
0.118391
0.118705
0.118656
0.118028
0.11645
0.113283
0.107623
0.100729
0.0933364
0.0858562
0.0785181
0.071449
0.064717
0.0583569
0.0523844
0.0468048
0.0416167
0.0368151
0.0323923
0.0283386
0.0246424
0.0212909
0.0182693
0.0155616
0.0131507
0.0110178
0.00914355
0.00750766
0.00608948
0.00486824
0.00382345
0.00293519
0.00218448
0.0015535
0.00102583
0.000548324
0.000159319
0.000171475
0.000556851
0.000990911
0.00147921
0.00202763
0.00264237
0.00332986
0.00409674
0.00494972
0.00589548
0.00694054
0.00809114
0.00935304
0.0107314
0.0122306
0.0138542
0.0156045
0.0174826
0.0194886
0.021621
0.0238767
0.0262515
0.0287397
0.031334
0.0340262
0.0368065
0.0396644
0.0425886
0.045567
0.048587
0.0516361
0.0547015
0.0577705
0.0608308
0.0638707
0.0668791
0.0698454
0.07276
0.0756145
0.0784009
0.0811127
0.083744
0.0862901
0.0887473
0.0911126
0.0933839
0.0955601
0.0976406
0.0996255
0.101516
0.103312
0.105016
0.106613
0.108109
0.109521
0.110853
0.112106
0.113281
0.114379
0.115396
0.116327
0.117159
0.117866
0.118404
0.118696
0.11861
0.117918
0.116232
0.112878
0.107086
0.100123
0.0926993
0.0852103
0.077878
0.0708241
0.0641137
0.0577799
0.051837
0.0462895
0.0411354
0.036369
0.0319822
0.0279646
0.0243044
0.0209881
0.0180007
0.0153258
0.0129458
0.0108419
0.0089943
0.00738274
0.00598647
0.00478472
0.00375707
0.00288373
0.00214587
0.00152587
0.00100748
0.00053846
0.000156437
0.000170581
0.000553953
0.000985767
0.00147156
0.00201718
0.00262881
0.00331288
0.004076
0.00492486
0.00586616
0.00690643
0.0080519
0.00930837
0.010681
0.0121744
0.0137919
0.015536
0.0174081
0.019408
0.0215345
0.0237847
0.0261544
0.0286378
0.0312281
0.0339167
0.0366943
0.0395503
0.0424734
0.0454516
0.0484724
0.051523
0.0545908
0.0576631
0.0607275
0.0637722
0.066786
0.0697583
0.0726796
0.075541
0.0783347
0.0810539
0.0836928
0.0862466
0.0887114
0.0910842
0.0933628
0.0955461
0.0976334
0.0996247
0.101521
0.103323
0.105032
0.10663
0.10813
0.109547
0.110881
0.112137
0.113314
0.114412
0.11543
0.11636
0.117188
0.117888
0.118414
0.118686
0.118563
0.11781
0.116018
0.112484
0.106586
0.0995696
0.0921218
0.0846279
0.0773027
0.0702637
0.0635738
0.0572642
0.0513485
0.0458302
0.0407068
0.0359722
0.0316177
0.0276326
0.0240046
0.0207197
0.0177628
0.015117
0.0127645
0.0106862
0.00886233
0.0072723
0.0058954
0.00471088
0.00369838
0.00283822
0.00211172
0.00150141
0.000991243
0.000529728
0.000153886
0.000169814
0.000551468
0.000981358
0.001465
0.00200823
0.0026172
0.00329834
0.00405823
0.00490358
0.00584106
0.00687721
0.00801829
0.00927012
0.0106379
0.0121262
0.0137385
0.0154774
0.0173442
0.019339
0.0214605
0.0237059
0.0260711
0.0285506
0.0311373
0.033823
0.0365983
0.0394528
0.042375
0.045353
0.0483745
0.0514266
0.0544966
0.0575718
0.0606398
0.0636888
0.0667074
0.0696851
0.0726121
0.0754795
0.0782796
0.0810054
0.083651
0.0862114
0.0886828
0.0910621
0.0933472
0.0955366
0.0976297
0.0996266
0.101528
0.103335
0.105049
0.106648
0.108151
0.10957
0.110908
0.112165
0.113344
0.114443
0.115461
0.116389
0.117214
0.117908
0.118423
0.118675
0.118519
0.117709
0.115821
0.112123
0.106137
0.0990759
0.0916092
0.0841125
0.0767946
0.0697697
0.0630984
0.0568107
0.0509193
0.0454271
0.0403311
0.0356246
0.0312987
0.0273422
0.0237425
0.0204853
0.0175551
0.0149349
0.0126064
0.0105505
0.00874726
0.00717601
0.005816
0.00464649
0.00364719
0.00279852
0.00208192
0.00148007
0.000977074
0.000522109
0.000151659
0.000169165
0.000549365
0.000977626
0.00145945
0.00200065
0.00260738
0.00328603
0.0040432
0.00488558
0.00581984
0.00685252
0.00798989
0.0092378
0.0106015
0.0120855
0.0136934
0.0154279
0.0172903
0.0192807
0.021398
0.0236394
0.0260009
0.028477
0.0310607
0.033744
0.0365174
0.0393705
0.0422921
0.0452701
0.0482922
0.0513456
0.0544176
0.0574953
0.0605665
0.0636192
0.066642
0.0696243
0.0725563
0.075429
0.0782346
0.080966
0.0836173
0.0861835
0.0886606
0.0910454
0.0933359
0.0955305
0.0976286
0.0996302
0.101536
0.103347
0.105064
0.106664
0.10817
0.109592
0.110932
0.112191
0.113371
0.114471
0.115488
0.116415
0.117237
0.117925
0.11843
0.118664
0.118479
0.11762
0.115649
0.111808
0.105746
0.0986458
0.0911636
0.0836652
0.0763542
0.0693419
0.0626872
0.0564188
0.0505488
0.0450794
0.0400072
0.0353252
0.031024
0.0270923
0.0235171
0.0202839
0.0173767
0.0147784
0.0124706
0.010434
0.00864849
0.00709337
0.00574785
0.00459123
0.00360326
0.00276444
0.00205634
0.00146175
0.000964904
0.000515564
0.000149748
0.000168625
0.000547616
0.000974521
0.00145483
0.00199435
0.00259921
0.0032758
0.00403071
0.00487062
0.0058022
0.006832
0.0079663
0.00921095
0.0105712
0.0120517
0.013656
0.0153868
0.0172455
0.0192323
0.0213461
0.0235842
0.0259426
0.0284159
0.0309973
0.0336785
0.0364504
0.0393025
0.0422235
0.0452016
0.0482243
0.0512788
0.0543525
0.0574325
0.0605064
0.0635622
0.0665886
0.0695748
0.072511
0.0753882
0.0781984
0.0809345
0.0835906
0.0861616
0.0886435
0.091033
0.093328
0.095527
0.0976292
0.0996347
0.101544
0.103358
0.105079
0.106679
0.108188
0.109612
0.110953
0.112214
0.113394
0.114495
0.115512
0.116438
0.117257
0.11794
0.118436
0.118656
0.118446
0.117544
0.115501
0.111538
0.105412
0.09828
0.0907849
0.0832853
0.0759806
0.0689794
0.062339
0.0560872
0.0502355
0.0447855
0.0397336
0.0350725
0.0307924
0.0268817
0.0233272
0.0201141
0.0172264
0.0146467
0.0123563
0.010336
0.00856537
0.00702382
0.0056905
0.00454472
0.00356627
0.00273575
0.0020348
0.00144632
0.000954655
0.000510053
0.000148137
0.000168187
0.000546196
0.000972001
0.00145108
0.00198923
0.00259258
0.0032675
0.00402057
0.00485848
0.00578789
0.00681536
0.00794716
0.00918917
0.0105467
0.0120243
0.0136257
0.0153535
0.0172092
0.0191931
0.0213041
0.0235395
0.0258954
0.0283665
0.030946
0.0336256
0.0363963
0.0392475
0.0421682
0.0451464
0.0481696
0.0512251
0.0543002
0.057382
0.0604582
0.0635167
0.066546
0.0695354
0.0724751
0.0753559
0.0781699
0.08091
0.08357
0.0861449
0.0886307
0.091024
0.0933227
0.0955252
0.0976308
0.0996395
0.101552
0.103369
0.105092
0.106692
0.108203
0.109628
0.110971
0.112233
0.113414
0.114515
0.115532
0.116457
0.117274
0.117953
0.118442
0.118649
0.118418
0.117481
0.115379
0.111315
0.105136
0.0979775
0.0904721
0.0829718
0.0756724
0.0686805
0.0620521
0.0558142
0.0499776
0.0445438
0.0395087
0.0348648
0.0306021
0.0267087
0.0231713
0.0199748
0.0171031
0.0145386
0.0122626
0.0102556
0.00849721
0.00696679
0.00564347
0.00450658
0.00353595
0.00271223
0.00201713
0.00143366
0.000946249
0.000505533
0.000146817
0.000167843
0.000545082
0.000970026
0.00144814
0.00198522
0.00258738
0.003261
0.00401263
0.00484897
0.00577669
0.00680233
0.00793219
0.00917214
0.0105275
0.0120029
0.013602
0.0153275
0.0171809
0.0191625
0.0212713
0.0235046
0.0258586
0.028328
0.0309059
0.0335844
0.0363541
0.0392048
0.0421252
0.0451034
0.0481271
0.0511834
0.0542597
0.057343
0.060421
0.0634815
0.0665132
0.0695052
0.0724475
0.0753313
0.0781483
0.0808914
0.0835545
0.0861326
0.0886214
0.0910177
0.0933193
0.0955246
0.0976328
0.099644
0.101559
0.103378
0.105103
0.106703
0.108215
0.109642
0.110986
0.112248
0.11343
0.114531
0.115548
0.116472
0.117287
0.117963
0.118446
0.118643
0.118395
0.117431
0.115282
0.111138
0.104916
0.0977372
0.0902236
0.0827229
0.0754279
0.0684436
0.0618248
0.055598
0.0497735
0.0443526
0.0393308
0.0347006
0.0304516
0.026572
0.0230481
0.0198648
0.0170057
0.0144533
0.0121886
0.0101921
0.0084434
0.00692177
0.00560634
0.00447646
0.003512
0.00269364
0.00200318
0.00142367
0.000939609
0.000501962
0.000145774
0.00016759
0.000544261
0.000968569
0.00144597
0.00198227
0.00258355
0.00325619
0.00400677
0.00484196
0.00576842
0.00679272
0.00792114
0.00915958
0.0105134
0.0119871
0.0135845
0.0153083
0.01716
0.01914
0.0212471
0.023479
0.0258316
0.0282997
0.0308765
0.0335541
0.0363232
0.0391734
0.0420936
0.0450719
0.0480959
0.0511529
0.05423
0.0573145
0.0603938
0.0634559
0.0664893
0.0694832
0.0724276
0.0753135
0.0781327
0.0808781
0.0835436
0.0861239
0.088615
0.0910135
0.0933172
0.0955245
0.0976346
0.0996476
0.101564
0.103385
0.105111
0.106712
0.108225
0.109653
0.110997
0.11226
0.113443
0.114544
0.11556
0.116484
0.117297
0.11797
0.118449
0.118639
0.118379
0.117393
0.115209
0.111006
0.104752
0.0975578
0.0900383
0.0825374
0.0752457
0.0682671
0.0616555
0.055437
0.0496216
0.0442103
0.0391985
0.0345784
0.0303398
0.0264704
0.0229565
0.019783
0.0169334
0.0143899
0.0121336
0.0101449
0.00840341
0.00688831
0.00557875
0.00445408
0.0034942
0.00267984
0.00199282
0.00141625
0.000934679
0.000499312
0.000145
0.000167421
0.000543715
0.0009676
0.00144453
0.0019803
0.00258101
0.00325302
0.0040029
0.00483732
0.00576296
0.00678638
0.00791386
0.00915131
0.0105041
0.0119767
0.013573
0.0152957
0.0171463
0.0191252
0.0212313
0.0234621
0.0258138
0.0282811
0.0308573
0.0335343
0.0363029
0.0391528
0.0420729
0.0450513
0.0480756
0.051133
0.0542106
0.0572958
0.060376
0.0634392
0.0664737
0.0694689
0.0724147
0.075302
0.0781227
0.0808696
0.0835365
0.0861184
0.0886109
0.0910109
0.093316
0.0955246
0.097636
0.0996501
0.101567
0.103389
0.105116
0.106718
0.108232
0.10966
0.111005
0.112268
0.113451
0.114552
0.115568
0.116491
0.117304
0.117975
0.118451
0.118636
0.118368
0.117368
0.11516
0.110917
0.104643
0.0974385
0.0899151
0.0824141
0.0751247
0.0681498
0.0615431
0.0553301
0.0495207
0.0441158
0.0391107
0.0344974
0.0302655
0.0264029
0.0228958
0.0197288
0.0168854
0.0143478
0.0120971
0.0101136
0.00837689
0.00686612
0.00556045
0.00443924
0.0034824
0.00267068
0.00198594
0.00141131
0.000931397
0.000497545
0.000144484
0.000167336
0.000543441
0.000967114
0.00144381
0.00197932
0.00257974
0.00325143
0.00400097
0.00483502
0.00576025
0.00678323
0.00791025
0.00914721
0.0104994
0.0119716
0.0135673
0.0152895
0.0171395
0.0191179
0.0212234
0.0234538
0.0258051
0.0282719
0.0308477
0.0335245
0.0362929
0.0391427
0.0420627
0.0450412
0.0480655
0.0511231
0.0542011
0.0572867
0.0603673
0.063431
0.0664661
0.0694619
0.0724084
0.0752964
0.0781178
0.0808654
0.0835331
0.0861157
0.088609
0.0910097
0.0933154
0.0955247
0.0976368
0.0996514
0.101569
0.103392
0.105119
0.106721
0.108235
0.109664
0.111009
0.112272
0.113455
0.114556
0.115572
0.116495
0.117307
0.117978
0.118452
0.118634
0.118362
0.117356
0.115136
0.110873
0.104588
0.0973789
0.0898535
0.0823524
0.0750642
0.0680912
0.0614869
0.0552766
0.0494703
0.0440686
0.0390668
0.0344569
0.0302285
0.0263692
0.0228654
0.0197017
0.0168614
0.0143268
0.0120789
0.010098
0.00836363
0.00685503
0.0055513
0.00443182
0.0034765
0.00266611
0.00198252
0.00140889
0.000929707
0.000496641
0.00014422
0.000167336
0.000543441
0.000967114
0.00144381
0.00197932
0.00257974
0.00325143
0.00400097
0.00483502
0.00576025
0.00678323
0.00791025
0.00914721
0.0104994
0.0119716
0.0135673
0.0152895
0.0171395
0.0191179
0.0212234
0.0234538
0.0258051
0.0282719
0.0308477
0.0335245
0.0362929
0.0391427
0.0420627
0.0450412
0.0480655
0.0511231
0.0542011
0.0572867
0.0603673
0.063431
0.0664661
0.0694619
0.0724084
0.0752964
0.0781178
0.0808654
0.0835331
0.0861157
0.088609
0.0910097
0.0933154
0.0955247
0.0976368
0.0996514
0.101569
0.103392
0.105119
0.106721
0.108235
0.109664
0.111009
0.112272
0.113455
0.114556
0.115572
0.116495
0.117307
0.117978
0.118452
0.118634
0.118362
0.117356
0.115136
0.110873
0.104588
0.0973789
0.0898536
0.0823525
0.0750642
0.0680912
0.0614869
0.0552767
0.0494704
0.0440686
0.0390668
0.0344569
0.0302285
0.0263693
0.0228654
0.0197017
0.0168614
0.0143268
0.0120789
0.010098
0.00836364
0.00685503
0.00555131
0.00443182
0.00347651
0.00266612
0.00198252
0.00140889
0.000929708
0.000496641
0.00014422
0.000167421
0.000543715
0.0009676
0.00144453
0.0019803
0.00258101
0.00325302
0.0040029
0.00483732
0.00576296
0.00678638
0.00791386
0.00915131
0.0105041
0.0119767
0.013573
0.0152957
0.0171463
0.0191252
0.0212313
0.0234621
0.0258138
0.0282811
0.0308573
0.0335343
0.0363029
0.0391528
0.0420729
0.0450513
0.0480756
0.051133
0.0542106
0.0572958
0.060376
0.0634392
0.0664737
0.0694689
0.0724147
0.075302
0.0781227
0.0808696
0.0835365
0.0861184
0.0886109
0.0910109
0.093316
0.0955246
0.097636
0.0996501
0.101567
0.103389
0.105116
0.106718
0.108232
0.10966
0.111005
0.112268
0.113451
0.114552
0.115568
0.116491
0.117304
0.117975
0.118451
0.118636
0.118368
0.117368
0.11516
0.110917
0.104643
0.0974386
0.0899152
0.0824142
0.0751248
0.0681499
0.0615432
0.0553302
0.0495208
0.0441159
0.0391108
0.0344975
0.0302656
0.026403
0.0228958
0.0197288
0.0168854
0.0143478
0.0120972
0.0101137
0.00837692
0.00686614
0.00556047
0.00443925
0.00348241
0.00267069
0.00198594
0.00141132
0.000931401
0.000497547
0.000144484
0.00016759
0.000544261
0.000968569
0.00144597
0.00198227
0.00258355
0.00325619
0.00400677
0.00484196
0.00576842
0.00679272
0.00792114
0.00915958
0.0105134
0.0119871
0.0135845
0.0153083
0.01716
0.01914
0.0212471
0.023479
0.0258316
0.0282997
0.0308765
0.0335541
0.0363232
0.0391734
0.0420936
0.0450719
0.0480959
0.0511529
0.05423
0.0573145
0.0603938
0.0634559
0.0664893
0.0694832
0.0724276
0.0753135
0.0781327
0.0808781
0.0835436
0.0861239
0.088615
0.0910135
0.0933172
0.0955245
0.0976346
0.0996476
0.101564
0.103385
0.105111
0.106712
0.108225
0.109653
0.110997
0.11226
0.113443
0.114544
0.11556
0.116484
0.117297
0.11797
0.118449
0.118639
0.118379
0.117393
0.115209
0.111006
0.104752
0.097558
0.0900385
0.0825376
0.0752459
0.0682672
0.0616556
0.0554371
0.0496217
0.0442104
0.0391986
0.0345786
0.0303399
0.0264705
0.0229566
0.0197831
0.0169335
0.0143899
0.0121337
0.010145
0.00840346
0.00688835
0.00557878
0.00445411
0.00349423
0.00267986
0.00199283
0.00141625
0.000934684
0.000499315
0.000145001
0.000167843
0.000545082
0.000970026
0.00144814
0.00198522
0.00258738
0.003261
0.00401263
0.00484897
0.00577669
0.00680233
0.00793219
0.00917214
0.0105275
0.0120029
0.013602
0.0153275
0.0171809
0.0191625
0.0212713
0.0235046
0.0258586
0.028328
0.0309059
0.0335844
0.0363541
0.0392048
0.0421252
0.0451034
0.0481271
0.0511834
0.0542597
0.057343
0.060421
0.0634815
0.0665131
0.0695051
0.0724475
0.0753313
0.0781483
0.0808914
0.0835545
0.0861326
0.0886214
0.0910177
0.0933193
0.0955245
0.0976328
0.0996439
0.101559
0.103378
0.105103
0.106703
0.108215
0.109642
0.110986
0.112248
0.11343
0.114531
0.115548
0.116472
0.117287
0.117963
0.118446
0.118643
0.118395
0.117431
0.115282
0.111138
0.104916
0.0977374
0.0902239
0.0827232
0.0754282
0.0684438
0.061825
0.0555982
0.0497737
0.0443528
0.039331
0.0347008
0.0304518
0.0265721
0.0230482
0.0198649
0.0170059
0.0144534
0.0121887
0.0101922
0.00844346
0.00692182
0.00560638
0.0044765
0.00351203
0.00269367
0.0020032
0.00142368
0.000939617
0.000501967
0.000145775
0.000168187
0.000546196
0.000972001
0.00145108
0.00198923
0.00259258
0.0032675
0.00402057
0.00485848
0.00578789
0.00681536
0.00794716
0.00918917
0.0105467
0.0120243
0.0136257
0.0153535
0.0172092
0.0191931
0.0213041
0.0235395
0.0258954
0.0283665
0.030946
0.0336256
0.0363963
0.0392475
0.0421682
0.0451464
0.0481696
0.0512251
0.0543002
0.057382
0.0604582
0.0635167
0.066546
0.0695354
0.0724751
0.0753559
0.0781699
0.0809099
0.08357
0.0861449
0.0886307
0.091024
0.0933227
0.0955252
0.0976308
0.0996395
0.101552
0.103369
0.105092
0.106692
0.108203
0.109628
0.110971
0.112233
0.113414
0.114515
0.115532
0.116457
0.117274
0.117953
0.118442
0.118649
0.118418
0.117481
0.115379
0.111316
0.105136
0.0979778
0.0904724
0.0829721
0.0756727
0.0686808
0.0620524
0.0558145
0.0499779
0.0445441
0.039509
0.034865
0.0306023
0.0267089
0.0231714
0.019975
0.0171033
0.0145387
0.0122627
0.0102557
0.0084973
0.00696686
0.00564353
0.00450662
0.00353598
0.00271225
0.00201715
0.00143368
0.00094626
0.000505539
0.000146819
0.000168625
0.000547616
0.000974521
0.00145483
0.00199435
0.00259921
0.0032758
0.00403071
0.00487062
0.0058022
0.006832
0.0079663
0.00921095
0.0105712
0.0120517
0.013656
0.0153868
0.0172455
0.0192323
0.0213461
0.0235842
0.0259426
0.0284159
0.0309973
0.0336785
0.0364504
0.0393025
0.0422235
0.0452016
0.0482243
0.0512788
0.0543525
0.0574325
0.0605064
0.0635622
0.0665886
0.0695748
0.072511
0.0753882
0.0781983
0.0809345
0.0835906
0.0861616
0.0886435
0.091033
0.093328
0.0955269
0.0976292
0.0996347
0.101544
0.103358
0.105079
0.106679
0.108188
0.109612
0.110953
0.112213
0.113394
0.114495
0.115512
0.116438
0.117257
0.11794
0.118436
0.118656
0.118446
0.117544
0.115501
0.111539
0.105412
0.0982803
0.0907853
0.0832857
0.0759809
0.0689798
0.0623393
0.0560876
0.0502358
0.0447858
0.0397339
0.0350728
0.0307926
0.0268819
0.0233274
0.0201143
0.0172266
0.0146468
0.0123565
0.0103361
0.00856548
0.00702391
0.00569057
0.00454478
0.00356632
0.00273579
0.00203482
0.00144634
0.000954668
0.00051006
0.000148139
0.000169165
0.000549365
0.000977626
0.00145945
0.00200065
0.00260738
0.00328603
0.0040432
0.00488558
0.00581984
0.00685252
0.00798989
0.0092378
0.0106015
0.0120855
0.0136934
0.0154279
0.0172903
0.0192807
0.021398
0.0236394
0.0260009
0.028477
0.0310607
0.033744
0.0365174
0.0393705
0.0422921
0.0452701
0.0482922
0.0513456
0.0544176
0.0574953
0.0605665
0.0636192
0.066642
0.0696243
0.0725563
0.075429
0.0782346
0.080966
0.0836173
0.0861835
0.0886605
0.0910454
0.0933359
0.0955305
0.0976286
0.0996302
0.101536
0.103347
0.105064
0.106664
0.10817
0.109592
0.110932
0.112191
0.113371
0.114471
0.115488
0.116415
0.117237
0.117925
0.11843
0.118664
0.118479
0.11762
0.115649
0.111808
0.105746
0.0986462
0.091164
0.0836656
0.0763546
0.0693423
0.0626876
0.0564192
0.0505492
0.0450797
0.0400075
0.0353255
0.0310243
0.0270926
0.0235174
0.0202841
0.0173769
0.0147786
0.0124708
0.0104342
0.00864862
0.00709347
0.00574794
0.0045913
0.00360331
0.00276449
0.00205637
0.00146177
0.000964919
0.000515572
0.00014975
0.000169814
0.000551468
0.000981358
0.001465
0.00200823
0.0026172
0.00329834
0.00405823
0.00490358
0.00584106
0.00687721
0.00801829
0.00927012
0.0106379
0.0121262
0.0137385
0.0154774
0.0173442
0.019339
0.0214605
0.0237059
0.0260711
0.0285506
0.0311373
0.033823
0.0365983
0.0394528
0.042375
0.045353
0.0483745
0.0514266
0.0544966
0.0575718
0.0606398
0.0636888
0.0667074
0.0696851
0.0726121
0.0754795
0.0782796
0.0810054
0.083651
0.0862114
0.0886828
0.0910621
0.0933472
0.0955365
0.0976297
0.0996266
0.101528
0.103335
0.105049
0.106648
0.108151
0.10957
0.110908
0.112165
0.113344
0.114443
0.115461
0.116389
0.117214
0.117908
0.118423
0.118675
0.118519
0.117709
0.115822
0.112124
0.106138
0.0990763
0.0916097
0.084113
0.076795
0.0697702
0.0630989
0.0568111
0.0509198
0.0454275
0.0403315
0.035625
0.031299
0.0273425
0.0237428
0.0204856
0.0175553
0.0149351
0.0126066
0.0105507
0.0087474
0.00717613
0.00581609
0.00464657
0.00364726
0.00279857
0.00208196
0.0014801
0.000977091
0.000522118
0.000151662
0.000170581
0.000553953
0.000985767
0.00147156
0.00201718
0.00262881
0.00331288
0.004076
0.00492486
0.00586616
0.00690643
0.00805189
0.00930837
0.010681
0.0121744
0.0137919
0.015536
0.0174081
0.019408
0.0215345
0.0237847
0.0261544
0.0286378
0.0312281
0.0339167
0.0366943
0.0395503
0.0424734
0.0454516
0.0484724
0.051523
0.0545908
0.0576631
0.0607275
0.0637722
0.066786
0.0697583
0.0726796
0.0755409
0.0783347
0.0810539
0.0836928
0.0862466
0.0887114
0.0910841
0.0933628
0.0955461
0.0976333
0.0996247
0.101521
0.103323
0.105032
0.10663
0.10813
0.109547
0.110881
0.112137
0.113314
0.114412
0.11543
0.11636
0.117188
0.117888
0.118414
0.118686
0.118563
0.11781
0.116018
0.112484
0.106587
0.09957
0.0921223
0.0846284
0.0773032
0.0702643
0.0635743
0.0572647
0.051349
0.0458306
0.0407072
0.0359726
0.0316181
0.0276329
0.0240049
0.02072
0.0177631
0.0151173
0.0127647
0.0106864
0.00886248
0.00727243
0.0058955
0.00471097
0.00369845
0.00283827
0.00211176
0.00150144
0.000991262
0.000529738
0.000153889
0.000171475
0.000556851
0.000990911
0.00147921
0.00202763
0.00264236
0.00332986
0.00409674
0.00494972
0.00589548
0.00694054
0.00809114
0.00935304
0.0107314
0.0122306
0.0138542
0.0156045
0.0174826
0.0194886
0.021621
0.0238767
0.0262515
0.0287397
0.031334
0.0340262
0.0368065
0.0396644
0.0425886
0.045567
0.048587
0.0516361
0.0547015
0.0577705
0.0608308
0.0638707
0.0668791
0.0698454
0.07276
0.0756145
0.0784009
0.0811127
0.083744
0.0862901
0.0887473
0.0911125
0.0933839
0.0955601
0.0976406
0.0996255
0.101516
0.103312
0.105016
0.106613
0.108109
0.109521
0.110853
0.112106
0.113281
0.114378
0.115396
0.116327
0.117159
0.117866
0.118404
0.118696
0.11861
0.117919
0.116232
0.112879
0.107086
0.100124
0.0926998
0.0852108
0.0778785
0.0708246
0.0641143
0.0577804
0.0518375
0.04629
0.0411358
0.0363694
0.0319826
0.027965
0.0243048
0.0209884
0.018001
0.0153261
0.012946
0.0108421
0.00899447
0.00738289
0.00598659
0.00478482
0.00375715
0.00288379
0.00214592
0.0015259
0.0010075
0.000538472
0.00015644
0.000172507
0.000560193
0.000996844
0.00148804
0.00203969
0.00265801
0.00334946
0.0041207
0.00497843
0.00592934
0.00697996
0.00813648
0.00940465
0.0107896
0.0122956
0.0139261
0.0156835
0.0175687
0.0195816
0.0217207
0.0239828
0.0263636
0.0288572
0.0314563
0.0341524
0.0369359
0.0397961
0.0427215
0.0457002
0.0487196
0.051767
0.0548297
0.0578951
0.0609509
0.0639855
0.0669877
0.0699472
0.0728546
0.0757012
0.0784795
0.0811828
0.0838056
0.0863431
0.0887916
0.0911484
0.0934114
0.0955796
0.0976524
0.09963
0.101513
0.103303
0.105001
0.106596
0.108087
0.109495
0.110823
0.112073
0.113246
0.114342
0.115359
0.116291
0.117126
0.11784
0.118391
0.118705
0.118656
0.118028
0.116451
0.113283
0.107623
0.100729
0.0933369
0.0858567
0.0785186
0.0714496
0.0647176
0.0583574
0.0523849
0.0468053
0.0416172
0.0368156
0.0323927
0.028339
0.0246428
0.0212912
0.0182696
0.0155619
0.0131509
0.011018
0.00914373
0.00750781
0.0060896
0.00486834
0.00382353
0.00293525
0.00218452
0.00155354
0.00102585
0.000548336
0.000159323
0.000173687
0.000564018
0.00100363
0.00149815
0.0020535
0.00267592
0.00337191
0.00414813
0.00501131
0.00596813
0.0070251
0.0081884
0.00946372
0.0108561
0.0123699
0.0140084
0.0157737
0.017667
0.0196878
0.0218345
0.0241038
0.0264914
0.028991
0.0315955
0.0342962
0.0370832
0.039946
0.0428731
0.0458522
0.0488709
0.0519165
0.0549763
0.0580377
0.0610885
0.0641172
0.0671127
0.0700648
0.0729641
0.0758021
0.0785713
0.0812653
0.0838786
0.0864064
0.0888454
0.0911927
0.0934464
0.0956056
0.0976697
0.099639
0.101514
0.103297
0.104989
0.106581
0.108066
0.10947
0.110793
0.11204
0.113209
0.114303
0.11532
0.116253
0.11709
0.11781
0.118373
0.118709
0.118696
0.11813
0.116657
0.11367
0.108179
0.101375
0.0940258
0.08656
0.0792187
0.072135
0.0653807
0.0589928
0.0529887
0.0473744
0.0421495
0.0373096
0.0328475
0.0287541
0.0250184
0.021628
0.0185686
0.0158247
0.0133793
0.0112143
0.0093103
0.00764727
0.00620462
0.0049616
0.00389763
0.00299269
0.00222761
0.00158437
0.00104631
0.000559339
0.000162538
0.000175022
0.000568344
0.00101132
0.00150959
0.00206913
0.00269622
0.00339736
0.00417925
0.00504861
0.00601212
0.00707628
0.00824724
0.00953065
0.0109315
0.012454
0.0141014
0.0158757
0.0177779
0.0198075
0.0219627
0.0242401
0.0266351
0.0291416
0.0317521
0.0344578
0.0372489
0.0401146
0.0430433
0.046023
0.049041
0.0520847
0.0551413
0.0581984
0.0612439
0.0642662
0.0672544
0.0701984
0.0730888
0.0759174
0.0786768
0.0813606
0.0839634
0.0864808
0.0889092
0.0912461
0.0934897
0.0956389
0.0976934
0.0996536
0.10152
0.103295
0.104979
0.106568
0.108047
0.109445
0.110764
0.112006
0.113172
0.114264
0.115279
0.116212
0.117052
0.117778
0.118352
0.118707
0.118728
0.118217
0.116837
0.114004
0.108736
0.102049
0.0947562
0.0873121
0.0799711
0.072874
0.0660973
0.0596808
0.0536435
0.0479926
0.0427287
0.0378479
0.0333437
0.0292077
0.0254295
0.0219969
0.0188965
0.0161132
0.0136304
0.0114302
0.00949359
0.00780077
0.00633124
0.00506425
0.00397919
0.00305588
0.00227499
0.00161826
0.0010688
0.000571428
0.000166071
0.000176523
0.00057321
0.00101996
0.00152247
0.00208673
0.00271907
0.00342601
0.00421427
0.00509057
0.00606159
0.00713381
0.00831331
0.00960572
0.011016
0.0125481
0.0142053
0.0159896
0.0179016
0.0199408
0.0221053
0.0243915
0.0267947
0.0293086
0.0319255
0.0346367
0.0374321
0.040301
0.0432316
0.0462118
0.0492291
0.0522707
0.055324
0.0583765
0.0614162
0.0644317
0.067412
0.0703473
0.0732283
0.0760468
0.0787956
0.0814684
0.08406
0.086566
0.0889832
0.0913088
0.0935414
0.0956799
0.0977241
0.0996744
0.101532
0.103297
0.104973
0.106558
0.10803
0.109422
0.110735
0.111973
0.113135
0.114224
0.115237
0.11617
0.117012
0.117743
0.118328
0.118701
0.118754
0.118298
0.117009
0.114329
0.109305
0.102748
0.0955203
0.0881026
0.0807644
0.0736552
0.0668565
0.0604111
0.0543398
0.0486512
0.0433467
0.0384233
0.0338751
0.0296943
0.0258711
0.0223941
0.0192501
0.0164247
0.0139018
0.0116638
0.00969221
0.00796725
0.00646864
0.00517569
0.00406773
0.00312448
0.0023264
0.00165503
0.00109318
0.000584537
0.000169902
0.00017818
0.000578583
0.00102951
0.00153671
0.00210621
0.00274438
0.00345776
0.00425308
0.00513707
0.00611639
0.00719746
0.00838635
0.0096886
0.011109
0.0126517
0.0143195
0.0161144
0.018037
0.0200866
0.022261
0.0245566
0.0269685
0.0294902
0.032114
0.034831
0.037631
0.0405031
0.0434357
0.0464165
0.0494329
0.0524723
0.055522
0.0585696
0.0616032
0.0646114
0.0675835
0.0705095
0.0733805
0.0761884
0.078926
0.0815873
0.0841671
0.0866612
0.0890664
0.0913803
0.0936012
0.0957284
0.0977618
0.0997016
0.101549
0.103305
0.104972
0.106552
0.108017
0.109402
0.110709
0.111941
0.1131
0.114185
0.115196
0.116128
0.116972
0.117708
0.118303
0.118695
0.118779
0.118377
0.117179
0.114653
0.109882
0.103462
0.0963027
0.0889143
0.0815809
0.074461
0.0676412
0.0611674
0.0550623
0.0493359
0.0439905
0.0390239
0.034431
0.0302045
0.0263351
0.0228122
0.0196232
0.0167541
0.0141893
0.0119117
0.0099032
0.00814427
0.00661483
0.00529428
0.00416195
0.00319745
0.00238107
0.00169409
0.00111907
0.000598446
0.000173966
0.000179996
0.000584474
0.00103999
0.00155234
0.0021276
0.00277215
0.00349259
0.0042956
0.00518794
0.0061762
0.0072668
0.00846572
0.00977844
0.0112097
0.0127634
0.0144424
0.0162485
0.0181821
0.0202424
0.0224271
0.0247324
0.0271532
0.0296829
0.0323138
0.0350366
0.0378412
0.0407166
0.0436511
0.0466323
0.0496477
0.0526847
0.0557306
0.0587731
0.0618003
0.0648009
0.0677644
0.0706809
0.0735415
0.0763384
0.0790646
0.081714
0.0842817
0.0867636
0.0891566
0.0914583
0.0936675
0.0957832
0.0978054
0.0997346
0.101572
0.103319
0.104977
0.106549
0.108006
0.109385
0.110686
0.111913
0.113067
0.114149
0.115158
0.116089
0.116934
0.117674
0.118278
0.118687
0.118803
0.118453
0.117344
0.114968
0.11045
0.104167
0.0970783
0.0897207
0.0823938
0.0752648
0.0684255
0.0619247
0.0557874
0.0500246
0.0446397
0.0396311
0.0349944
0.0307229
0.0268081
0.0232396
0.0200057
0.0170928
0.0144858
0.0121681
0.010122
0.00832824
0.00676706
0.00541795
0.00426029
0.00327364
0.00243814
0.00173485
0.00114606
0.000612952
0.000178205
0.000181903
0.000590667
0.00105102
0.00156881
0.00215017
0.00280148
0.00352935
0.00434046
0.00524153
0.00623912
0.00733959
0.00854885
0.0098723
0.0113146
0.0128795
0.0145699
0.0163872
0.018332
0.020403
0.0225979
0.0249128
0.0273425
0.0298801
0.0325178
0.0352463
0.0380553
0.0409338
0.0438699
0.0468514
0.0498656
0.0529
0.0559419
0.0589791
0.0619998
0.0649927
0.0679475
0.0708544
0.0737048
0.0764907
0.0792054
0.0818431
0.0843988
0.0868686
0.0892495
0.0915394
0.0937369
0.0958413
0.0978526
0.0997714
0.101599
0.103337
0.104986
0.10655
0.108
0.109372
0.110667
0.111889
0.113039
0.114117
0.115123
0.116053
0.116899
0.117643
0.118255
0.118681
0.118824
0.118523
0.117497
0.115264
0.110986
0.104832
0.097812
0.0904851
0.0831659
0.0760298
0.0691734
0.0626486
0.0564821
0.0506862
0.045265
0.0402177
0.0355405
0.0312271
0.0272696
0.0236582
0.0203816
0.0174268
0.0147792
0.0124227
0.0103399
0.00851197
0.00691938
0.00554188
0.00435891
0.00335004
0.00249532
0.00177564
0.00117304
0.000627428
0.000182432
0.000183872
0.000597068
0.00106243
0.00158585
0.00217347
0.00283166
0.00356701
0.00438617
0.00529583
0.00630253
0.00741256
0.00863181
0.00996558
0.0114185
0.0129941
0.0146952
0.0165233
0.0184785
0.0205596
0.0227641
0.025088
0.0275258
0.0300707
0.0327146
0.0354482
0.0382611
0.0411422
0.0440795
0.0470609
0.0500736
0.0531052
0.056143
0.0591749
0.0621892
0.0651747
0.0681211
0.0710189
0.0738594
0.0766349
0.0793388
0.0819654
0.0845099
0.0869685
0.0893382
0.0916171
0.0938038
0.0958978
0.0978991
0.0998084
0.101627
0.103356
0.104998
0.106554
0.107997
0.109363
0.110653
0.11187
0.113016
0.114091
0.115094
0.116023
0.116869
0.117617
0.118236
0.118675
0.118843
0.118585
0.117632
0.115522
0.111454
0.105416
0.0984566
0.0911579
0.0838467
0.0767056
0.0698357
0.0632913
0.0571006
0.051277
0.0458253
0.0407453
0.0360335
0.0316843
0.02769
0.0240413
0.0207274
0.0177358
0.0150521
0.0126609
0.0105449
0.00868593
0.0070645
0.0056606
0.00445383
0.00342383
0.00255065
0.0018151
0.00119907
0.000641427
0.000186521
0.000185627
0.000602786
0.00107265
0.00160115
0.0021944
0.00285877
0.00360082
0.00442719
0.00534451
0.0063593
0.00747781
0.00870587
0.0100487
0.0115109
0.0130959
0.0148064
0.0166437
0.0186078
0.0206976
0.0229103
0.0252418
0.0276864
0.0302374
0.0328863
0.0356239
0.0384398
0.0413227
0.0442607
0.0472416
0.0502527
0.0532814
0.0563154
0.0593424
0.0623508
0.0653296
0.0682686
0.0711583
0.0739902
0.0767568
0.0794515
0.0820686
0.0846036
0.0870526
0.089413
0.0916827
0.0938605
0.0959458
0.0979389
0.0998404
0.101651
0.103374
0.105009
0.106559
0.107997
0.109358
0.110644
0.111857
0.112999
0.114071
0.115073
0.116001
0.116848
0.117597
0.118222
0.118671
0.118858
0.118632
0.117735
0.115721
0.111815
0.105867
0.0989557
0.0916796
0.0843756
0.0772319
0.0703527
0.0637945
0.0575866
0.0517431
0.0462692
0.0411652
0.0364278
0.0320517
0.0280296
0.0243525
0.0210099
0.0179894
0.0152774
0.0128584
0.0107158
0.00883152
0.00718639
0.00576063
0.00453398
0.00348621
0.00259741
0.0018484
0.001221
0.000653179
0.000189946
0.000187029
0.000607325
0.00108066
0.00161294
0.00221028
0.00287908
0.0036259
0.00445738
0.00538015
0.0064007
0.00752524
0.00875953
0.0101088
0.0115774
0.0131689
0.0148858
0.0167294
0.0186997
0.0207952
0.0230132
0.0253495
0.0277984
0.030353
0.0330049
0.0357447
0.038562
0.0414454
0.0443832
0.047363
0.0503723
0.0533985
0.0564292
0.0594523
0.0624562
0.0654301
0.0683637
0.0712477
0.0740737
0.0768341
0.0795225
0.0821333
0.084662
0.0871049
0.0894593
0.0917231
0.0938952
0.0959752
0.0979632
0.0998599
0.101666
0.103384
0.105016
0.106563
0.107998
0.109356
0.110639
0.11185
0.11299
0.114061
0.115062
0.115989
0.116835
0.117586
0.118214
0.118669
0.118866
0.118658
0.117793
0.115833
0.11202
0.106123
0.0992393
0.0919767
0.0846777
0.0775336
0.0706505
0.0640858
0.0578695
0.0520161
0.046531
0.0414145
0.0366638
0.0322734
0.0282362
0.0245435
0.0211848
0.018148
0.0154197
0.0129845
0.0108261
0.00892648
0.00726685
0.00582752
0.00458836
0.00352918
0.00263012
0.00187199
0.00123658
0.000661796
0.000192493
)
;

boundaryField
{
    fuel
    {
        type            fixedValue;
        value           uniform 0;
    }
    air
    {
        type            fixedValue;
        value           uniform 0;
    }
    outlet
    {
        type            inletOutlet;
        inletValue      uniform 0;
        value           nonuniform List<scalar> 
200
(
0.000187027
0.000607319
0.00108065
0.00161292
0.00221026
0.00287906
0.00362587
0.00445734
0.00538011
0.00640065
0.00752518
0.00875947
0.0101087
0.0115773
0.0131689
0.0148858
0.0167293
0.0186996
0.0207951
0.0230131
0.0253494
0.0277984
0.0303529
0.0330048
0.0357446
0.0385619
0.0414454
0.0443832
0.047363
0.0503723
0.0533985
0.0564292
0.0594523
0.0624562
0.0654301
0.0683637
0.0712477
0.0740737
0.0768341
0.0795225
0.0821334
0.0846621
0.087105
0.0894593
0.0917231
0.0938953
0.0959753
0.0979632
0.0998599
0.101666
0.103384
0.105016
0.106563
0.107998
0.109356
0.110639
0.11185
0.11299
0.114061
0.115062
0.115989
0.116835
0.117586
0.118214
0.118669
0.118866
0.118658
0.117793
0.115833
0.112021
0.106124
0.0992397
0.0919772
0.0846782
0.0775341
0.070651
0.0640863
0.05787
0.0520166
0.0465315
0.041415
0.0366642
0.0322738
0.0282366
0.0245439
0.0211851
0.0181483
0.0154199
0.0129848
0.0108263
0.00892666
0.007267
0.00582763
0.00458845
0.00352925
0.00263018
0.00187202
0.0012366
0.000661808
0.000192496
0.000187029
0.000607325
0.00108066
0.00161294
0.00221028
0.00287908
0.0036259
0.00445738
0.00538015
0.0064007
0.00752524
0.00875953
0.0101088
0.0115774
0.0131689
0.0148858
0.0167294
0.0186997
0.0207952
0.0230132
0.0253495
0.0277984
0.030353
0.0330049
0.0357447
0.038562
0.0414454
0.0443832
0.047363
0.0503723
0.0533985
0.0564292
0.0594523
0.0624562
0.0654301
0.0683637
0.0712477
0.0740737
0.0768341
0.0795225
0.0821333
0.084662
0.0871049
0.0894593
0.0917231
0.0938952
0.0959752
0.0979632
0.0998599
0.101666
0.103384
0.105016
0.106563
0.107998
0.109356
0.110639
0.11185
0.11299
0.114061
0.115062
0.115989
0.116835
0.117586
0.118214
0.118669
0.118866
0.118658
0.117793
0.115833
0.11202
0.106123
0.0992393
0.0919767
0.0846777
0.0775336
0.0706505
0.0640858
0.0578695
0.0520161
0.046531
0.0414145
0.0366638
0.0322734
0.0282362
0.0245435
0.0211848
0.018148
0.0154197
0.0129845
0.0108261
0.00892648
0.00726685
0.00582752
0.00458836
0.00352918
0.00263012
0.00187199
0.00123658
0.000661796
0.000192493
)
;
    }
    frontAndBack
    {
        type            empty;
    }
}


// ************************************************************************* //
