/*--------------------------------*- C++ -*----------------------------------*\
| =========                 |                                                 |
| \\      /  F ield         | OpenFOAM: The Open Source CFD Toolbox           |
|  \\    /   O peration     | Version:  2312                                  |
|   \\  /    A nd           | Website:  www.openfoam.com                      |
|    \\/     M anipulation  |                                                 |
\*---------------------------------------------------------------------------*/
FoamFile
{
    version     2.0;
    format      ascii;
    arch        "LSB;label=64;scalar=64";
    class       volScalarField;
    location    "0.4";
    object      O2;
}
// * * * * * * * * * * * * * * * * * * * * * * * * * * * * * * * * * * * * * //

dimensions      [0 0 0 0 0 0 0];

internalField   nonuniform List<scalar> 
4000
(
2.5068e-09
8.13897e-09
1.44779e-08
2.15986e-08
2.95789e-08
3.84988e-08
4.84395e-08
5.94827e-08
7.17082e-08
8.51932e-08
1.0001e-07
1.16223e-07
1.33888e-07
1.53052e-07
1.73746e-07
1.95988e-07
2.1978e-07
2.45106e-07
2.71935e-07
3.00218e-07
3.29888e-07
3.60866e-07
3.9306e-07
4.26371e-07
4.60694e-07
4.9593e-07
5.31986e-07
5.68791e-07
6.06299e-07
6.44507e-07
6.83467e-07
7.23299e-07
7.64214e-07
8.06532e-07
8.50709e-07
8.97364e-07
9.47316e-07
1.00163e-06
1.06168e-06
1.12922e-06
1.20649e-06
1.29637e-06
1.4026e-06
1.5301e-06
1.68541e-06
1.87738e-06
2.11828e-06
2.4254e-06
2.82372e-06
3.35024e-06
4.06112e-06
5.04408e-06
6.43949e-06
8.42703e-06
1.14137e-05
1.60396e-05
2.34246e-05
3.55457e-05
5.58937e-05
9.05973e-05
0.000150328
0.000253518
0.000431812
0.000739284
0.00126805
0.00217477
0.00372578
0.00637544
0.0109044
0.0186661
0.0300791
0.0432003
0.0569506
0.0707242
0.084182
0.0971361
0.109485
0.121175
0.132182
0.142495
0.152115
0.161048
0.169303
0.176894
0.183838
0.190154
0.195865
0.200996
0.205575
0.209635
0.213208
0.216329
0.219037
0.221368
0.22336
0.225052
0.226478
0.227673
0.228755
0.229638
2.49031e-09
8.08572e-09
1.43843e-08
2.14618e-08
2.9396e-08
3.82672e-08
4.81568e-08
5.91464e-08
7.13168e-08
8.47456e-08
9.95059e-08
1.15664e-07
1.33277e-07
1.52392e-07
1.73042e-07
1.95246e-07
2.19009e-07
2.44315e-07
2.71136e-07
2.99422e-07
3.2911e-07
3.60121e-07
3.92366e-07
4.25743e-07
4.60152e-07
4.9549e-07
5.31668e-07
5.6861e-07
6.06275e-07
6.44656e-07
6.83804e-07
7.2384e-07
7.64974e-07
8.07525e-07
8.5195e-07
8.9887e-07
9.49108e-07
1.00373e-06
1.06412e-06
1.13205e-06
1.20976e-06
1.30016e-06
1.40704e-06
1.53533e-06
1.69165e-06
1.88494e-06
2.12761e-06
2.43714e-06
2.83884e-06
3.3702e-06
4.08819e-06
5.08187e-06
6.49393e-06
8.50802e-06
1.15388e-05
1.62396e-05
2.37544e-05
3.61038e-05
5.68555e-05
9.22736e-05
0.000153263
0.000258656
0.000440781
0.000754874
0.00129503
0.00222122
0.00380545
0.00651166
0.011137
0.0190634
0.0305675
0.0437375
0.0575115
0.0712935
0.0847501
0.0976965
0.110033
0.121707
0.132695
0.142988
0.152584
0.161492
0.16972
0.177283
0.184197
0.190483
0.196163
0.201264
0.205813
0.209842
0.213387
0.216481
0.219163
0.22147
0.223441
0.225113
0.226522
0.227703
0.228771
0.229643
2.4708e-09
8.02222e-09
1.4271e-08
2.12928e-08
2.91661e-08
3.79715e-08
4.77914e-08
5.87083e-08
7.08037e-08
8.41564e-08
9.88407e-08
1.14924e-07
1.32465e-07
1.51513e-07
1.72103e-07
1.94255e-07
2.17977e-07
2.43256e-07
2.70064e-07
2.98355e-07
3.28068e-07
3.59127e-07
3.91442e-07
4.24916e-07
4.59448e-07
4.94937e-07
5.31293e-07
5.68443e-07
6.06342e-07
6.44985e-07
6.84423e-07
7.24776e-07
7.66252e-07
8.09172e-07
8.53994e-07
9.01342e-07
9.52042e-07
1.00718e-06
1.06813e-06
1.13669e-06
1.21515e-06
1.30644e-06
1.41439e-06
1.54402e-06
1.70206e-06
1.89762e-06
2.14332e-06
2.45701e-06
2.86457e-06
3.40435e-06
4.13483e-06
5.14749e-06
6.58931e-06
8.65076e-06
1.17602e-05
1.65948e-05
2.4342e-05
3.71005e-05
5.85773e-05
9.52791e-05
0.00015853
0.000267879
0.000456873
0.000782815
0.00134328
0.00230411
0.00394719
0.00675324
0.0115485
0.0197644
0.031428
0.0446825
0.0584962
0.0722902
0.0857409
0.0986696
0.11098
0.122622
0.133572
0.143823
0.153374
0.162234
0.170411
0.177922
0.184783
0.191015
0.196641
0.201687
0.206185
0.210164
0.213661
0.21671
0.219351
0.221621
0.223559
0.225201
0.226585
0.227744
0.228793
0.229649
2.44959e-09
7.95331e-09
1.41484e-08
2.11103e-08
2.89178e-08
3.76521e-08
4.73963e-08
5.8234e-08
7.02476e-08
8.3517e-08
9.81178e-08
1.14119e-07
1.31581e-07
1.50555e-07
1.71077e-07
1.93173e-07
2.16849e-07
2.42098e-07
2.68894e-07
2.97193e-07
3.26938e-07
3.58053e-07
3.90453e-07
4.24042e-07
4.58721e-07
4.94391e-07
5.30961e-07
5.68362e-07
6.06545e-07
6.45508e-07
6.853e-07
7.26042e-07
7.67942e-07
8.11323e-07
8.56642e-07
9.0453e-07
9.5582e-07
1.0116e-06
1.07329e-06
1.14268e-06
1.2221e-06
1.31454e-06
1.4239e-06
1.55531e-06
1.71561e-06
1.91414e-06
2.16384e-06
2.48303e-06
2.89832e-06
3.44928e-06
4.19632e-06
5.23426e-06
6.71581e-06
8.8403e-06
1.20545e-05
1.70674e-05
2.51243e-05
3.84277e-05
6.08686e-05
9.92736e-05
0.000165516
0.000280083
0.000478107
0.000819569
0.00140655
0.00241246
0.00413196
0.00706748
0.0120829
0.0206728
0.0325412
0.0459033
0.0597661
0.0735731
0.0870134
0.0999159
0.112189
0.123785
0.134683
0.144877
0.154367
0.163161
0.171271
0.178713
0.185504
0.191665
0.197222
0.202201
0.206633
0.21055
0.213988
0.216983
0.219574
0.2218
0.223697
0.225305
0.226659
0.227793
0.22882
0.229657
2.4299e-09
7.88946e-09
1.40348e-08
2.09412e-08
2.86871e-08
3.7354e-08
4.70256e-08
5.7786e-08
6.97187e-08
8.2905e-08
9.74217e-08
1.1334e-07
1.30722e-07
1.4962e-07
1.70074e-07
1.92111e-07
2.15742e-07
2.40961e-07
2.67745e-07
2.96055e-07
3.25834e-07
3.57012e-07
3.89505e-07
4.23219e-07
4.58058e-07
4.93924e-07
5.30729e-07
5.68402e-07
6.06899e-07
6.46216e-07
6.86402e-07
7.27578e-07
7.69953e-07
8.13851e-07
8.59734e-07
9.08236e-07
9.60202e-07
1.01673e-06
1.07926e-06
1.14961e-06
1.23016e-06
1.32395e-06
1.43496e-06
1.56842e-06
1.73138e-06
1.93339e-06
2.18776e-06
2.51337e-06
2.93772e-06
3.50176e-06
4.2682e-06
5.33577e-06
6.86394e-06
9.06239e-06
1.23996e-05
1.76219e-05
2.60424e-05
3.99852e-05
6.35552e-05
0.00010395
0.000173678
0.000294304
0.000502784
0.000862166
0.00147968
0.00253738
0.00434448
0.00742819
0.0126953
0.0217103
0.0338104
0.0472926
0.0612088
0.0750278
0.0884534
0.101323
0.113551
0.125092
0.135928
0.146053
0.15547
0.164188
0.17222
0.179581
0.186291
0.192372
0.19785
0.202753
0.207112
0.21096
0.214334
0.21727
0.219808
0.221985
0.223841
0.225413
0.226736
0.227844
0.228847
0.229665
2.41179e-09
7.83078e-09
1.39307e-08
2.07863e-08
2.8476e-08
3.70815e-08
4.66865e-08
5.73759e-08
6.9234e-08
8.2343e-08
9.67814e-08
1.12621e-07
1.29928e-07
1.48755e-07
1.69145e-07
1.91128e-07
2.14716e-07
2.39909e-07
2.66685e-07
2.95008e-07
3.24826e-07
3.5607e-07
3.8866e-07
4.22505e-07
4.57511e-07
4.93582e-07
5.30633e-07
5.68591e-07
6.07416e-07
6.47103e-07
6.87704e-07
7.29338e-07
7.72217e-07
8.16667e-07
8.63153e-07
9.12316e-07
9.65011e-07
1.02235e-06
1.0858e-06
1.1572e-06
1.23898e-06
1.33425e-06
1.44706e-06
1.5828e-06
1.74867e-06
1.95451e-06
2.21401e-06
2.54669e-06
2.98097e-06
3.55935e-06
4.34705e-06
5.44706e-06
7.0262e-06
9.30569e-06
1.27778e-05
1.82299e-05
2.70493e-05
4.16925e-05
6.6497e-05
0.000109061
0.000182578
0.000309768
0.000529536
0.000908204
0.00155848
0.00267158
0.00457212
0.00781352
0.0133478
0.0228117
0.0351545
0.048761
0.0627307
0.0765594
0.0899665
0.102799
0.114975
0.126456
0.137223
0.147274
0.156612
0.165248
0.173195
0.180471
0.187095
0.193092
0.198487
0.203311
0.207594
0.211371
0.21468
0.217556
0.22004
0.22217
0.223985
0.22552
0.226813
0.227895
0.228874
0.229673
2.39592e-09
7.77936e-09
1.38394e-08
2.06507e-08
2.82913e-08
3.68429e-08
4.63894e-08
5.70161e-08
6.8808e-08
8.18482e-08
9.62164e-08
1.11986e-07
1.29225e-07
1.47988e-07
1.6832e-07
1.90254e-07
2.13806e-07
2.38976e-07
2.65748e-07
2.94089e-07
3.23948e-07
3.55261e-07
3.8795e-07
4.21928e-07
4.57102e-07
4.93381e-07
5.30677e-07
5.68925e-07
6.08082e-07
6.48146e-07
6.89168e-07
7.31269e-07
7.74664e-07
8.19681e-07
8.66789e-07
9.16636e-07
9.70088e-07
1.02828e-06
1.09268e-06
1.16519e-06
1.24827e-06
1.34509e-06
1.45982e-06
1.59796e-06
1.76691e-06
1.97679e-06
2.24173e-06
2.58189e-06
3.02672e-06
3.62035e-06
4.43073e-06
5.56542e-06
7.19612e-06
9.56158e-06
1.31764e-05
1.88714e-05
2.81121e-05
4.34944e-05
6.95983e-05
0.00011444
0.00019192
0.000325955
0.000557455
0.000956098
0.00164019
0.00281033
0.00480686
0.00821003
0.0140183
0.0239304
0.0365141
0.0502422
0.0642624
0.0780977
0.0914833
0.104275
0.116398
0.127815
0.138511
0.148485
0.157742
0.166293
0.174154
0.181343
0.187882
0.193794
0.199107
0.203851
0.20806
0.211768
0.215013
0.217831
0.220263
0.222347
0.224122
0.225623
0.226886
0.227943
0.2289
0.22968
2.38204e-09
7.73444e-09
1.37598e-08
2.05325e-08
2.81305e-08
3.66353e-08
4.61312e-08
5.67036e-08
6.84381e-08
8.14186e-08
9.57259e-08
1.11435e-07
1.28614e-07
1.47322e-07
1.67605e-07
1.89498e-07
2.1302e-07
2.38173e-07
2.64946e-07
2.93307e-07
3.23211e-07
3.54594e-07
3.87383e-07
4.21494e-07
4.56835e-07
4.93318e-07
5.3086e-07
5.69393e-07
6.08878e-07
6.49315e-07
6.90754e-07
7.33321e-07
7.7723e-07
8.22812e-07
8.70544e-07
9.2108e-07
9.75296e-07
1.03434e-06
1.09972e-06
1.17336e-06
1.25776e-06
1.35618e-06
1.47287e-06
1.61348e-06
1.7856e-06
1.99966e-06
2.27021e-06
2.6181e-06
3.07384e-06
3.68327e-06
4.51718e-06
5.68791e-06
7.37055e-06
9.82536e-06
1.35884e-05
1.95356e-05
2.92139e-05
4.53629e-05
7.28128e-05
0.000120008
0.00020157
0.000342631
0.000586125
0.0010051
0.00172346
0.00295105
0.0050437
0.00860774
0.0146865
0.025032
0.0378462
0.0516885
0.0657539
0.0795921
0.0929537
0.105704
0.117772
0.129124
0.139749
0.149647
0.158824
0.167293
0.17507
0.182174
0.188628
0.194459
0.199693
0.204362
0.2085
0.212142
0.215326
0.21809
0.220473
0.222514
0.224251
0.22572
0.226955
0.227989
0.228925
0.229688
2.37017e-09
7.696e-09
1.36917e-08
2.04314e-08
2.7993e-08
3.6458e-08
4.59107e-08
5.64368e-08
6.81224e-08
8.10522e-08
9.53076e-08
1.10965e-07
1.28094e-07
1.46755e-07
1.66997e-07
1.88856e-07
2.12355e-07
2.37499e-07
2.64277e-07
2.92662e-07
3.22612e-07
3.54066e-07
3.86955e-07
4.21195e-07
4.567e-07
4.93382e-07
5.3116e-07
5.6997e-07
6.09774e-07
6.50572e-07
6.92417e-07
7.35436e-07
7.79847e-07
8.25983e-07
8.74326e-07
9.25539e-07
9.8051e-07
1.04041e-06
1.10675e-06
1.18151e-06
1.26724e-06
1.36726e-06
1.48592e-06
1.62901e-06
1.80433e-06
2.02259e-06
2.29882e-06
2.65453e-06
3.12133e-06
3.74681e-06
4.60467e-06
5.81219e-06
7.54774e-06
1.00943e-05
1.40099e-05
2.02175e-05
3.03484e-05
4.72913e-05
7.61359e-05
0.000125769
0.000211561
0.000359897
0.000615807
0.00105581
0.00180955
0.00309635
0.00528769
0.00901599
0.0153683
0.0261081
0.0391286
0.0530705
0.0671727
0.0810092
0.0943445
0.107052
0.119066
0.130356
0.140912
0.150736
0.159836
0.168226
0.175923
0.182947
0.189322
0.195075
0.200235
0.204834
0.208906
0.212487
0.215614
0.218328
0.220666
0.222667
0.22437
0.225809
0.227019
0.228031
0.228948
0.229694
2.36004e-09
7.66324e-09
1.36337e-08
2.03454e-08
2.78761e-08
3.63074e-08
4.57235e-08
5.62106e-08
6.7855e-08
8.0742e-08
9.4954e-08
1.10568e-07
1.27656e-07
1.46279e-07
1.66487e-07
1.88321e-07
2.11802e-07
2.36941e-07
2.63729e-07
2.92142e-07
3.22139e-07
3.53665e-07
3.8665e-07
4.21015e-07
4.56677e-07
4.93549e-07
5.31554e-07
5.70628e-07
6.10736e-07
6.51878e-07
6.94111e-07
7.37562e-07
7.82452e-07
8.2912e-07
8.78051e-07
9.29916e-07
9.85616e-07
1.04634e-06
1.11362e-06
1.18948e-06
1.27651e-06
1.37809e-06
1.49869e-06
1.64422e-06
1.82269e-06
2.04512e-06
2.32697e-06
2.69046e-06
3.16829e-06
3.80982e-06
4.69172e-06
5.93628e-06
7.72523e-06
1.03649e-05
1.44361e-05
2.09103e-05
3.15063e-05
4.92681e-05
7.95555e-05
0.000131719
0.00022192
0.000377879
0.00064688
0.00110923
0.00190096
0.00325216
0.00555263
0.00946654
0.016137
0.0271773
0.0403561
0.0543727
0.0684988
0.0823275
0.0956344
0.108299
0.120261
0.131491
0.141982
0.151737
0.160765
0.169081
0.176703
0.183653
0.189956
0.195638
0.200729
0.205264
0.209275
0.2128
0.215877
0.218544
0.220841
0.222807
0.224478
0.22589
0.227077
0.22807
0.228968
0.2297
2.35151e-09
7.63565e-09
1.35848e-08
2.02729e-08
2.77777e-08
3.61807e-08
4.55663e-08
5.60208e-08
6.76309e-08
8.04824e-08
9.46583e-08
1.10237e-07
1.27291e-07
1.45883e-07
1.66065e-07
1.87879e-07
2.1135e-07
2.36489e-07
2.6329e-07
2.91733e-07
3.21778e-07
3.53372e-07
3.8645e-07
4.20936e-07
4.56745e-07
4.93797e-07
5.32014e-07
5.71336e-07
6.11728e-07
6.53193e-07
6.9579e-07
7.39646e-07
7.84987e-07
8.32154e-07
8.81639e-07
9.34121e-07
9.90511e-07
1.05201e-06
1.12019e-06
1.1971e-06
1.28536e-06
1.38845e-06
1.51091e-06
1.65879e-06
1.84031e-06
2.06677e-06
2.35407e-06
2.72513e-06
3.2137e-06
3.87094e-06
4.77642e-06
6.05749e-06
7.89911e-06
1.06312e-05
1.48573e-05
2.1598e-05
3.26603e-05
5.12452e-05
8.29863e-05
0.000137706
0.000232369
0.000396063
0.000678386
0.00116356
0.00199421
0.00341161
0.00582469
0.00993074
0.0169313
0.028205
0.0415051
0.0555764
0.0697163
0.0835328
0.0968103
0.109434
0.121346
0.132521
0.142951
0.152642
0.161604
0.169852
0.177407
0.184289
0.190525
0.196143
0.201173
0.205649
0.209606
0.213081
0.216112
0.218738
0.220999
0.222932
0.224575
0.225963
0.227129
0.228104
0.228987
0.229706
2.34437e-09
7.61255e-09
1.3544e-08
2.02124e-08
2.76956e-08
3.6075e-08
4.54352e-08
5.58627e-08
6.74444e-08
8.02667e-08
9.44132e-08
1.09963e-07
1.2699e-07
1.45557e-07
1.6572e-07
1.8752e-07
2.10984e-07
2.36127e-07
2.62945e-07
2.91417e-07
3.21509e-07
3.5317e-07
3.86336e-07
4.20932e-07
4.5688e-07
4.94099e-07
5.32513e-07
5.72063e-07
6.12717e-07
6.5448e-07
6.97411e-07
7.41642e-07
7.87398e-07
8.35026e-07
8.85023e-07
9.38075e-07
9.95105e-07
1.05733e-06
1.12635e-06
1.20422e-06
1.29365e-06
1.39814e-06
1.52234e-06
1.67244e-06
1.85682e-06
2.08707e-06
2.37953e-06
2.75774e-06
3.25651e-06
3.92867e-06
4.85664e-06
6.17259e-06
8.06452e-06
1.08854e-05
1.52606e-05
2.22584e-05
3.37713e-05
5.31523e-05
8.63001e-05
0.000143493
0.000242475
0.000413655
0.000708869
0.00121612
0.00208443
0.00356591
0.00608797
0.0103801
0.0177006
0.0291598
0.0425549
0.0566668
0.0708138
0.0846158
0.0978646
0.11045
0.122316
0.133439
0.143815
0.153448
0.16235
0.170538
0.178031
0.184853
0.19103
0.19659
0.201566
0.20599
0.209898
0.213329
0.216319
0.218909
0.221137
0.223042
0.22466
0.226027
0.227175
0.228135
0.229003
0.22971
2.33845e-09
7.59344e-09
1.35102e-08
2.01623e-08
2.76277e-08
3.59877e-08
4.5327e-08
5.57323e-08
6.72909e-08
8.00894e-08
9.42122e-08
1.09739e-07
1.26744e-07
1.45293e-07
1.65441e-07
1.87231e-07
2.10693e-07
2.35842e-07
2.62677e-07
2.9118e-07
3.21317e-07
3.5304e-07
3.86287e-07
4.20987e-07
4.57061e-07
4.9443e-07
5.33023e-07
5.7278e-07
6.13672e-07
6.55703e-07
6.98937e-07
7.43505e-07
7.89637e-07
8.37682e-07
8.88143e-07
9.41711e-07
9.99322e-07
1.06221e-06
1.13198e-06
1.21074e-06
1.30122e-06
1.407e-06
1.53279e-06
1.68491e-06
1.87191e-06
2.10564e-06
2.40283e-06
2.7876e-06
3.29575e-06
3.98165e-06
4.93037e-06
6.27857e-06
8.2169e-06
1.112e-05
1.56336e-05
2.28701e-05
3.48017e-05
5.4922e-05
8.9375e-05
0.000148859
0.000251835
0.000429926
0.000737018
0.00126457
0.00216742
0.00370749
0.00632897
0.0107904
0.0184009
0.0300165
0.0434903
0.0576345
0.071785
0.0855723
0.0987942
0.111344
0.123169
0.134246
0.144573
0.154155
0.163004
0.171138
0.178577
0.185346
0.191471
0.196981
0.201908
0.206287
0.210154
0.213545
0.216501
0.219059
0.221259
0.223138
0.224735
0.226083
0.227215
0.228162
0.229018
0.229715
2.33361e-09
7.57778e-09
1.34825e-08
2.01213e-08
2.75721e-08
3.59163e-08
4.52387e-08
5.5626e-08
6.71658e-08
7.99452e-08
9.4049e-08
1.09558e-07
1.26546e-07
1.4508e-07
1.65217e-07
1.87002e-07
2.10464e-07
2.35622e-07
2.62474e-07
2.91005e-07
3.21184e-07
3.52964e-07
3.86285e-07
4.21077e-07
4.57264e-07
4.94769e-07
5.3352e-07
5.73461e-07
6.14563e-07
6.56833e-07
7.00334e-07
7.45201e-07
7.91666e-07
8.40079e-07
8.90949e-07
9.44975e-07
1.0031e-06
1.06657e-06
1.13701e-06
1.21656e-06
1.30797e-06
1.41489e-06
1.5421e-06
1.69601e-06
1.88534e-06
2.12217e-06
2.42356e-06
2.81419e-06
3.33069e-06
4.02885e-06
4.9961e-06
6.37313e-06
8.35284e-06
1.13296e-05
1.59672e-05
2.34176e-05
3.57243e-05
5.65064e-05
9.2126e-05
0.000153655
0.000260186
0.000444415
0.000762033
0.00130753
0.00224084
0.00383246
0.00654115
0.0111507
0.0190144
0.0307644
0.0443049
0.0584756
0.072628
0.0864014
0.099599
0.112117
0.123906
0.134943
0.145227
0.154764
0.163567
0.171654
0.179047
0.18577
0.191849
0.197316
0.202203
0.206543
0.210373
0.213731
0.216656
0.219187
0.221362
0.223221
0.224799
0.226131
0.22725
0.228185
0.22903
0.229718
2.3297e-09
7.56515e-09
1.34601e-08
2.00883e-08
2.75273e-08
3.58588e-08
4.51676e-08
5.55405e-08
6.70654e-08
7.98298e-08
9.39186e-08
1.09413e-07
1.26389e-07
1.44912e-07
1.65042e-07
1.86823e-07
2.10288e-07
2.35454e-07
2.62323e-07
2.90881e-07
3.21098e-07
3.52928e-07
3.86314e-07
4.21187e-07
4.57473e-07
4.95095e-07
5.33983e-07
5.74084e-07
6.15368e-07
6.57843e-07
7.01575e-07
7.467e-07
7.93451e-07
8.42182e-07
8.93405e-07
9.47825e-07
1.00639e-06
1.07036e-06
1.14139e-06
1.22161e-06
1.31383e-06
1.42173e-06
1.55015e-06
1.70561e-06
1.89696e-06
2.13645e-06
2.44146e-06
2.83714e-06
3.36086e-06
4.06963e-06
5.0529e-06
6.4549e-06
8.47034e-06
1.15109e-05
1.62559e-05
2.38918e-05
3.65235e-05
5.78787e-05
9.45068e-05
0.0001578
0.000267396
0.000456905
0.000783559
0.00134444
0.0023038
0.00393945
0.00672255
0.0114583
0.0195374
0.0314014
0.044998
0.0591905
0.0733437
0.0871047
0.100281
0.112772
0.124529
0.135532
0.14578
0.155278
0.164042
0.17209
0.179443
0.186127
0.192169
0.197599
0.20245
0.206757
0.210557
0.213887
0.216787
0.219295
0.22145
0.223291
0.224853
0.226172
0.227279
0.228204
0.22904
0.229721
2.32661e-09
7.55518e-09
1.34425e-08
2.00622e-08
2.7492e-08
3.58135e-08
4.51115e-08
5.54732e-08
6.69865e-08
7.97391e-08
9.38164e-08
1.093e-07
1.26266e-07
1.44782e-07
1.64906e-07
1.86686e-07
2.10154e-07
2.35328e-07
2.62213e-07
2.90794e-07
3.21044e-07
3.52918e-07
3.8636e-07
4.21301e-07
4.5767e-07
4.95391e-07
5.34395e-07
5.74629e-07
6.16065e-07
6.58713e-07
7.02638e-07
7.47978e-07
7.94968e-07
8.43965e-07
8.95483e-07
9.50231e-07
1.00917e-06
1.07356e-06
1.14506e-06
1.22585e-06
1.31874e-06
1.42745e-06
1.55689e-06
1.71364e-06
1.90666e-06
2.14837e-06
2.45641e-06
2.8563e-06
3.38603e-06
4.10365e-06
5.10031e-06
6.5232e-06
8.56845e-06
1.16624e-05
1.64974e-05
2.42885e-05
3.71923e-05
5.90267e-05
9.64975e-05
0.000161263
0.000273412
0.000467316
0.000801482
0.00137513
0.0023561
0.00402821
0.00687288
0.011713
0.0199705
0.0319284
0.045571
0.0597811
0.0739345
0.0876848
0.100843
0.113312
0.125043
0.136017
0.146234
0.155701
0.164433
0.172448
0.179768
0.18642
0.192431
0.197831
0.202654
0.206934
0.210708
0.214016
0.216894
0.219383
0.221522
0.223348
0.224897
0.226205
0.227303
0.22822
0.229049
0.229724
2.32425e-09
7.54752e-09
1.3429e-08
2.00422e-08
2.74649e-08
3.57788e-08
4.50687e-08
5.54218e-08
6.69263e-08
7.967e-08
9.37387e-08
1.09214e-07
1.26173e-07
1.44684e-07
1.64805e-07
1.86584e-07
2.10055e-07
2.35238e-07
2.62135e-07
2.90737e-07
3.21013e-07
3.52923e-07
3.86409e-07
4.21407e-07
4.57843e-07
4.95643e-07
5.34741e-07
5.75082e-07
6.16641e-07
6.59427e-07
7.03506e-07
7.49019e-07
7.962e-07
8.45408e-07
8.97161e-07
9.52171e-07
1.0114e-06
1.07612e-06
1.14801e-06
1.22925e-06
1.32267e-06
1.43204e-06
1.56228e-06
1.72006e-06
1.9144e-06
2.15789e-06
2.46833e-06
2.87157e-06
3.40611e-06
4.13078e-06
5.13816e-06
6.57777e-06
8.64692e-06
1.17837e-05
1.66907e-05
2.46063e-05
3.7728e-05
5.99463e-05
9.80916e-05
0.000164035
0.000278225
0.000475637
0.000815796
0.00139962
0.00239781
0.00409898
0.00699269
0.011916
0.020315
0.0323474
0.0460262
0.06025
0.0744034
0.088145
0.101289
0.113739
0.125449
0.136401
0.146594
0.156036
0.164741
0.172731
0.180025
0.186652
0.192638
0.198014
0.202814
0.207073
0.210828
0.214117
0.216979
0.219453
0.221578
0.223393
0.224932
0.226231
0.227321
0.228232
0.229056
0.229726
2.32253e-09
7.54199e-09
1.34192e-08
2.00277e-08
2.74453e-08
3.57537e-08
4.50377e-08
5.53846e-08
6.68828e-08
7.96202e-08
9.36827e-08
1.09153e-07
1.26107e-07
1.44614e-07
1.64733e-07
1.86512e-07
2.09986e-07
2.35175e-07
2.62083e-07
2.907e-07
3.20997e-07
3.52934e-07
3.86455e-07
4.21494e-07
4.57981e-07
4.95842e-07
5.35009e-07
5.75431e-07
6.17081e-07
6.59971e-07
7.04167e-07
7.49808e-07
7.97132e-07
8.46499e-07
8.98428e-07
9.53634e-07
1.01308e-06
1.07805e-06
1.15023e-06
1.2318e-06
1.32562e-06
1.43547e-06
1.56632e-06
1.72485e-06
1.92019e-06
2.16499e-06
2.47722e-06
2.88295e-06
3.42105e-06
4.15097e-06
5.16627e-06
6.61827e-06
8.70609e-06
1.18748e-05
1.68358e-05
2.48448e-05
3.81302e-05
6.06367e-05
9.92881e-05
0.000166115
0.000281833
0.000481873
0.000826519
0.00141796
0.00242903
0.00415191
0.00708227
0.0120677
0.0205724
0.0326603
0.046366
0.0605998
0.074753
0.0884879
0.101621
0.114058
0.125752
0.136687
0.146861
0.156284
0.164971
0.172941
0.180217
0.186824
0.192791
0.19815
0.202933
0.207176
0.210917
0.214192
0.217042
0.219505
0.22162
0.223426
0.224958
0.226251
0.227335
0.228241
0.229061
0.229727
2.3214e-09
7.53831e-09
1.34127e-08
2.00182e-08
2.74324e-08
3.57371e-08
4.50173e-08
5.53602e-08
6.68543e-08
7.95877e-08
9.36463e-08
1.09113e-07
1.26064e-07
1.44569e-07
1.64687e-07
1.86466e-07
2.09942e-07
2.35136e-07
2.62051e-07
2.90678e-07
3.20989e-07
3.52944e-07
3.86488e-07
4.21557e-07
4.58077e-07
4.95978e-07
5.35192e-07
5.75668e-07
6.1738e-07
6.60338e-07
7.04611e-07
7.50338e-07
7.97757e-07
8.4723e-07
8.99275e-07
9.54611e-07
1.01421e-06
1.07934e-06
1.15171e-06
1.2335e-06
1.32759e-06
1.43775e-06
1.569e-06
1.72804e-06
1.92403e-06
2.1697e-06
2.48311e-06
2.89049e-06
3.43095e-06
4.16433e-06
5.18489e-06
6.64509e-06
8.74572e-06
1.19356e-05
1.69327e-05
2.50041e-05
3.83988e-05
6.10976e-05
0.000100087
0.000167503
0.000284241
0.000486032
0.000833668
0.00143018
0.00244982
0.00418717
0.00714191
0.0121687
0.0207437
0.0328684
0.046592
0.0608324
0.0749853
0.0887158
0.101842
0.114269
0.125953
0.136877
0.147039
0.15645
0.165124
0.17308
0.180343
0.186938
0.192893
0.19824
0.203012
0.207245
0.210975
0.214242
0.217083
0.219539
0.221648
0.223448
0.224975
0.226264
0.227345
0.228248
0.229064
0.229728
2.32082e-09
7.53646e-09
1.34094e-08
2.00134e-08
2.74259e-08
3.57288e-08
4.50071e-08
5.53481e-08
6.68402e-08
7.95716e-08
9.36284e-08
1.09093e-07
1.26043e-07
1.44546e-07
1.64664e-07
1.86444e-07
2.09921e-07
2.35117e-07
2.62036e-07
2.90668e-07
3.20987e-07
3.52951e-07
3.86506e-07
4.21589e-07
4.58126e-07
4.96047e-07
5.35285e-07
5.75788e-07
6.17529e-07
6.60522e-07
7.04833e-07
7.50603e-07
7.9807e-07
8.47595e-07
8.99698e-07
9.55098e-07
1.01477e-06
1.07998e-06
1.15244e-06
1.23434e-06
1.32856e-06
1.43889e-06
1.57033e-06
1.72962e-06
1.92594e-06
2.17204e-06
2.48604e-06
2.89424e-06
3.43588e-06
4.17099e-06
5.19419e-06
6.65852e-06
8.76559e-06
1.19661e-05
1.69813e-05
2.50839e-05
3.85334e-05
6.13287e-05
0.000100487
0.000168198
0.000285447
0.000488116
0.000837249
0.00143631
0.00246024
0.00420482
0.00717177
0.0122192
0.0208294
0.0329725
0.046705
0.0609487
0.0751015
0.0888297
0.101952
0.114375
0.126054
0.136971
0.147128
0.156532
0.1652
0.17315
0.180407
0.186995
0.192944
0.198285
0.203052
0.207279
0.211005
0.214267
0.217104
0.219557
0.221662
0.223459
0.224984
0.22627
0.227349
0.228251
0.229066
0.229729
2.32082e-09
7.53646e-09
1.34094e-08
2.00133e-08
2.74259e-08
3.57288e-08
4.50071e-08
5.53481e-08
6.68402e-08
7.95716e-08
9.36284e-08
1.09093e-07
1.26043e-07
1.44546e-07
1.64664e-07
1.86444e-07
2.09921e-07
2.35117e-07
2.62036e-07
2.90668e-07
3.20987e-07
3.52951e-07
3.86506e-07
4.21588e-07
4.58126e-07
4.96047e-07
5.35285e-07
5.75787e-07
6.17529e-07
6.60522e-07
7.04833e-07
7.50603e-07
7.9807e-07
8.47595e-07
8.99698e-07
9.55098e-07
1.01477e-06
1.07998e-06
1.15244e-06
1.23434e-06
1.32856e-06
1.43889e-06
1.57033e-06
1.72962e-06
1.92594e-06
2.17204e-06
2.48604e-06
2.89424e-06
3.43587e-06
4.17099e-06
5.19418e-06
6.65851e-06
8.76557e-06
1.19661e-05
1.69813e-05
2.50839e-05
3.85333e-05
6.13286e-05
0.000100487
0.000168198
0.000285447
0.000488115
0.000837247
0.0014363
0.00246023
0.00420481
0.00717175
0.0122192
0.0208294
0.0329725
0.0467049
0.0609486
0.0751014
0.0888296
0.101952
0.114375
0.126054
0.136971
0.147128
0.156532
0.1652
0.17315
0.180407
0.186995
0.192944
0.198285
0.203052
0.207279
0.211005
0.214267
0.217104
0.219557
0.221662
0.223459
0.224984
0.22627
0.227349
0.228251
0.229066
0.229729
2.32139e-09
7.53831e-09
1.34127e-08
2.00182e-08
2.74324e-08
3.57371e-08
4.50173e-08
5.53602e-08
6.68543e-08
7.95876e-08
9.36463e-08
1.09113e-07
1.26064e-07
1.44569e-07
1.64687e-07
1.86466e-07
2.09942e-07
2.35136e-07
2.62051e-07
2.90678e-07
3.20989e-07
3.52944e-07
3.86488e-07
4.21556e-07
4.58077e-07
4.95978e-07
5.35192e-07
5.75668e-07
6.17379e-07
6.60338e-07
7.0461e-07
7.50338e-07
7.97757e-07
8.47229e-07
8.99274e-07
9.5461e-07
1.0142e-06
1.07934e-06
1.15171e-06
1.23349e-06
1.32758e-06
1.43775e-06
1.569e-06
1.72804e-06
1.92403e-06
2.1697e-06
2.4831e-06
2.89049e-06
3.43094e-06
4.16432e-06
5.18488e-06
6.64507e-06
8.74569e-06
1.19356e-05
1.69326e-05
2.50039e-05
3.83985e-05
6.10972e-05
0.000100086
0.000167501
0.000284239
0.000486029
0.000833662
0.00143017
0.00244981
0.00418714
0.00714186
0.0121686
0.0207436
0.0328683
0.0465918
0.0608322
0.0749851
0.0887156
0.101842
0.114269
0.125953
0.136876
0.147039
0.156449
0.165123
0.17308
0.180343
0.186938
0.192893
0.19824
0.203012
0.207245
0.210975
0.214242
0.217083
0.219539
0.221648
0.223448
0.224975
0.226264
0.227345
0.228248
0.229064
0.229728
2.32253e-09
7.54199e-09
1.34192e-08
2.00277e-08
2.74453e-08
3.57536e-08
4.50376e-08
5.53846e-08
6.68827e-08
7.96201e-08
9.36827e-08
1.09153e-07
1.26107e-07
1.44614e-07
1.64733e-07
1.86512e-07
2.09986e-07
2.35175e-07
2.62083e-07
2.90699e-07
3.20997e-07
3.52933e-07
3.86454e-07
4.21494e-07
4.57981e-07
4.95841e-07
5.35009e-07
5.75431e-07
6.17081e-07
6.5997e-07
7.04166e-07
7.49807e-07
7.97131e-07
8.46498e-07
8.98427e-07
9.53632e-07
1.01308e-06
1.07805e-06
1.15023e-06
1.23179e-06
1.32562e-06
1.43547e-06
1.56631e-06
1.72485e-06
1.92019e-06
2.16498e-06
2.47721e-06
2.88294e-06
3.42104e-06
4.15095e-06
5.16625e-06
6.61823e-06
8.70604e-06
1.18747e-05
1.68357e-05
2.48446e-05
3.81298e-05
6.0636e-05
9.92869e-05
0.000166113
0.00028183
0.000481867
0.000826509
0.00141794
0.002429
0.00415187
0.00708218
0.0120676
0.0205722
0.03266
0.0463657
0.0605995
0.0747527
0.0884876
0.101621
0.114058
0.125752
0.136687
0.146861
0.156284
0.164971
0.172941
0.180216
0.186824
0.192791
0.19815
0.202933
0.207176
0.210916
0.214192
0.217042
0.219505
0.22162
0.223426
0.224958
0.226251
0.227335
0.228241
0.229061
0.229727
2.32424e-09
7.54751e-09
1.3429e-08
2.00422e-08
2.74649e-08
3.57788e-08
4.50687e-08
5.54218e-08
6.69263e-08
7.967e-08
9.37386e-08
1.09214e-07
1.26173e-07
1.44684e-07
1.64805e-07
1.86584e-07
2.10055e-07
2.35237e-07
2.62135e-07
2.90736e-07
3.21013e-07
3.52922e-07
3.86409e-07
4.21407e-07
4.57842e-07
4.95643e-07
5.3474e-07
5.75082e-07
6.1664e-07
6.59426e-07
7.03505e-07
7.49018e-07
7.96198e-07
8.45407e-07
8.97159e-07
9.5217e-07
1.0114e-06
1.07612e-06
1.14801e-06
1.22924e-06
1.32267e-06
1.43203e-06
1.56228e-06
1.72005e-06
1.9144e-06
2.15788e-06
2.46832e-06
2.87156e-06
3.40609e-06
4.13076e-06
5.13812e-06
6.57771e-06
8.64684e-06
1.17836e-05
1.66905e-05
2.4606e-05
3.77275e-05
5.99454e-05
9.809e-05
0.000164033
0.00027822
0.000475628
0.000815782
0.0013996
0.00239777
0.00409891
0.00699257
0.0119158
0.0203147
0.032347
0.0460258
0.0602496
0.074403
0.0881445
0.101289
0.113739
0.125449
0.136401
0.146593
0.156035
0.164741
0.17273
0.180025
0.186651
0.192637
0.198014
0.202814
0.207073
0.210828
0.214117
0.216979
0.219453
0.221578
0.223393
0.224932
0.226231
0.227321
0.228232
0.229056
0.229726
2.32661e-09
7.55516e-09
1.34425e-08
2.00622e-08
2.7492e-08
3.58134e-08
4.51115e-08
5.54731e-08
6.69864e-08
7.9739e-08
9.38163e-08
1.093e-07
1.26266e-07
1.44782e-07
1.64906e-07
1.86686e-07
2.10153e-07
2.35328e-07
2.62213e-07
2.90794e-07
3.21044e-07
3.52917e-07
3.86359e-07
4.21301e-07
4.57669e-07
4.9539e-07
5.34394e-07
5.74628e-07
6.16064e-07
6.58712e-07
7.02637e-07
7.47977e-07
7.94967e-07
8.43963e-07
8.95481e-07
9.50229e-07
1.00916e-06
1.07355e-06
1.14506e-06
1.22584e-06
1.31874e-06
1.42745e-06
1.55689e-06
1.71363e-06
1.90665e-06
2.14836e-06
2.45639e-06
2.85628e-06
3.38601e-06
4.10361e-06
5.10027e-06
6.52313e-06
8.56835e-06
1.16623e-05
1.64971e-05
2.42881e-05
3.71916e-05
5.90255e-05
9.64954e-05
0.00016126
0.000273406
0.000467305
0.000801464
0.0013751
0.00235605
0.00402813
0.00687274
0.0117128
0.0199701
0.0319279
0.0455704
0.0597805
0.073934
0.0876843
0.100843
0.113311
0.125042
0.136017
0.146234
0.155701
0.164432
0.172447
0.179768
0.18642
0.19243
0.197831
0.202653
0.206934
0.210708
0.214015
0.216894
0.219383
0.221522
0.223348
0.224897
0.226205
0.227303
0.22822
0.229049
0.229724
2.3297e-09
7.56514e-09
1.34601e-08
2.00883e-08
2.75273e-08
3.58588e-08
4.51675e-08
5.55404e-08
6.70653e-08
7.98296e-08
9.39184e-08
1.09413e-07
1.26388e-07
1.44912e-07
1.65042e-07
1.86823e-07
2.10287e-07
2.35453e-07
2.62322e-07
2.9088e-07
3.21097e-07
3.52927e-07
3.86313e-07
4.21187e-07
4.57472e-07
4.95094e-07
5.33982e-07
5.74083e-07
6.15366e-07
6.57842e-07
7.01574e-07
7.46698e-07
7.93449e-07
8.4218e-07
8.93403e-07
9.47823e-07
1.00639e-06
1.07036e-06
1.14138e-06
1.2216e-06
1.31383e-06
1.42172e-06
1.55015e-06
1.7056e-06
1.89695e-06
2.13644e-06
2.44145e-06
2.83712e-06
3.36083e-06
4.06959e-06
5.05284e-06
6.45482e-06
8.47022e-06
1.15107e-05
1.62556e-05
2.38913e-05
3.65227e-05
5.78773e-05
9.45044e-05
0.000157796
0.000267388
0.000456892
0.000783538
0.0013444
0.00230374
0.00393935
0.00672238
0.011458
0.0195369
0.0314008
0.0449973
0.0591898
0.073343
0.087104
0.10028
0.112772
0.124529
0.135532
0.145779
0.155278
0.164042
0.172089
0.179443
0.186126
0.192168
0.197599
0.20245
0.206757
0.210557
0.213887
0.216787
0.219295
0.22145
0.22329
0.224853
0.226172
0.227279
0.228204
0.22904
0.229721
2.33361e-09
7.57777e-09
1.34824e-08
2.01213e-08
2.7572e-08
3.59162e-08
4.52386e-08
5.56258e-08
6.71657e-08
7.99451e-08
9.40488e-08
1.09558e-07
1.26546e-07
1.4508e-07
1.65217e-07
1.87001e-07
2.10464e-07
2.35621e-07
2.62473e-07
2.91005e-07
3.21184e-07
3.52963e-07
3.86284e-07
4.21076e-07
4.57263e-07
4.94768e-07
5.33519e-07
5.7346e-07
6.14562e-07
6.56831e-07
7.00332e-07
7.45199e-07
7.91663e-07
8.40077e-07
8.90947e-07
9.44973e-07
1.0031e-06
1.06656e-06
1.13701e-06
1.21655e-06
1.30797e-06
1.41488e-06
1.54209e-06
1.696e-06
1.88533e-06
2.12216e-06
2.42354e-06
2.81416e-06
3.33066e-06
4.02881e-06
4.99604e-06
6.37304e-06
8.35271e-06
1.13294e-05
1.59668e-05
2.3417e-05
3.57233e-05
5.65048e-05
9.21232e-05
0.00015365
0.000260178
0.000444401
0.000762009
0.00130749
0.00224077
0.00383234
0.00654095
0.0111503
0.0190138
0.0307637
0.0443042
0.0584749
0.0726272
0.0864006
0.0995983
0.112117
0.123905
0.134942
0.145226
0.154763
0.163566
0.171654
0.179046
0.185769
0.191849
0.197316
0.202202
0.206542
0.210373
0.213731
0.216656
0.219187
0.221362
0.223221
0.224799
0.226131
0.22725
0.228184
0.22903
0.229718
2.33845e-09
7.59342e-09
1.35101e-08
2.01623e-08
2.76276e-08
3.59876e-08
4.53269e-08
5.57322e-08
6.72907e-08
8.00892e-08
9.42119e-08
1.09739e-07
1.26744e-07
1.45293e-07
1.6544e-07
1.8723e-07
2.10693e-07
2.35842e-07
2.62676e-07
2.91179e-07
3.21316e-07
3.53039e-07
3.86286e-07
4.20986e-07
4.5706e-07
4.94429e-07
5.33021e-07
5.72779e-07
6.1367e-07
6.55702e-07
6.98935e-07
7.43503e-07
7.89635e-07
8.3768e-07
8.8814e-07
9.41708e-07
9.99319e-07
1.0622e-06
1.13198e-06
1.21074e-06
1.30121e-06
1.40699e-06
1.53278e-06
1.6849e-06
1.8719e-06
2.10563e-06
2.40281e-06
2.78758e-06
3.29571e-06
3.9816e-06
4.9303e-06
6.27847e-06
8.21675e-06
1.11198e-05
1.56332e-05
2.28695e-05
3.48007e-05
5.49203e-05
8.9372e-05
0.000148854
0.000251826
0.00042991
0.000736991
0.00126453
0.00216734
0.00370736
0.00632875
0.01079
0.0184003
0.0300157
0.0434895
0.0576336
0.0717842
0.0855714
0.0987933
0.111343
0.123168
0.134246
0.144572
0.154154
0.163003
0.171137
0.178576
0.185345
0.19147
0.19698
0.201908
0.206287
0.210153
0.213545
0.2165
0.219058
0.221258
0.223138
0.224735
0.226083
0.227215
0.228162
0.229018
0.229715
2.34436e-09
7.61253e-09
1.35439e-08
2.02124e-08
2.76955e-08
3.60749e-08
4.54351e-08
5.58625e-08
6.74442e-08
8.02665e-08
9.4413e-08
1.09963e-07
1.2699e-07
1.45557e-07
1.6572e-07
1.87519e-07
2.10984e-07
2.36127e-07
2.62944e-07
2.91416e-07
3.21508e-07
3.53169e-07
3.86335e-07
4.20931e-07
4.56879e-07
4.94097e-07
5.32511e-07
5.72062e-07
6.12716e-07
6.54478e-07
6.97409e-07
7.41639e-07
7.87395e-07
8.35023e-07
8.8502e-07
9.38072e-07
9.95102e-07
1.05733e-06
1.12634e-06
1.20422e-06
1.29364e-06
1.39813e-06
1.52233e-06
1.67243e-06
1.85681e-06
2.08706e-06
2.37951e-06
2.75771e-06
3.25647e-06
3.92862e-06
4.85657e-06
6.17249e-06
8.06437e-06
1.08852e-05
1.52602e-05
2.22577e-05
3.37703e-05
5.31505e-05
8.6297e-05
0.000143488
0.000242465
0.000413638
0.000708841
0.00121608
0.00208435
0.00356577
0.00608773
0.0103797
0.0177
0.029159
0.042554
0.0566659
0.0708128
0.0846149
0.0978637
0.110449
0.122315
0.133438
0.143814
0.153447
0.162349
0.170537
0.17803
0.184852
0.191029
0.19659
0.201565
0.205989
0.209898
0.213329
0.216319
0.218909
0.221137
0.223042
0.22466
0.226027
0.227175
0.228135
0.229003
0.22971
2.3515e-09
7.63562e-09
1.35848e-08
2.02729e-08
2.77777e-08
3.61806e-08
4.55662e-08
5.60206e-08
6.76307e-08
8.04821e-08
9.46581e-08
1.10237e-07
1.27291e-07
1.45882e-07
1.66065e-07
1.87879e-07
2.11349e-07
2.36488e-07
2.6329e-07
2.91732e-07
3.21777e-07
3.53371e-07
3.86449e-07
4.20935e-07
4.56744e-07
4.93795e-07
5.32013e-07
5.71335e-07
6.11726e-07
6.53191e-07
6.95787e-07
7.39644e-07
7.84985e-07
8.32151e-07
8.81636e-07
9.34117e-07
9.90507e-07
1.05201e-06
1.12019e-06
1.19709e-06
1.28536e-06
1.38844e-06
1.5109e-06
1.65878e-06
1.8403e-06
2.06675e-06
2.35405e-06
2.7251e-06
3.21366e-06
3.87089e-06
4.77635e-06
6.05739e-06
7.89896e-06
1.0631e-05
1.48569e-05
2.15974e-05
3.26593e-05
5.12434e-05
8.29832e-05
0.0001377
0.00023236
0.000396047
0.000678359
0.00116351
0.00199413
0.00341147
0.00582445
0.00993034
0.0169306
0.0282041
0.0415042
0.0555754
0.0697153
0.0835318
0.0968093
0.109433
0.121345
0.13252
0.14295
0.152641
0.161603
0.169852
0.177406
0.184288
0.190524
0.196142
0.201173
0.205648
0.209605
0.21308
0.216111
0.218738
0.220998
0.222932
0.224574
0.225963
0.227129
0.228104
0.228987
0.229706
2.36003e-09
7.66321e-09
1.36336e-08
2.03453e-08
2.7876e-08
3.63073e-08
4.57234e-08
5.62104e-08
6.78548e-08
8.07418e-08
9.49537e-08
1.10568e-07
1.27656e-07
1.46278e-07
1.66487e-07
1.8832e-07
2.11802e-07
2.36941e-07
2.63729e-07
2.92141e-07
3.22138e-07
3.53664e-07
3.86648e-07
4.21014e-07
4.56675e-07
4.93547e-07
5.31552e-07
5.70627e-07
6.10734e-07
6.51876e-07
6.94109e-07
7.3756e-07
7.8245e-07
8.29117e-07
8.78047e-07
9.29913e-07
9.85612e-07
1.04633e-06
1.11362e-06
1.18947e-06
1.2765e-06
1.37808e-06
1.49868e-06
1.64421e-06
1.82268e-06
2.0451e-06
2.32695e-06
2.69044e-06
3.16825e-06
3.80977e-06
4.69165e-06
5.93619e-06
7.72509e-06
1.03647e-05
1.44357e-05
2.09097e-05
3.15054e-05
4.92664e-05
7.95526e-05
0.000131714
0.000221912
0.000377864
0.000646854
0.00110919
0.00190089
0.00325203
0.00555241
0.00946618
0.0161364
0.0271765
0.0403552
0.0543717
0.0684978
0.0823265
0.0956334
0.108298
0.12026
0.13149
0.141981
0.151736
0.160764
0.16908
0.176703
0.183653
0.189955
0.195637
0.200729
0.205263
0.209274
0.2128
0.215876
0.218544
0.220841
0.222807
0.224478
0.22589
0.227077
0.22807
0.228968
0.2297
2.37016e-09
7.69598e-09
1.36917e-08
2.04313e-08
2.79929e-08
3.64579e-08
4.59106e-08
5.64366e-08
6.81222e-08
8.10519e-08
9.53073e-08
1.10965e-07
1.28094e-07
1.46755e-07
1.66997e-07
1.88856e-07
2.12354e-07
2.37498e-07
2.64276e-07
2.92661e-07
3.22611e-07
3.54065e-07
3.86953e-07
4.21194e-07
4.56699e-07
4.9338e-07
5.31158e-07
5.69968e-07
6.09772e-07
6.5057e-07
6.92415e-07
7.35434e-07
7.79844e-07
8.2598e-07
8.74323e-07
9.25536e-07
9.80506e-07
1.0404e-06
1.10675e-06
1.18151e-06
1.26724e-06
1.36726e-06
1.48592e-06
1.629e-06
1.80432e-06
2.02258e-06
2.2988e-06
2.65451e-06
3.1213e-06
3.74677e-06
4.60461e-06
5.8121e-06
7.54761e-06
1.00941e-05
1.40096e-05
2.0217e-05
3.03475e-05
4.72898e-05
7.61333e-05
0.000125764
0.000211553
0.000359884
0.000615785
0.00105577
0.00180949
0.00309624
0.00528751
0.00901567
0.0153678
0.0261073
0.0391277
0.0530695
0.0671716
0.0810081
0.0943435
0.107051
0.119065
0.130355
0.140911
0.150735
0.159835
0.168225
0.175922
0.182946
0.189322
0.195075
0.200235
0.204834
0.208905
0.212486
0.215614
0.218328
0.220666
0.222667
0.22437
0.225809
0.227019
0.228031
0.228948
0.229694
2.38204e-09
7.73442e-09
1.37598e-08
2.05324e-08
2.81304e-08
3.66352e-08
4.6131e-08
5.67034e-08
6.84378e-08
8.14184e-08
9.57256e-08
1.11435e-07
1.28614e-07
1.47321e-07
1.67604e-07
1.89497e-07
2.13019e-07
2.38173e-07
2.64945e-07
2.93306e-07
3.23209e-07
3.54593e-07
3.87382e-07
4.21492e-07
4.56834e-07
4.93317e-07
5.30858e-07
5.69391e-07
6.08877e-07
6.49313e-07
6.90752e-07
7.33318e-07
7.77227e-07
8.2281e-07
8.70541e-07
9.21077e-07
9.75293e-07
1.03434e-06
1.09972e-06
1.17336e-06
1.25776e-06
1.35618e-06
1.47287e-06
1.61347e-06
1.78559e-06
1.99965e-06
2.2702e-06
2.61808e-06
3.07381e-06
3.68323e-06
4.51712e-06
5.68783e-06
7.37044e-06
9.82519e-06
1.35881e-05
1.95352e-05
2.92132e-05
4.53616e-05
7.28107e-05
0.000120004
0.000201564
0.000342619
0.000586106
0.00100507
0.0017234
0.00295095
0.00504354
0.00860749
0.0146861
0.0250313
0.0378454
0.0516876
0.065753
0.0795912
0.0929528
0.105703
0.117771
0.129123
0.139749
0.149646
0.158823
0.167292
0.175069
0.182173
0.188628
0.194458
0.199692
0.204361
0.208499
0.212142
0.215325
0.21809
0.220473
0.222514
0.224251
0.22572
0.226955
0.227989
0.228925
0.229688
2.39591e-09
7.77934e-09
1.38394e-08
2.06506e-08
2.82912e-08
3.68428e-08
4.63893e-08
5.70159e-08
6.88078e-08
8.1848e-08
9.62161e-08
1.11986e-07
1.29224e-07
1.47987e-07
1.6832e-07
1.90254e-07
2.13806e-07
2.38976e-07
2.65747e-07
2.94088e-07
3.23947e-07
3.55259e-07
3.87949e-07
4.21927e-07
4.57101e-07
4.93379e-07
5.30676e-07
5.68924e-07
6.08081e-07
6.48144e-07
6.89166e-07
7.31267e-07
7.74662e-07
8.19678e-07
8.66786e-07
9.16633e-07
9.70085e-07
1.02827e-06
1.09268e-06
1.16519e-06
1.24826e-06
1.34509e-06
1.45981e-06
1.59795e-06
1.7669e-06
1.97678e-06
2.24172e-06
2.58188e-06
3.0267e-06
3.62032e-06
4.43069e-06
5.56535e-06
7.19603e-06
9.56144e-06
1.31762e-05
1.8871e-05
2.81116e-05
4.34933e-05
6.95966e-05
0.000114437
0.000191915
0.000325946
0.00055744
0.000956071
0.00164015
0.00281025
0.00480674
0.00820981
0.0140179
0.0239298
0.0365134
0.0502415
0.0642616
0.0780969
0.0914825
0.104274
0.116397
0.127814
0.13851
0.148484
0.157741
0.166293
0.174154
0.181343
0.187881
0.193793
0.199106
0.203851
0.20806
0.211768
0.215012
0.217831
0.220263
0.222347
0.224122
0.225623
0.226886
0.227943
0.2289
0.22968
2.41179e-09
7.83076e-09
1.39306e-08
2.07862e-08
2.8476e-08
3.70814e-08
4.66864e-08
5.73757e-08
6.92338e-08
8.23428e-08
9.67811e-08
1.12621e-07
1.29927e-07
1.48754e-07
1.69144e-07
1.91127e-07
2.14716e-07
2.39908e-07
2.66684e-07
2.95007e-07
3.24825e-07
3.56069e-07
3.88659e-07
4.22504e-07
4.57509e-07
4.93581e-07
5.30631e-07
5.6859e-07
6.07414e-07
6.47102e-07
6.87702e-07
7.29336e-07
7.72215e-07
8.16664e-07
8.63151e-07
9.12314e-07
9.65008e-07
1.02235e-06
1.08579e-06
1.1572e-06
1.23898e-06
1.33424e-06
1.44706e-06
1.5828e-06
1.74867e-06
1.9545e-06
2.214e-06
2.54668e-06
2.98095e-06
3.55932e-06
4.34702e-06
5.44701e-06
7.02613e-06
9.30558e-06
1.27776e-05
1.82296e-05
2.70488e-05
4.16918e-05
6.64957e-05
0.000109059
0.000182574
0.000309761
0.000529525
0.000908185
0.00155845
0.00267152
0.00457203
0.00781337
0.0133475
0.0228112
0.035154
0.0487604
0.0627301
0.0765587
0.0899659
0.102798
0.114975
0.126455
0.137223
0.147273
0.156611
0.165247
0.173194
0.18047
0.187095
0.193091
0.198487
0.20331
0.207594
0.211371
0.214679
0.217556
0.22004
0.22217
0.223984
0.22552
0.226813
0.227895
0.228874
0.229673
2.4299e-09
7.88945e-09
1.40348e-08
2.09412e-08
2.86871e-08
3.7354e-08
4.70255e-08
5.77859e-08
6.97186e-08
8.29049e-08
9.74215e-08
1.13339e-07
1.30721e-07
1.49619e-07
1.70074e-07
1.92111e-07
2.15742e-07
2.40961e-07
2.67745e-07
2.96054e-07
3.25834e-07
3.57011e-07
3.89504e-07
4.23218e-07
4.58057e-07
4.93923e-07
5.30728e-07
5.68401e-07
6.06898e-07
6.46215e-07
6.864e-07
7.27576e-07
7.69951e-07
8.13849e-07
8.59732e-07
9.08234e-07
9.602e-07
1.01673e-06
1.07926e-06
1.14961e-06
1.23016e-06
1.32395e-06
1.43495e-06
1.56842e-06
1.73138e-06
1.93338e-06
2.18775e-06
2.51337e-06
2.93771e-06
3.50174e-06
4.26818e-06
5.33574e-06
6.8639e-06
9.06233e-06
1.23995e-05
1.76217e-05
2.60421e-05
3.99847e-05
6.35544e-05
0.000103949
0.000173676
0.0002943
0.000502777
0.000862155
0.00147966
0.00253735
0.00434443
0.0074281
0.0126951
0.0217101
0.0338101
0.0472923
0.0612085
0.0750274
0.088453
0.101323
0.11355
0.125092
0.135927
0.146052
0.15547
0.164188
0.172219
0.179581
0.186291
0.192372
0.19785
0.202753
0.207111
0.21096
0.214333
0.21727
0.219807
0.221985
0.223841
0.225413
0.226736
0.227844
0.228847
0.229665
2.44959e-09
7.95332e-09
1.41484e-08
2.11103e-08
2.89178e-08
3.76521e-08
4.73963e-08
5.8234e-08
7.02476e-08
8.3517e-08
9.81178e-08
1.14119e-07
1.31581e-07
1.50555e-07
1.71077e-07
1.93173e-07
2.16849e-07
2.42098e-07
2.68893e-07
2.97193e-07
3.26937e-07
3.58052e-07
3.90452e-07
4.24042e-07
4.5872e-07
4.9439e-07
5.3096e-07
5.68361e-07
6.06544e-07
6.45507e-07
6.85299e-07
7.26041e-07
7.67941e-07
8.11321e-07
8.56641e-07
9.04528e-07
9.55819e-07
1.0116e-06
1.07329e-06
1.14268e-06
1.2221e-06
1.31454e-06
1.4239e-06
1.55531e-06
1.71561e-06
1.91414e-06
2.16383e-06
2.48303e-06
2.89832e-06
3.44928e-06
4.19632e-06
5.23426e-06
6.7158e-06
8.8403e-06
1.20545e-05
1.70674e-05
2.51242e-05
3.84276e-05
6.08685e-05
9.92734e-05
0.000165516
0.000280082
0.000478106
0.000819568
0.00140655
0.00241246
0.00413195
0.00706747
0.0120828
0.0206727
0.0325412
0.0459033
0.0597661
0.073573
0.0870133
0.0999159
0.112189
0.123785
0.134683
0.144877
0.154367
0.163161
0.171271
0.178713
0.185504
0.191665
0.197222
0.202201
0.206633
0.21055
0.213988
0.216983
0.219574
0.2218
0.223697
0.225305
0.226659
0.227793
0.22882
0.229657
2.47081e-09
8.02224e-09
1.4271e-08
2.12929e-08
2.91662e-08
3.79716e-08
4.77915e-08
5.87084e-08
7.08039e-08
8.41566e-08
9.88409e-08
1.14924e-07
1.32466e-07
1.51513e-07
1.72103e-07
1.94255e-07
2.17977e-07
2.43256e-07
2.70064e-07
2.98355e-07
3.28068e-07
3.59127e-07
3.91442e-07
4.24916e-07
4.59447e-07
4.94936e-07
5.31292e-07
5.68442e-07
6.06341e-07
6.44984e-07
6.84422e-07
7.24775e-07
7.66251e-07
8.09171e-07
8.53993e-07
9.0134e-07
9.52041e-07
1.00717e-06
1.06813e-06
1.13669e-06
1.21515e-06
1.30644e-06
1.41439e-06
1.54402e-06
1.70207e-06
1.89762e-06
2.14332e-06
2.45702e-06
2.86457e-06
3.40436e-06
4.13484e-06
5.14751e-06
6.58934e-06
8.65081e-06
1.17603e-05
1.65949e-05
2.43422e-05
3.71008e-05
5.85778e-05
9.52799e-05
0.000158531
0.000267882
0.000456878
0.000782823
0.00134329
0.00230413
0.00394723
0.00675331
0.0115486
0.0197646
0.0314282
0.0446828
0.0584965
0.0722905
0.0857412
0.0986699
0.11098
0.122622
0.133572
0.143823
0.153375
0.162234
0.170412
0.177922
0.184783
0.191015
0.196641
0.201687
0.206185
0.210164
0.213661
0.21671
0.219351
0.221621
0.223559
0.225201
0.226585
0.227744
0.228793
0.229649
2.49033e-09
8.08577e-09
1.43844e-08
2.14619e-08
2.93962e-08
3.82674e-08
4.8157e-08
5.91468e-08
7.13172e-08
8.47461e-08
9.95064e-08
1.15664e-07
1.33278e-07
1.52392e-07
1.73042e-07
1.95247e-07
2.19009e-07
2.44316e-07
2.71136e-07
2.99422e-07
3.2911e-07
3.60122e-07
3.92366e-07
4.25743e-07
4.60152e-07
4.9549e-07
5.31667e-07
5.6861e-07
6.06274e-07
6.44655e-07
6.83803e-07
7.23839e-07
7.64973e-07
8.07524e-07
8.5195e-07
8.9887e-07
9.49107e-07
1.00373e-06
1.06412e-06
1.13205e-06
1.20976e-06
1.30016e-06
1.40704e-06
1.53533e-06
1.69165e-06
1.88495e-06
2.12761e-06
2.43715e-06
2.83885e-06
3.37021e-06
4.08822e-06
5.08191e-06
6.49399e-06
8.50811e-06
1.1539e-05
1.62398e-05
2.37548e-05
3.61044e-05
5.68565e-05
9.22754e-05
0.000153266
0.000258662
0.00044079
0.00075489
0.00129506
0.00222127
0.00380554
0.0065118
0.0111372
0.0190638
0.030568
0.0437381
0.0575121
0.0712942
0.0847508
0.0976972
0.110034
0.121708
0.132696
0.142988
0.152585
0.161492
0.169721
0.177284
0.184198
0.190484
0.196164
0.201264
0.205813
0.209843
0.213387
0.216481
0.219163
0.22147
0.223441
0.225113
0.226522
0.227703
0.228771
0.229643
2.50681e-09
8.13903e-09
1.4478e-08
2.15988e-08
2.95791e-08
3.8499e-08
4.84398e-08
5.9483e-08
7.17086e-08
8.51936e-08
1.0001e-07
1.16223e-07
1.33889e-07
1.53053e-07
1.73747e-07
1.95989e-07
2.1978e-07
2.45107e-07
2.71936e-07
3.00218e-07
3.29888e-07
3.60866e-07
3.9306e-07
4.26371e-07
4.60694e-07
4.9593e-07
5.31986e-07
5.6879e-07
6.06298e-07
6.44507e-07
6.83466e-07
7.23298e-07
7.64213e-07
8.06532e-07
8.50709e-07
8.97364e-07
9.47317e-07
1.00163e-06
1.06168e-06
1.12922e-06
1.20649e-06
1.29637e-06
1.40261e-06
1.53011e-06
1.68542e-06
1.87739e-06
2.11829e-06
2.42541e-06
2.82374e-06
3.35026e-06
4.06116e-06
5.04413e-06
6.43957e-06
8.42715e-06
1.14139e-05
1.60398e-05
2.34251e-05
3.55465e-05
5.58951e-05
9.05997e-05
0.000150332
0.000253526
0.000431825
0.000739307
0.00126809
0.00217483
0.0037259
0.00637564
0.0109048
0.0186667
0.0300798
0.0432012
0.0569515
0.0707252
0.0841829
0.097137
0.109486
0.121176
0.132183
0.142496
0.152116
0.161049
0.169304
0.176895
0.183839
0.190155
0.195865
0.200996
0.205576
0.209635
0.213208
0.21633
0.219037
0.221368
0.22336
0.225052
0.226478
0.227673
0.228755
0.229638
)
;

boundaryField
{
    fuel
    {
        type            fixedValue;
        value           uniform 0;
    }
    air
    {
        type            fixedValue;
        value           uniform 0.23;
    }
    outlet
    {
        type            inletOutlet;
        inletValue      uniform 0;
        value           nonuniform List<scalar> 
200
(
2.5068e-09
8.13897e-09
1.44779e-08
2.15986e-08
2.95789e-08
3.84988e-08
4.84395e-08
5.94827e-08
7.17082e-08
8.51932e-08
1.0001e-07
1.16223e-07
1.33888e-07
1.53052e-07
1.73746e-07
1.95988e-07
2.1978e-07
2.45106e-07
2.71935e-07
3.00218e-07
3.29888e-07
3.60866e-07
3.9306e-07
4.26371e-07
4.60694e-07
4.9593e-07
5.31986e-07
5.68791e-07
6.06299e-07
6.44507e-07
6.83467e-07
7.23299e-07
7.64214e-07
8.06532e-07
8.50709e-07
8.97364e-07
9.47316e-07
1.00163e-06
1.06168e-06
1.12922e-06
1.20649e-06
1.29637e-06
1.4026e-06
1.5301e-06
1.68541e-06
1.87738e-06
2.11828e-06
2.4254e-06
2.82372e-06
3.35024e-06
4.06112e-06
5.04408e-06
6.43949e-06
8.42703e-06
1.14137e-05
1.60396e-05
2.34246e-05
3.55457e-05
5.58937e-05
9.05973e-05
0.000150328
0.000253518
0.000431812
0.000739284
0.00126805
0.00217477
0.00372578
0.00637544
0.0109044
0.0186661
0.0300791
0.0432003
0.0569506
0.0707242
0.084182
0.0971361
0.109485
0.121175
0.132182
0.142495
0.152115
0.161048
0.169303
0.176894
0.183838
0.190154
0.195865
0.200996
0.205575
0.209635
0.213208
0.216329
0.219037
0.221368
0.22336
0.225052
0.226478
0.227673
0.228755
0.229638
2.50681e-09
8.13903e-09
1.4478e-08
2.15988e-08
2.95791e-08
3.8499e-08
4.84398e-08
5.9483e-08
7.17086e-08
8.51936e-08
1.0001e-07
1.16223e-07
1.33889e-07
1.53053e-07
1.73747e-07
1.95989e-07
2.1978e-07
2.45107e-07
2.71936e-07
3.00218e-07
3.29888e-07
3.60866e-07
3.9306e-07
4.26371e-07
4.60694e-07
4.9593e-07
5.31986e-07
5.6879e-07
6.06298e-07
6.44507e-07
6.83466e-07
7.23298e-07
7.64213e-07
8.06532e-07
8.50709e-07
8.97364e-07
9.47317e-07
1.00163e-06
1.06168e-06
1.12922e-06
1.20649e-06
1.29637e-06
1.40261e-06
1.53011e-06
1.68542e-06
1.87739e-06
2.11829e-06
2.42541e-06
2.82374e-06
3.35026e-06
4.06116e-06
5.04413e-06
6.43957e-06
8.42715e-06
1.14139e-05
1.60398e-05
2.34251e-05
3.55465e-05
5.58951e-05
9.05997e-05
0.000150332
0.000253526
0.000431825
0.000739307
0.00126809
0.00217483
0.0037259
0.00637564
0.0109048
0.0186667
0.0300798
0.0432012
0.0569515
0.0707252
0.0841829
0.097137
0.109486
0.121176
0.132183
0.142496
0.152116
0.161049
0.169304
0.176895
0.183839
0.190155
0.195865
0.200996
0.205576
0.209635
0.213208
0.21633
0.219037
0.221368
0.22336
0.225052
0.226478
0.227673
0.228755
0.229638
)
;
    }
    frontAndBack
    {
        type            empty;
    }
}


// ************************************************************************* //
