/*--------------------------------*- C++ -*----------------------------------*\
| =========                 |                                                 |
| \\      /  F ield         | OpenFOAM: The Open Source CFD Toolbox           |
|  \\    /   O peration     | Version:  2312                                  |
|   \\  /    A nd           | Website:  www.openfoam.com                      |
|    \\/     M anipulation  |                                                 |
\*---------------------------------------------------------------------------*/
FoamFile
{
    version     2.0;
    format      ascii;
    arch        "LSB;label=64;scalar=64";
    class       volVectorField;
    location    "1.05";
    object      U;
}
// * * * * * * * * * * * * * * * * * * * * * * * * * * * * * * * * * * * * * //

dimensions      [0 1 -1 0 0 0 0];

internalField   nonuniform List<vector> 
150
(
(1.51891e-05 0 0)
(4.22714e-05 0 0)
(6.48524e-05 0 0)
(8.7948e-05 0 0)
(0.000112964 0 0)
(0.000136918 0 0)
(0.000161887 0 0)
(0.00018562 0 0)
(0.000210681 0 0)
(0.000234155 0 0)
(0.000259189 0 0)
(0.000282303 0 0)
(0.000307287 0 0)
(0.000329971 0 0)
(0.000354862 0 0)
(0.000377057 0 0)
(0.00040182 0 0)
(0.00042347 0 0)
(0.000448071 0 0)
(0.000469123 0 0)
(0.000493527 0 0)
(0.000513932 0 0)
(0.000538105 0 0)
(0.000557817 0 0)
(0.00058172 0 0)
(0.000600703 0 0)
(0.000624287 0 0)
(0.000642518 0 0)
(0.000665731 0 0)
(0.000683184 0 0)
(0.000705973 0 0)
(0.000722635 0 0)
(0.000744942 0 0)
(0.0007608 0 0)
(0.000782564 0 0)
(0.000797617 0 0)
(0.000818773 0 0)
(0.000833018 0 0)
(0.000853502 0 0)
(0.000866946 0 0)
(0.000886692 0 0)
(0.00089934 0 0)
(0.000918284 0 0)
(0.000930144 0 0)
(0.000948221 0 0)
(0.000959304 0 0)
(0.000976456 0 0)
(0.000986768 0 0)
(0.00100294 0 0)
(0.00101249 0 0)
(0.00102763 0 0)
(0.00103642 0 0)
(0.00105048 0 0)
(0.00105851 0 0)
(0.00107147 0 0)
(0.00107874 0 0)
(0.00109055 0 0)
(0.00109705 0 0)
(0.00110769 0 0)
(0.00111343 0 0)
(0.00112286 0 0)
(0.00112785 0 0)
(0.00113603 0 0)
(0.00114028 0 0)
(0.0011472 0 0)
(0.00115068 0 0)
(0.00115634 0 0)
(0.00115907 0 0)
(0.00116342 0 0)
(0.00116549 0 0)
(0.00116858 0 0)
(0.00116972 0 0)
(0.00117184 0 0)
(0.00117157 0 0)
(0.00117309 0 0)
(0.00117132 0 0)
(0.00117233 0 0)
(0.00116908 0 0)
(0.00116947 0 0)
(0.00116487 0 0)
(0.00116451 0 0)
(0.00115866 0 0)
(0.00115746 0 0)
(0.00115049 0 0)
(0.00114835 0 0)
(0.00114035 0 0)
(0.0011372 0 0)
(0.00112827 0 0)
(0.00112404 0 0)
(0.00111425 0 0)
(0.0011089 0 0)
(0.00109831 0 0)
(0.00109182 0 0)
(0.00108048 0 0)
(0.00107283 0 0)
(0.00106078 0 0)
(0.00105199 0 0)
(0.00103924 0 0)
(0.00102932 0 0)
(0.0010159 0 0)
(0.00100488 0 0)
(0.000990792 0 0)
(0.000978715 0 0)
(0.000963966 0 0)
(0.000950871 0 0)
(0.000935467 0 0)
(0.000921399 0 0)
(0.000905345 0 0)
(0.000890349 0 0)
(0.000873653 0 0)
(0.000857779 0 0)
(0.00084045 0 0)
(0.000823742 0 0)
(0.000805794 0 0)
(0.0007883 0 0)
(0.000769747 0 0)
(0.000751511 0 0)
(0.000732372 0 0)
(0.00071344 0 0)
(0.000693737 0 0)
(0.000674151 0 0)
(0.000653909 0 0)
(0.000633713 0 0)
(0.00061296 0 0)
(0.000592195 0 0)
(0.00057096 0 0)
(0.00054967 0 0)
(0.000527983 0 0)
(0.00050621 0 0)
(0.000484104 0 0)
(0.000461891 0 0)
(0.000439402 0 0)
(0.00041679 0 0)
(0.000393954 0 0)
(0.000370987 0 0)
(0.000347844 0 0)
(0.000324565 0 0)
(0.000301154 0 0)
(0.000277615 0 0)
(0.000253968 0 0)
(0.00023023 0 0)
(0.000206389 0 0)
(0.000182496 0 0)
(0.000158573 0 0)
(0.000134586 0 0)
(0.000110654 0 0)
(8.64299e-05 0 0)
(6.35398e-05 0 0)
(4.15331e-05 0 0)
(1.4871e-05 0 0)
)
;

boundaryField
{
    leftAndRight
    {
        type            fixedValue;
        value           uniform (0 0 0);
    }
    frontAndBack
    {
        type            empty;
    }
    topAndBottom
    {
        type            empty;
    }
}


// ************************************************************************* //
