/*--------------------------------*- C++ -*----------------------------------*\
  =========                 |
  \\      /  F ield         | OpenFOAM: The Open Source CFD Toolbox
   \\    /   O peration     | Website:  https://openfoam.org
    \\  /    A nd           | Version:  14
     \\/     M anipulation  |
\*---------------------------------------------------------------------------*/
FoamFile
{
    format      ascii;
    class       volScalarField;
    location    "0.02";
    object      epsilon;
}
// * * * * * * * * * * * * * * * * * * * * * * * * * * * * * * * * * * * * * //

dimensions      [0 2 -3 0 0 0 0];

internalField   nonuniform List<scalar> 
3584
(
12922.6
12922.8
12922.8
12922.8
12922.8
12922.8
12922.8
12922.8
12922.8
12922.8
12922.8
12922.7
12922.7
12922.7
12922.6
12922.5
12922.2
12921.4
12918.9
12911.2
12887.7
12831.4
12762.1
12724.6
12715.7
12714.7
12714.7
12714.7
12714.7
12714.7
12714.7
12714.6
12922.6
12922.7
12922.7
12922.7
12922.7
12922.7
12922.7
12922.7
12922.7
12922.7
12922.7
12922.7
12922.7
12922.7
12922.6
12922.5
12922.1
12921.3
12918.9
12911.2
12887.6
12831.4
12762.1
12724.6
12715.7
12714.7
12714.7
12714.6
12714.6
12714.6
12714.6
12714.7
12922.6
12922.7
12922.7
12922.7
12922.7
12922.7
12922.7
12922.7
12922.7
12922.7
12922.7
12922.7
12922.7
12922.7
12922.6
12922.5
12922.2
12921.4
12918.9
12911.2
12887.6
12831.3
12762
12724.6
12715.7
12714.7
12714.6
12714.6
12714.6
12714.6
12714.7
12714.6
12922.6
12922.7
12922.7
12922.7
12922.7
12922.7
12922.7
12922.7
12922.7
12922.7
12922.7
12922.7
12922.7
12922.6
12922.6
12922.4
12922.1
12921.3
12918.8
12911.1
12887.5
12831.2
12761.9
12724.5
12715.6
12714.7
12714.6
12714.6
12714.6
12714.6
12714.7
12714.7
12922.3
12922.5
12922.5
12922.5
12922.5
12922.5
12922.5
12922.5
12922.5
12922.5
12922.5
12922.4
12922.4
12922.4
12922.3
12922.1
12921.8
12921.1
12918.6
12910.9
12887.3
12831
12761.8
12724.4
12715.5
12714.5
12714.4
12714.4
12714.6
12714.6
12714.4
12714.2
12921.5
12921.7
12921.7
12921.7
12921.7
12921.7
12921.7
12921.6
12921.6
12921.6
12921.6
12921.5
12921.5
12921.4
12921.3
12921.1
12920.8
12920
12917.6
12910.1
12886.9
12831.4
12763.2
12725.4
12715.7
12714.1
12713.6
12714.3
12714.6
12715.2
12715.3
12714.7
12918
12918.2
12918.2
12918.2
12918.2
12918.2
12918.1
12918.1
12918
12917.9
12917.8
12917.6
12917.5
12917.3
12917.3
12917.2
12917
12916.6
12915.3
12910.8
12894.5
12846
12783.7
12738.4
12719.3
12712.3
12712.1
12714.3
12714.4
12714.1
12714.6
12715
12937.9
12938.1
12938.1
12938.1
12938.1
12938.1
12938.2
12938.2
12938.3
12938.4
12938.6
12938.9
12939.4
12940
12941.1
12943
12946.4
12953.5
12968.3
12995.4
13023.6
12990.7
12922.7
12804.5
12728.2
12703.9
12711.6
12713
12715.8
12714.1
12714.2
12714.8
13305.4
13305.6
13305.6
13305.6
13305.7
13305.8
13305.9
13306
13306.3
13306.7
13307.5
13309
13311.6
13316.3
13324.7
13340.3
13369.9
13428.4
13543.6
13730.3
13868.4
13726
13405.2
12977.7
12732.8
12697.7
12709.6
12714.8
12715.1
12714.7
12714.8
12714.7
14851
14851.3
14851.5
14851.7
14852
14852.5
14853.1
14854.2
14856
14858.9
14864
14872.7
14887.8
14914
14960
15041.5
15189.9
15461.5
15935.3
16463
16428.6
15659.2
14477.8
13295
12736.8
12694.4
12712.7
12716
12713.6
12714.4
12715.1
12714.4
19005.6
19006.3
19006.8
19007.4
19008.2
19009.4
19011.2
19014
19018.6
19026
19038.2
19058.3
19092.1
19150.5
19254.3
19441.6
19798.9
20504.6
21610.6
22165.7
21162.6
19145.8
16204.3
13582.9
12694.2
12695.6
12712.8
12714.8
12713.8
12714.6
12714.5
12714.5
25465.3
25467
25468.2
25469.6
25471.5
25474.3
25478.5
25485.4
25496.8
25516.2
25549.4
25606.9
25707
25883.6
26201.8
26796.3
27965.1
30008.9
32019.5
31535.1
28856.1
24230.1
17709.9
13217.9
12658.2
12693.7
12709.3
12713
12714.9
12715.2
12714.2
12714.5
36302
36305.3
36308
36311.4
36315.8
36322.2
36332
36347.7
36373.7
36417.5
36492.3
36621.5
36848.7
37258.5
38027.8
39607.9
42750.6
46849.1
48673.7
45400.2
38687.5
28605.6
16087.9
12945.1
12640.8
12693.4
12709
12714.1
12715.8
12715
12714.4
12714.8
52441.6
52447.2
52452.9
52459.5
52468
52479.7
52497.2
52525
52570.7
52648.3
52783.3
53024.6
53472.2
54373.3
56446.5
61291.5
69228
75304.8
73901.5
64102.8
47513.4
25685.9
14636.5
12786.9
12642.5
12693.8
12712.3
12715.6
12714.9
12714.4
12715
12714.9
75664.6
75675.4
75686.7
75699.7
75716.4
75739.6
75774.8
75832.2
75929.7
76100.3
76406.4
76987.9
78232.1
81376.7
89461.3
104327
118749
122004
109275
83388.2
43817.4
20886.4
13825.7
12666.8
12645
12695.6
12713.3
12714.1
12713.7
12714.1
12715
12714.6
105580
105601
105623
105650
105684
105734
105811
105943
106176
106610
107481
109453
114699
129121
158061
188973
201558
188846
146760
82036.9
34932.8
17983.1
13367.4
12583.6
12653.6
12698.6
12711.4
12713.3
12714.4
12714.9
12714.9
12714.4
143240
143284
143335
143395
143479
143608
143821
144199
144915
146387
149785
158843
184259
239223
303801
334699
318119
261867
160200
66843.6
27903.4
16276.7
12976.4
12538.7
12659.6
12698.7
12709.7
12715.1
12715.7
12715.2
12714.5
12714.6
192902
193005
193130
193294
193541
193949
194673
196043
198847
205236
221744
266555
365990
492171
558119
533402
448327
303767
139911
50231.7
23149.5
15037.2
12693.6
12536.4
12665.4
12699.7
12710.6
12715.2
12715.2
12714.4
12714.3
12714.9
258881
259138
259476
259964
260767
262197
264918
270487
283052
314878
398404
574007
798740
928680
880329
722858
522109
270410
91711.7
36771
20280.5
14202
12547
12560.3
12672.9
12700.9
12711.1
12713.5
12713.9
12714.2
12714.4
12714.7
355284
356071
357182
358937
362030
367908
379944
407067
475321
652598
995117
1371050
1568850
1493030
1201240
810727
440951
165267
60463.3
30614.9
18484.1
13675
12511.4
12600.3
12680
12702.2
12711.6
12714.2
12714.3
12714.9
12715
12714.4
552777
555673
559978
567331
581326
610354
676678
843629
1257450
2017170
2699070
2884200
2558180
2029770
1275740
625675
234708
102151
49213
27297.4
17393.1
13399.8
12547.7
12636.2
12685.8
12703.3
12714
12715.4
12715.4
12715.2
12714.9
12714.6
1045090
1060720
1084860
1129480
1222220
1431130
1922150
2969430
4555420
5743780
5934070
4728110
3274210
1893580
758590
279105
138206
81721.3
44830.6
25310.4
16658.9
13271.9
12627.6
12665.5
12689.9
12704.3
12713.7
12714.5
12715
12714.5
12714.5
12714.9
3237130
3411590
3664360
4123820
4997810
6563930
9063380
11841000
13771400
12618600
9601400
5417000
2539950
749793
290243
169613
116573
76382
42211.6
24115.3
16129.1
13213.6
12689.1
12686.6
12692.5
12705.1
12711.6
12713.7
12714.1
12714.2
12714.3
12714.7
31099700
31859800
32523600
33125000
33925900
35160700
37697400
38040500
31240800
19307700
9085510
2533690
587093
289550
207432
154289
113255
74154.8
40395.9
23206.4
15707
13203.7
12733.4
12696.6
12694.9
12705.9
12712.2
12714.1
12714.6
12714.4
12714.6
12714.5
1775610000
560822000
321375000
228403000
185515000
163633000
138844000
96014100
40863500
10029400
1801180
560893
325449
252662
200291
153567
112890
75799.6
39178.5
22331.2
15348.7
13178.8
12744.9
12697.9
12698.5
12706.7
12714.4
12715.2
12715.2
12715
12715
12714.5
596946000
892803000
456028000
230990000
133012000
82748800
51901400
31767900
16413700
5445530
1368800
485965
307915
250887
203472
156728
113506
79081.9
38871
21572.5
15017.5
13127.4
12743.1
12699.4
12701.4
12707.2
12713.8
12715.1
12714.6
12715
12714.8
12714.6
918794000
1589380000
792964000
355202000
170766000
90177000
50747500
29445200
16148900
6117550
1563220
500376
312559
257887
209815
160471
116741
82100.3
38075.3
20839.8
14701.7
13050.4
12733.2
12699.4
12700.9
12707.8
12713.1
12714.2
12714.3
12714.7
12714.4
12714.6
1080010000
1885620000
1002050000
452094000
211700000
105434000
55996600
31456200
17255800
7107350
1968640
570022
330558
270359
218888
166330
122330
85766.7
37290.9
20129.5
14369.4
12966.9
12724.5
12700.2
12701.6
12709.7
12714.1
12714
12714.6
12714.4
12714.5
12714.7
1164600000
2024950000
1140020000
523577000
247114000
122850000
63937900
34805800
18956900
8426400
2500150
686339
360664
289733
232556
174409
128404
90579.5
36817.3
19376.8
14042.8
12892.8
12716.2
12700.1
12702.4
12710
12714
12714.7
12715
12714.5
12714.8
12714.8
1197930000
2070310000
1222780000
572578000
273772000
137544000
72121100
38939000
20879000
9776690
3077670
817895
406970
314671
251543
186160
137002
95075.3
36652.2
18590.5
13744.9
12831.4
12710.9
12700.5
12703.4
12709.7
12713.6
12715.1
12714.9
12714.9
12714.7
12714.7
1276260000
2227230000
1330760000
630330000
303520000
152561000
79377900
42157300
22205700
10381200
3409960
939911
459026
356148
275645
200178
147011
99672.4
36714.7
17761
13485.2
12784.3
12707.1
12701.9
12704.2
12710.1
12713.9
12714.5
12714.6
12714.8
12714.5
12714.8
1290050000
2276640000
1362080000
650652000
315590000
159351000
83021400
44000900
23014100
10742300
3618870
1030330
507748
399153
309913
218393
159086
104366
36094.1
16909.2
13261.3
12752.7
12705.3
12702.7
12704.8
12710.4
12714.5
12714.2
12714.4
12714.6
12714.6
12715.6
1299340000
2307460000
1386150000
668378000
327592000
167145000
87820700
46687400
24242900
11126500
3717220
1097000
560522
448440
361025
243485
175046
110041
34708.4
16085
13084.3
12732.4
12705.4
12703.9
12705.6
12710.8
12714.3
12714.4
12714.6
12714.6
12714.7
12719.1
1311750000
2325750000
1416940000
688756000
340101000
174984000
92892200
49905100
26022700
11829000
3936410
1214760
642870
515841
413979
286540
191787
115746
33301.2
15359.2
12951.3
12720.1
12706.4
12705.7
12706.4
12711.4
12713.9
12714.5
12714.8
12714.7
12714.7
12729.8
1414790000
2534130000
1531870000
745644000
369074000
190210000
100811000
53648400
27348800
11963200
3911760
1310490
737537
595110
473821
332451
215296
120861
31789.1
14714
12861.8
12713.4
12707
12706.9
12707.4
12711.6
12714.2
12714.8
12714.8
12714.7
12714.7
12741.2
1562610000
3000200000
1637700000
783188000
384344000
195720000
101630000
52443200
25416700
10183900
3297900
1296870
838849
686532
531743
371842
248907
127248
30169.1
14148.7
12805.5
12710.2
12707.5
12707.4
12708.1
12711.9
12714.4
12714.7
12714.6
12714.6
12714.8
12753.5
1453820000
2867710000
1510120000
718838000
352963000
179960000
93312000
47701900
22534000
8742440
3028840
1388820
974909
795345
597080
394277
261836
134507
28562
13683.7
12767.1
12708.8
12707.9
12707.8
12708.8
12712.7
12714.3
12714.6
12714.6
12714.6
12715
12766.8
1439900000
2892760000
1488680000
705305000
346102000
176896000
92040700
46789500
21316100
7982840
2958790
1572320
1184800
957993
692365
444381
270254
138521
26895.3
13291.7
12742.2
12708.5
12708
12708.1
12709.5
12713.3
12714.3
12714.6
12714.7
12714.7
12715.1
12781
1564710000
3374690000
1593920000
740606000
360300000
182472000
92882700
44554800
18246500
6625640
2894730
1842930
1468910
1168800
817479
511033
281297
133937
25122
13015.9
12728.7
12708.5
12708.1
12708.4
12710.8
12713
12714.5
12714.7
12714.7
12714.6
12715.4
12796
1528840000
3446110000
1550150000
710506000
342087000
170539000
83780900
37227200
14140600
5503870
2932960
2154030
1759140
1353330
904729
551988
284657
123581
23581.9
12849.9
12722.3
12709.4
12708.5
12710.3
12711.5
12713.2
12714.4
12714.6
12714.7
12714.6
12715.7
12812
1520050000
3510120000
1532440000
693613000
329038000
159471000
73575600
29927700
11484700
5335640
3424430
2689090
2163750
1592140
1020990
574397
272732
109179
22405.6
12764.7
12719.7
12711.1
12709.9
12710.6
12712.3
12713.5
12714.4
12714.6
12714.6
12714.7
12716.1
12829
1496240000
3788970000
1519180000
667071000
305849000
139325000
58127700
22516500
9780080
5580920
4073770
3296100
2575160
1807530
1115270
572694
250781
91559
21485.1
12742.9
12718.6
12712.5
12711.6
12711.5
12712.9
12713.8
12714.4
12714.6
12714.6
12714.7
12716.6
12846.9
1377980000
3677400000
1396930000
594862000
258948000
108088000
42227400
17650900
9288560
6277730
4963060
4004450
2982900
1990060
1130360
528438
215828
68900.9
19029.5
12735.8
12718.1
12713.5
12712.7
12712.7
12713.4
12714
12714.5
12714.6
12714.6
12714.7
12717.2
12865.4
1246300000
3627080000
1276660000
514637000
205814000
79899100
32716400
16144500
10045000
7502740
6090890
4768070
3371430
2087640
1075290
468256
166708
44449.8
15740.4
12731
12717.8
12714.2
12713.5
12713.5
12713.8
12714.2
12714.5
12714.6
12714.6
12714.7
12717.8
12884.6
1068010000
3332070000
1091730000
408353000
151888000
59664800
27938600
16326500
11480000
9075290
7377750
5538450
3700140
2074480
978593
388191
107232
26605.4
13796.8
12728.1
12717.7
12714.7
12714.1
12714
12714.2
12714.4
12714.6
12714.6
12714.6
12714.8
12718.6
12904.3
900366000
3000310000
908051000
311462000
114795000
50480700
27527500
18061600
13565100
10939100
8748950
6254970
3799410
1942920
842360
271222
57554.1
16944.5
13004.9
12726.6
12717.5
12715.1
12714.5
12714.3
12714.4
12714.5
12714.6
12714.6
12714.7
12714.8
12719.5
12924.1
737521000
2594100000
726652000
236302000
93814700
47202700
28879600
20459700
15945900
12874600
10105500
6704210
3667740
1765550
639876
136372
24582.7
13465.6
12787.8
12725.6
12717.3
12715.2
12714.7
12714.5
12714.5
12714.6
12714.6
12714.6
12714.7
12714.9
12720.4
12943.7
583123000
2120230000
566161000
188448000
84071300
47237900
31261500
23245500
18359800
14646300
11233900
6814670
3460320
1472000
332709
38776.8
14280
12821.3
12746.9
12724.4
12717.1
12715.3
12714.8
12714.6
12714.6
12714.6
12714.6
12714.6
12714.7
12714.9
12721.4
12962.9
444255000
1541560000
421707000
158174000
79497500
48537500
33977000
26061200
20486600
16026100
11922600
6713970
3167370
834839
69193.1
14882
12960
12761.9
12734.4
12722.2
12717
12715.4
12714.9
12714.7
12714.7
12714.6
12714.7
12714.7
12714.7
12715
12722.5
12981.4
392931000
1042460000
318465000
138731000
77186100
50299400
36730600
28582100
21960000
16749300
12373600
6596470
2399100
198339
18844.6
13206
12823.7
12748.1
12728.7
12720.8
12716.9
12715.5
12714.9
12714.7
12714.7
12714.7
12714.7
12714.7
12714.7
12715
12723.5
12999
2764560000
1074400000
299263000
133860000
77168200
52054500
38905600
29969900
22158100
17119600
13124800
5983850
891721
49458.5
14418.8
12937.1
12784.8
12741.4
12726.2
12719.9
12716.9
12715.5
12715
12714.8
12714.7
12714.7
12714.7
12714.7
12714.7
12715.1
12724.6
13015.4
2380290000
866317000
260644000
124417000
75068200
52637800
39706200
29668600
21602300
17843600
13926700
3471610
219593
22289.6
13436.2
12866.5
12769.9
12738.3
12725.2
12719.4
12716.8
12715.6
12715
12714.8
12714.7
12714.7
12714.7
12714.7
12714.7
12715.2
12725.6
13030.3
2032190000
691551000
225208000
113898000
71949700
52004600
38977200
28167100
21147000
19050200
12516100
1454780
79793.3
16968.5
13202
12842.1
12765.8
12736.8
12724.7
12719.2
12716.7
12715.6
12715.1
12714.8
12714.7
12714.7
12714.7
12714.7
12714.7
12715.2
12726.5
13043.6
1746520000
551729000
194414000
103947000
68346700
50360100
37173000
26697100
21453700
20209500
8757900
700486
49460.7
15539.4
13113.1
12834.4
12763.7
12736.5
12724.4
12719.1
12716.7
12715.6
12715.1
12714.8
12714.7
12714.7
12714.7
12714.7
12714.7
12715.3
12727.4
13055.3
1510470000
443791000
170801000
95962300
64875800
47876600
35156100
25930200
22659400
21410300
6691580
445166
39102.5
14973.3
13070.1
12828
12762.4
12735.8
12724.2
12719
12716.6
12715.6
12715.1
12714.9
12714.7
12714.7
12714.7
12714.7
12714.7
12715.4
12728.1
13065.1
1329530000
379270000
159436000
91026300
61212000
45580900
34107000
25844400
23300700
20798000
5829560
369497
34941.6
14682.5
13044.2
12824.2
12761.3
12735.5
12724
12718.9
12716.6
12715.6
12715.1
12714.9
12714.8
12714.7
12714.7
12714.7
12714.7
12715.4
12728.7
13073.2
1606750000
397956000
158320000
88895700
60444600
45190400
33827500
25679800
23284400
21390000
5588220
346546
33539.8
14577.2
13034.2
12822.9
12761.1
12735.4
12724
12718.9
12716.6
12715.6
12715.1
12714.9
12714.8
12714.7
12714.7
12714.7
12714.7
12715.4
12729.2
13079.4
1793370000
461612000
180414000
96470600
63334900
46362700
34232600
25394600
22824500
23345800
7107190
410581
35479
14651.1
13038
12823.6
12761.4
12735.6
12724.1
12719
12716.7
12715.7
12715.2
12714.9
12714.8
12714.7
12714.7
12714.7
12714.7
12715.5
12729.6
13083.7
1919710000
512862000
207917000
110998000
69744700
49511600
35885800
25610300
22149300
24582800
8998950
539187
40872.2
14961.3
13067.8
12830.4
12764.1
12737
12724.9
12719.5
12717
12715.8
12715.2
12714.9
12714.7
12714.7
12714.7
12714.7
12714.7
12715.5
12729.8
13086.2
2037560000
548544000
234718000
127288000
79196600
54715900
39761000
27675800
21481700
22199800
14484400
1040820
55927.7
15674.9
13119.9
12839.6
12767.6
12738.6
12725.8
12720
12717.3
12716
12715.2
12714.9
12714.7
12714.7
12714.7
12714.7
12714.7
12715.5
12729.8
13086.7
2156670000
568891000
259757000
143963000
89346000
61165700
44870600
32263800
22827800
21928100
24508900
3041720
110173
17427.3
13218.9
12855.6
12772.6
12740.8
12726.9
12720.6
12717.6
12716
12715.2
12714.9
12714.7
12714.7
12714.7
12714.7
12714.7
12715.5
12729.7
13085.2
1950280000
528604000
256652000
147006000
92674500
63702200
47181100
35519900
24324000
19838700
22300700
8490400
384847
24126.4
13492.9
12880.7
12780
12743.8
12728.4
12721.4
12718
12716
12715.2
12714.9
12714.7
12714.7
12714.7
12714.7
12714.7
12715.5
12729.4
13081.8
1701710000
508518000
237103000
134644000
84558200
57739600
42782000
33427900
25273200
18300800
18302000
14707700
1543290
47426.7
14231.6
12937.5
12791.9
12748.2
12730.3
12722.3
12718.3
12716.1
12715.2
12714.9
12714.7
12714.7
12714.7
12714.7
12714.7
12715.4
12729
13076.5
1337190000
497394000
211099000
116675000
72640900
49185100
36058500
28377600
22864800
17578100
16108200
14836100
5499090
163132
17206.1
13093.4
12813.6
12754.8
12733.3
12723.7
12718.4
12716.1
12715.2
12714.9
12714.7
12714.7
12714.7
12714.7
12714.7
12715.4
12728.4
13069.6
378768000
446773000
180893000
98662100
61044900
41055600
29806600
23323500
19213600
15761800
14303400
12969300
9367790
850986
31053.5
13676.7
12870
12767.9
12738.7
12725.6
12718.7
12716.2
12715.2
12714.9
12714.8
12714.7
12714.7
12714.7
12714.7
12715.3
12727.8
13061.2
260424000
472404000
178387000
90316600
53275300
34720300
24586800
18881400
15574700
13381400
12364800
11277100
8725720
3540240
143731
16555.5
13012.4
12794.8
12749.8
12727.7
12719.3
12716.4
12715.3
12714.9
12714.8
12714.7
12714.7
12714.7
12714.7
12715.3
12727.1
13051.4
215392000
571736000
200405000
89927900
48874400
30157000
20545900
15323900
12472400
10916500
10292200
9669040
7758060
4714080
1438530
38976.3
13579.6
12857.5
12767.5
12730.2
12720.4
12716.7
12715.4
12714.9
12714.8
12714.7
12714.7
12714.7
12714.7
12715.2
12726.3
13040.6
223407000
736681000
245540000
97749000
47913600
27461900
17714300
12665000
10012100
8703840
8230260
7892490
6759190
4475940
2278510
352370
17587.6
12995.1
12796
12735.3
12722.1
12717.3
12715.6
12715
12714.8
12714.7
12714.7
12714.7
12714.7
12715.2
12725.5
13028.9
259186000
907747000
306079000
115804000
51570800
26848600
16007100
10788600
8157200
6898670
6439050
6247430
5618790
4020340
2345250
915941
62882.3
13540
12839.8
12745
12724.8
12718.2
12716
12715.1
12714.8
12714.7
12714.7
12714.7
12714.7
12715.1
12724.6
13016.5
295776000
1031930000
360714000
138486000
58708100
28102200
15369500
9585670
6812330
5503850
4998760
4853640
4527220
3503090
2224410
1214480
252476
20356.7
12895.3
12759.6
12728.6
12719.4
12716.4
12715.3
12714.9
12714.8
12714.7
12714.7
12714.7
12715.1
12723.8
13003.7
329379000
1127330000
406697000
162645000
69050500
31199200
15583600
8883050
5852620
4454510
3885430
3730130
3567900
2910150
2004390
1194380
504907
45396.5
12948.1
12773
12732.3
12720.6
12716.8
12715.4
12715
12714.8
12714.7
12714.7
12714.7
12715
12723
12990.8
364702000
1223860000
450459000
187017000
81933800
36682900
17164200
8832060
5245560
3688740
3047610
2857000
2772430
2366050
1716720
1096550
613542
103035
13018.2
12781.3
12734.9
12721.6
12717.1
12715.5
12715
12714.8
12714.7
12714.7
12714.7
12715
12722.2
12977.9
402792000
1320160000
492003000
209613000
94928300
43443500
19814200
9426010
5040970
3203090
2454390
2210050
2147040
1903340
1441950
987121
591626
169868
13144.6
12787.5
12736.9
12722.2
12717.3
12715.6
12715
12714.8
12714.7
12714.7
12714.7
12714.9
12721.5
12965.2
438392000
1401120000
527496000
228630000
106314000
50364600
23394300
10773000
5252180
2964800
2058860
1747070
1673900
1527860
1203340
851658
537427
209494
13345.3
12795
12738.9
12722.9
12717.5
12715.7
12715.1
12714.8
12714.7
12714.7
12714.7
12714.9
12720.8
12952.8
462421000
1442830000
548062000
240218000
113785000
55638100
26759400
12379500
5723460
2918970
1821360
1432790
1333410
1238060
1008490
734916
491805
234540
13600.3
12806.6
12741.5
12723.5
12717.8
12715.8
12715.1
12714.8
12714.7
12714.7
12714.7
12714.8
12720.2
12940.8
472251000
1445360000
552910000
244033000
116952000
58530100
29248800
13965500
6337390
2986720
1681340
1218850
1091960
1023300
857745
642260
445349
241471
14006
12827.5
12745.1
12724.4
12718
12715.9
12715.1
12714.9
12714.7
12714.7
12714.7
12714.8
12719.7
12929.2
450982000
1360870000
522520000
231265000
111441000
56530400
29095500
14564500
6853970
3154560
1633180
1083220
922490
862760
739080
566039
389781
230651
14417
12852.7
12749.3
12725.3
12718.3
12716
12715.2
12714.9
12714.7
12714.7
12714.7
12714.8
12719.1
12918.1
435338000
1306340000
501034000
221438000
106609000
54196000
28175400
14438100
6991940
3210800
1572530
970020
790417
734815
638034
496063
339975
221621
14888.7
12883.1
12753.1
12726
12718.4
12716.1
12715.2
12714.9
12714.8
12714.7
12714.7
12714.8
12718.7
12907.6
419362000
1252790000
478717000
210880000
101199000
51360600
26771700
13870500
6841600
3166230
1513790
890634
696076
636141
553442
427616
304895
213009
16071.7
12918.7
12756.3
12726.4
12718.5
12716.1
12715.3
12714.9
12714.8
12714.7
12714.7
12714.8
12718.2
12897.6
407087000
1215530000
460968000
201860000
96305900
48645000
25313800
13192800
6610450
3090470
1446580
815336
619471
557502
480382
371248
280208
204823
18755
12960.2
12758.6
12726.6
12718.5
12716.1
12715.3
12715
12714.8
12714.7
12714.7
12714.7
12717.9
12888.1
399236000
1192770000
447367000
194301000
91887500
45984900
23692800
12215300
6062420
2833080
1333160
750058
561700
494183
417725
333348
258547
197346
21543.3
13075.3
12761.2
12726.8
12718.5
12716.2
12715.4
12715
12714.8
12714.7
12714.7
12714.7
12717.5
12879.1
391972000
1173130000
433304000
186147000
87065800
43084200
21916200
11134300
5468700
2561050
1215080
684170
509812
441321
372555
305933
239783
187507
23477.9
13249.5
12766.8
12727.5
12718.5
12716.2
12715.5
12715.1
12714.8
12714.7
12714.7
12714.7
12717.2
12870.5
384349000
1153760000
417461000
176783000
81486200
39736000
19916600
10053500
4921390
2259620
1069520
617837
464722
398485
342652
282469
223774
173832
25764.7
13533.9
12779.9
12728.9
12718.6
12716.3
12715.6
12715.2
12714.8
12714.7
12714.7
12714.7
12717
12862.3
376080000
1134460000
399377000
165892000
74829600
35613900
17515400
8702180
4165560
1920640
932064
553895
423433
368803
318043
261724
209394
163246
27196.1
13977.2
12808.8
12731.6
12718.9
12716.4
12715.8
12715.3
12714.8
12714.7
12714.7
12714.7
12716.7
12854.6
370481000
1131440000
382822000
153964000
66630000
30687400
14908300
7360070
3507540
1599530
790326
492290
393844
345497
297343
243850
196371
155085
29249.3
14531.4
12861.3
12736.2
12719.4
12716.7
12716.3
12715.5
12714.8
12714.7
12714.7
12714.7
12716.5
12847.2
366841000
1140850000
364459000
139737000
58801000
27703000
13566200
6274880
2773980
1264710
661515
448354
371390
326403
279914
229623
185306
147841
33917.4
15394.6
12946.1
12742.9
12720.4
12717.2
12716.9
12715.7
12714.8
12714.7
12714.6
12714.7
12716.3
12840
393167000
1319520000
372268000
130433000
45990400
17440900
8418010
4401530
2060240
992046
577359
419607
353205
310302
265910
218421
175126
139571
38815.4
17502.9
13112.7
12755.4
12722
12717.9
12717.8
12716.2
12714.8
12714.7
12714.7
12714.7
12716.1
12833.1
427021000
1006800000
383410000
171610000
74608300
24246800
7352310
3103960
1546840
841530
528969
397215
337350
297102
253858
208551
166590
131682
43832.1
20713.5
13441.4
12778.4
12724.3
12718.9
12718.8
12716.6
12714.8
12714.8
12714.7
12714.7
12715.9
12826.6
30405400
29743900
24808300
18883900
12837800
7314630
3926040
2282950
1355350
776805
504242
378668
322200
284181
243338
200126
159743
124939
48182.8
23645.3
14008.6
12826
12728.7
12720.1
12719.9
12717.1
12714.8
12714.6
12714.7
12714.7
12715.7
12820.2
3194030
3157600
3065520
2838010
2499830
2088420
1673970
1312080
991588
713014
486081
373262
311062
271962
233217
192716
154021
119444
52275.6
28482
15143.8
12926.7
12736.2
12721.6
12721.2
12717.5
12714.8
12714.7
12714.6
12714.7
12715.7
12814
1039390
1034890
1022960
997369
955378
897136
826069
745904
653873
550863
444004
361355
303553
262295
223843
185634
148663
114979
56009.2
32331.4
17301.8
13139.4
12752.3
12723.4
12722.5
12717.8
12714.8
12714.9
12714.6
12714.7
12715.7
12808
551557
550571
547930
542250
532255
517045
496690
471661
442047
406975
366133
325026
289066
252452
216331
179243
143900
111369
59095.4
33944.1
21344
13599
12784
12726
12723.8
12717.9
12714.9
12714.5
12714.7
12714.7
12715.6
12802.2
354959
354704
354097
352725
350161
345928
339705
331517
321391
308839
293875
276039
256247
235700
206215
173830
139532
108032
61189.6
35476.4
26510.5
14521.5
12854.5
12730.2
12725.1
12717.9
12715
12714.6
12714.6
12714.7
12715.2
12796.6
258775
258689
258502
258067
257233
255803
253595
250538
246648
241686
235362
227689
217799
205139
189201
164159
135526
104955
62861.4
36904.9
26893.4
15716.2
12975.6
12738
12726.4
12718
12715.1
12715.2
12714.6
12714.7
12715
12791
192867
192837
192784
192655
192390
191914
191142
190011
188519
186684
184403
181323
176789
170040
160434
147481
125898
101800
63802.4
38202.9
27227.4
17499.3
13187.7
12751.4
12728
12718
12714.5
12714.5
12714.7
12714.4
12715.3
12785.7
143229
143219
143201
143171
143095
142949
142701
142322
141801
141133
140258
138984
136953
133653
128441
120542
109333
94270.1
64603.1
39338.4
27474.1
19657.7
13511.6
12774.6
12729.7
12718
12714.6
12714.1
12714.5
12714.7
12715.4
12780.4
105576
105573
105567
105558
105540
105498
105421
105295
105108
104849
104485
103933
103021
101475
98908.2
94805.3
88616.7
80527.6
60680.3
39908.6
27508
19945.5
13911.6
12810.7
12732.5
12718.1
12715.8
12715.3
12714.7
12715
12714.8
12775
75663.3
75662.1
75659.9
75656.3
75649.9
75636.3
75608.2
75558.3
75479
75360.5
75185.6
74916.1
74475.5
73725.5
72443.2
70300.2
66825.8
61131.1
50431.9
37164
27340
20140.2
14561.4
12872.4
12736.2
12717.8
12715.1
12715.3
12715.2
12715.2
12714.7
12770.2
52440.6
52439.8
52438.2
52435.5
52430.3
52418.5
52396.1
52358
52298.1
52210.8
52089
51918.9
51665.3
51257.8
50584.7
49460.5
47556.4
44220.8
38624.9
31408.8
25597.9
20132.2
15023.2
12965.9
12741.3
12718.4
12714
12713.9
12714.5
12714.8
12715.2
12765.5
36301.1
36301.1
36300.5
36298.8
36295.6
36288.8
36276.2
36254.2
36218.6
36163.9
36080.6
35947.3
35735.7
35443.9
35037.5
34403.3
33337.8
31650.3
29043.6
25354.8
21974.8
19001
15132.8
13117.2
12748.4
12718.5
12715.5
12714
12713.9
12714
12715.1
12760.2
25464.7
25464.7
25464.1
25462.8
25460
25454.6
25445
25428.6
25402.3
25362.5
25307
25235.4
25144.8
25014.5
24759.8
24287.4
23678.2
22837.5
21712.3
20198
18475
16796.6
14838.2
13231.9
12754.1
12718
12716
12715.4
12714.9
12714.3
12714.6
12755.3
19005.2
19004.7
19003.4
19000.9
18996.4
18988.4
18974.5
18951.2
18912.9
18853.1
18765.7
18650.7
18518.3
18379.1
18211.6
17986.1
17732.3
17412.2
16966.7
16334.6
15632.2
14905
14002.9
13191.7
12760.5
12718.9
12713.8
12715.4
12715.4
12715.2
12714.5
12751
14850.9
14850.7
14850.2
14849.4
14847.8
14845.1
14840.4
14832.4
14819.7
14800.1
14772.4
14737
14696.4
14652.2
14605.4
14554.4
14489.2
14392.7
14245.9
14038
13825.5
13582.8
13255.1
12962.6
12768
12719.6
12713.7
12714.1
12714.4
12715.1
12714.3
12746.5
13305.2
13304.9
13304.4
13303.4
13301.7
13298.7
13293.7
13285.4
13271.9
13251.3
13222.1
13185.7
13148.2
13118.8
13101.5
13090.4
13077.1
13055.5
13026.8
12996.2
12953.6
12905.8
12851.9
12790.4
12745.2
12720.3
12716.7
12713.7
12713.9
12714.3
12714.9
12741.6
12937.8
12937.5
12936.9
12935.9
12934.3
12931.4
12926.5
12918.5
12905.5
12885.6
12857.4
12822.4
12786.4
12758.3
12743.4
12739.6
12741.6
12744.1
12745.5
12744.9
12742
12739.4
12740.5
12731.9
12723.6
12718.1
12715.1
12715.5
12713.8
12714.1
12715.3
12736.9
12917.9
12917.6
12917
12916.1
12914.4
12911.5
12906.7
12898.7
12885.8
12866.1
12838.2
12803.6
12768.3
12740.7
12725.1
12719.2
12717.9
12717.9
12718
12718.1
12718.2
12718.7
12719.5
12718.2
12716.9
12715.9
12715.1
12714.7
12715.7
12714.4
12715
12732.6
12921.4
12921.1
12920.5
12919.5
12917.8
12915
12910.2
12902.1
12889.2
12869.4
12841.3
12806.2
12769.8
12740.4
12723.4
12716.8
12715.1
12714.8
12714.8
12714.9
12714.9
12715
12715.1
12715.1
12715.1
12715
12714.9
12714.7
12714.6
12714.8
12713.8
12728.8
12922.2
12921.9
12921.3
12920.3
12918.6
12915.8
12911
12902.9
12890
12870.2
12842
12806.8
12770.1
12740.5
12723.3
12716.5
12714.8
12714.5
12714.5
12714.6
12714.7
12714.7
12714.7
12714.7
12714.7
12714.7
12714.7
12714.7
12714.7
12714.6
12714.8
12723.9
12922.4
12922.1
12921.6
12920.6
12918.9
12916
12911.2
12903.2
12890.3
12870.4
12842.3
12807
12770.3
12740.7
12723.5
12716.7
12715
12714.8
12714.7
12714.7
12714.7
12714.7
12714.7
12714.7
12714.7
12714.7
12714.7
12714.7
12714.7
12714.7
12714.7
12717.5
12922.4
12922.1
12921.5
12920.6
12918.9
12916
12911.2
12903.2
12890.2
12870.4
12842.2
12806.9
12770.2
12740.5
12723.3
12716.5
12714.9
12714.7
12714.7
12714.7
12714.7
12714.7
12714.7
12714.7
12714.7
12714.7
12714.7
12714.7
12714.7
12714.7
12714.8
12738.7
12922.5
12922.1
12921.6
12920.6
12918.9
12916.1
12911.2
12903.2
12890.3
12870.4
12842.3
12807
12770.3
12740.6
12723.4
12716.6
12714.9
12714.6
12714.6
12714.6
12714.6
12714.6
12714.6
12714.7
12714.7
12714.7
12714.7
12714.7
12714.7
12714.7
12715.2
12783
12922.5
12922.2
12921.6
12920.6
12918.9
12916.1
12911.2
12903.2
12890.3
12870.4
12842.3
12807.1
12770.3
12740.7
12723.4
12716.7
12715
12714.7
12714.6
12714.6
12714.6
12714.6
12714.6
12714.6
12714.6
12714.7
12714.7
12714.7
12714.7
12714.7
12715.2
12786.6
)
;

boundaryField
{
    QUAD_bdy____1
    {
        type            empty;
    }
    QUAD_bdy____2
    {
        type            empty;
    }
    QUAD_bdy____3
    {
        type            inletOutlet;
        inletValue      uniform 25000;
        value           nonuniform List<scalar> 
32
(
12922.6
12922.8
12922.8
12922.8
12922.8
12922.8
12922.8
12922.8
12922.8
12922.8
12922.8
12922.7
12922.7
12922.7
12922.6
12922.5
12922.2
12921.4
12918.9
12911.2
12887.7
12831.4
12762.1
12724.6
12715.7
12714.7
12714.7
12714.7
12714.7
12714.7
12714.7
12714.6
)
;
    }
    QUAD_bdy____4
    {
        type            inletOutlet;
        inletValue      uniform 25000;
        value           nonuniform List<scalar> 
32
(
12922.5
12922.2
12921.6
12920.6
12918.9
12916.1
12911.2
12903.2
12890.3
12870.4
12842.3
12807.1
12770.3
12740.7
12723.4
12716.7
12715
12714.7
12714.6
12714.6
12714.6
12714.6
12714.6
12714.6
12714.6
12714.7
12714.7
12714.7
12714.7
12714.7
12715.2
12786.6
)
;
    }
    QUAD_bdy____5
    {
        type            epsilonWallFunction;
        value           nonuniform List<scalar> 
64
(
1775610000
596946000
918794000
1080010000
1164600000
1197930000
1276260000
1290050000
1299340000
1311750000
1414790000
1562610000
1453820000
1439900000
1564710000
1528840000
1520050000
1496240000
1377980000
1246300000
1068010000
900366000
737521000
583123000
444255000
392931000
2764560000
2380290000
2032190000
1746520000
1510470000
1329530000
1606750000
1793370000
1919710000
2037560000
2156670000
1950280000
1701710000
1337190000
378768000
260424000
215392000
223407000
259186000
295776000
329379000
364702000
402792000
438392000
462421000
472251000
450982000
435338000
419362000
407087000
399236000
391972000
384349000
376080000
370481000
366841000
393167000
427021000
)
;
    }
    QUAD_bdy____6
    {
        type            inletOutlet;
        inletValue      uniform 25000;
        value           nonuniform List<scalar> 
112
(
12714.6
12714.7
12714.6
12714.7
12714.2
12714.7
12715
12714.8
12714.7
12714.4
12714.5
12714.5
12714.8
12714.9
12714.6
12714.4
12714.6
12714.9
12714.7
12714.4
12714.6
12714.9
12714.7
12714.5
12714.5
12714.6
12714.6
12714.7
12714.8
12714.7
12714.8
12715.6
25000
25000
25000
25000
25000
25000
25000
25000
25000
25000
25000
25000
25000
25000
25000
25000
25000
25000
25000
25000
25000
25000
25000
25000
25000
25000
25000
25000
25000
25000
25000
25000
25000
25000
25000
25000
25000
25000
25000
25000
25000
25000
25000
25000
25000
25000
25000
25000
25000
25000
25000
25000
25000
25000
25000
25000
25000
25000
25000
25000
25000
25000
25000
25000
25000
25000
25000
25000
25000
25000
25000
25000
25000
25000
25000
25000
25000
25000
25000
25000
)
;
    }
}


// ************************************************************************* //
