/*--------------------------------*- C++ -*----------------------------------*\
| =========                 |                                                 |
| \\      /  F ield         | OpenFOAM: The Open Source CFD Toolbox           |
|  \\    /   O peration     | Version:  2312                                  |
|   \\  /    A nd           | Website:  www.openfoam.com                      |
|    \\/     M anipulation  |                                                 |
\*---------------------------------------------------------------------------*/
FoamFile
{
    version     2.0;
    format      ascii;
    arch        "LSB;label=64;scalar=64";
    class       volScalarField;
    location    "250";
    object      T;
}
// * * * * * * * * * * * * * * * * * * * * * * * * * * * * * * * * * * * * * //

dimensions      [0 0 0 1 0 0 0];

internalField   nonuniform List<scalar> 
5100
(
1.00372
1.00348
1.00311
1.00279
1.00269
1.00297
1.00366
1.0047
1.00598
1.00735
1.00868
1.00988
1.01091
1.01174
1.01241
1.01296
1.01341
1.01381
1.01419
1.01453
1.01522
1.01424
1.01439
1.01458
1.01478
1.015
1.01521
1.01543
1.01563
1.01584
1.01604
1.01623
1.01641
1.01658
1.01674
1.01689
1.017
1.01712
1.01719
1.01725
1.01729
1.01732
1.01736
1.01744
1.01757
1.01783
1.01655
1.01671
1.01686
1.01699
1.01704
1.01707
1.01706
1.01702
1.01696
1.01687
1.01675
1.01661
1.01643
1.01622
1.01599
1.01572
1.01544
1.01514
1.01484
1.01453
1.01422
1.01394
1.01372
1.01358
1.01379
1.01317
1.01254
1.01217
1.012
1.01191
1.01189
1.0119
1.01192
1.01195
1.01198
1.01201
1.01205
1.01212
1.0122
1.0123
1.01242
1.01257
1.01274
1.01292
1.01311
1.01331
1.01356
1.01389
1.01436
1.01505
1.01488
1.01442
1.01406
1.01392
1.01385
1.01379
1.01373
1.01363
1.01351
1.01337
1.01322
1.01308
1.01295
1.01283
1.01273
1.01265
1.01258
1.01253
1.01248
1.01245
1.01243
1.01241
1.01239
1.01236
1.01229
1.01207
1.01153
1.01084
1.01055
1.0106
1.01085
1.01122
1.0116
1.01193
1.01219
1.01238
1.01252
1.01262
1.01268
1.01272
1.01275
1.01275
1.01275
1.01273
1.0127
1.01267
1.01263
1.0126
1.01259
1.01261
1.0127
1.01281
1.01275
1.01253
1.01217
1.01187
1.01167
1.01156
1.01149
1.01144
1.01139
1.01133
1.01126
1.01118
1.01108
1.01098
1.01088
1.01079
1.01071
1.01062
1.01054
1.01047
1.01042
1.01039
1.01041
1.01046
1.01055
1.01027
1.00998
1.00963
1.00935
1.00921
1.00917
1.00918
1.00919
1.00919
1.00917
1.00911
1.00902
1.00892
1.0088
1.00868
1.00857
1.00845
1.00835
1.00825
1.00817
1.0081
1.00804
1.00799
1.00799
1.00802
1.00812
1.00784
1.00759
1.00731
1.00705
1.00692
1.00692
1.00697
1.00704
1.00709
1.0071
1.00709
1.00704
1.00698
1.0069
1.00682
1.00674
1.00667
1.00659
1.00652
1.00645
1.00639
1.00635
1.00634
1.00636
1.0064
1.00628
1.00603
1.00573
1.00547
1.00533
1.00531
1.00534
1.0054
1.00544
1.00544
1.00542
1.00536
1.00529
1.0052
1.00511
1.00502
1.00492
1.00482
1.00473
1.00464
1.00455
1.00446
1.00435
1.00424
1.00422
1.0042
1.00373
1.00349
1.00312
1.00284
1.00283
1.00323
1.00406
1.00522
1.00656
1.00793
1.00921
1.01034
1.01126
1.01201
1.0126
1.01308
1.01347
1.01382
1.01416
1.01449
1.01501
1.01407
1.01427
1.01445
1.01465
1.01485
1.01504
1.01523
1.01541
1.01559
1.01577
1.01594
1.0161
1.01625
1.01639
1.0165
1.0166
1.01666
1.01671
1.01673
1.01674
1.01674
1.01675
1.01679
1.01688
1.01714
1.01593
1.01594
1.01601
1.01613
1.01621
1.01627
1.01632
1.01636
1.0164
1.01644
1.01646
1.01648
1.01648
1.01646
1.0164
1.01631
1.01619
1.01603
1.01584
1.01562
1.01537
1.0151
1.01484
1.0146
1.01484
1.01434
1.0137
1.01313
1.01275
1.01248
1.01229
1.01216
1.01205
1.01195
1.01185
1.01175
1.01166
1.01159
1.01155
1.01153
1.01155
1.01161
1.01171
1.01186
1.01204
1.01226
1.01253
1.01288
1.0134
1.01428
1.01433
1.0141
1.01379
1.01367
1.01365
1.01368
1.0137
1.0137
1.01366
1.01359
1.01348
1.01336
1.01323
1.0131
1.01298
1.01285
1.01274
1.01263
1.01253
1.01244
1.01236
1.0123
1.01224
1.01219
1.01213
1.012
1.01156
1.01087
1.01029
1.01008
1.01011
1.01027
1.01055
1.01085
1.01113
1.01136
1.01155
1.0117
1.01182
1.01191
1.01198
1.01204
1.01209
1.01212
1.01214
1.01215
1.01216
1.01216
1.01217
1.0122
1.01227
1.0124
1.01234
1.01225
1.01199
1.01166
1.01137
1.01115
1.011
1.01089
1.01081
1.01075
1.01068
1.01062
1.01054
1.01045
1.01035
1.01026
1.01017
1.0101
1.01002
1.00996
1.00992
1.0099
1.00993
1.01
1.01014
1.00991
1.00972
1.00946
1.00915
1.00892
1.00878
1.00873
1.00872
1.00873
1.00874
1.00873
1.00869
1.00863
1.00854
1.00844
1.00833
1.00822
1.00811
1.008
1.00791
1.00783
1.00776
1.00771
1.00769
1.00771
1.0078
1.00759
1.00738
1.00716
1.00689
1.00664
1.00648
1.00644
1.00647
1.00653
1.00657
1.0066
1.0066
1.00658
1.00653
1.00648
1.00641
1.00634
1.00627
1.0062
1.00614
1.00608
1.00603
1.00601
1.00603
1.00609
1.00599
1.00582
1.00558
1.00531
1.00506
1.00489
1.00483
1.00484
1.00487
1.0049
1.00492
1.00491
1.00488
1.00483
1.00476
1.00468
1.0046
1.00451
1.00443
1.00434
1.00426
1.00418
1.0041
1.00401
1.00396
1.00396
1.00378
1.00353
1.00318
1.00297
1.00308
1.00364
1.00463
1.00588
1.00725
1.00857
1.00975
1.01073
1.01152
1.01214
1.01262
1.01301
1.01333
1.0136
1.01386
1.01409
1.01442
1.01355
1.01381
1.01401
1.01417
1.01433
1.01446
1.0146
1.01471
1.01484
1.01495
1.01505
1.01513
1.01521
1.01527
1.01532
1.01534
1.01534
1.01533
1.01528
1.01522
1.01514
1.01505
1.01499
1.01496
1.01516
1.01414
1.01382
1.01372
1.01375
1.01379
1.01384
1.01393
1.01404
1.0142
1.0144
1.01465
1.01493
1.01524
1.01557
1.01588
1.01618
1.01643
1.01664
1.01679
1.01688
1.01691
1.01688
1.01678
1.01662
1.0169
1.01649
1.01593
1.01528
1.01473
1.01426
1.01387
1.01355
1.01325
1.01296
1.01266
1.01234
1.01199
1.01165
1.01132
1.01104
1.0108
1.01062
1.01052
1.01051
1.01055
1.01069
1.0109
1.01124
1.0118
1.01285
1.01309
1.01306
1.01292
1.01293
1.01302
1.0132
1.01341
1.01359
1.01372
1.0138
1.01382
1.01382
1.01377
1.01369
1.01359
1.01347
1.01332
1.01316
1.013
1.01283
1.01267
1.01252
1.01238
1.01225
1.01213
1.012
1.01152
1.01087
1.01018
1.00969
1.00945
1.00941
1.00945
1.00957
1.00974
1.00992
1.01009
1.01025
1.0104
1.01054
1.01067
1.0108
1.01091
1.01103
1.01114
1.01125
1.01135
1.01144
1.01154
1.01165
1.01178
1.01199
1.01191
1.01187
1.0117
1.01143
1.01112
1.01082
1.01056
1.01034
1.01017
1.01003
1.00993
1.00984
1.00975
1.00966
1.00957
1.00947
1.00938
1.0093
1.00923
1.00918
1.00915
1.00916
1.00921
1.00932
1.00953
1.0093
1.0092
1.00903
1.0088
1.00857
1.00839
1.00827
1.00822
1.00821
1.00822
1.00824
1.00825
1.00824
1.0082
1.00814
1.00806
1.00797
1.00787
1.00776
1.00766
1.00758
1.00752
1.00747
1.00743
1.00743
1.00752
1.00729
1.0071
1.00691
1.00668
1.0064
1.00613
1.00596
1.00589
1.00589
1.00592
1.00596
1.006
1.00602
1.00602
1.006
1.00597
1.00593
1.00587
1.00582
1.00576
1.00571
1.00567
1.00566
1.00568
1.00577
1.00563
1.00549
1.00531
1.00508
1.00481
1.00456
1.00436
1.00426
1.00424
1.00424
1.00427
1.00429
1.0043
1.00429
1.00427
1.00423
1.00418
1.00412
1.00405
1.00398
1.00392
1.00386
1.00381
1.00375
1.00372
1.00376
1.0039
1.00364
1.00332
1.00317
1.00339
1.00407
1.00513
1.00639
1.00768
1.00888
1.00991
1.01075
1.01142
1.01194
1.01234
1.01265
1.0129
1.0131
1.01327
1.01338
1.01345
1.0126
1.01302
1.01318
1.0133
1.01338
1.01344
1.0135
1.01354
1.01357
1.01361
1.01363
1.01364
1.01363
1.01361
1.01355
1.01348
1.01337
1.01323
1.01306
1.01286
1.01263
1.01238
1.01214
1.01189
1.01193
1.01107
1.01045
1.01001
1.00976
1.00958
1.00949
1.00949
1.00954
1.00969
1.00995
1.01032
1.0108
1.0114
1.01208
1.01285
1.01365
1.01448
1.01529
1.01606
1.01675
1.01735
1.01785
1.01825
1.01855
1.01916
1.01895
1.01864
1.01818
1.0177
1.01722
1.01677
1.01635
1.01594
1.01551
1.01505
1.01452
1.01391
1.01324
1.01254
1.01186
1.01121
1.01062
1.01011
1.00968
1.00936
1.00919
1.00919
1.00932
1.00972
1.01066
1.011
1.01115
1.01118
1.0113
1.01153
1.01189
1.01233
1.01278
1.01318
1.01351
1.01378
1.01399
1.01415
1.01425
1.0143
1.01429
1.01423
1.01411
1.01395
1.01376
1.01354
1.01331
1.01308
1.01284
1.0126
1.01238
1.0118
1.01115
1.01042
1.00978
1.00929
1.00897
1.00876
1.00864
1.00858
1.00855
1.00856
1.00859
1.00867
1.00877
1.00889
1.00903
1.0092
1.00938
1.00958
1.0098
1.01003
1.01026
1.01051
1.01076
1.01104
1.01139
1.01144
1.01148
1.01141
1.01123
1.01098
1.01069
1.01039
1.01008
1.00979
1.00953
1.0093
1.00911
1.00895
1.00881
1.00868
1.00855
1.00843
1.00832
1.00823
1.00817
1.00815
1.00816
1.00823
1.00837
1.00862
1.00839
1.00839
1.00834
1.00821
1.00806
1.00792
1.00781
1.00775
1.00773
1.00773
1.00775
1.00778
1.0078
1.00782
1.00781
1.00778
1.00773
1.00765
1.00757
1.00748
1.00739
1.00734
1.00729
1.00725
1.00721
1.00729
1.00704
1.00686
1.00669
1.00649
1.00623
1.00593
1.00568
1.00551
1.0054
1.00536
1.00536
1.00538
1.00541
1.00544
1.00546
1.00547
1.00546
1.00543
1.0054
1.00537
1.00533
1.0053
1.0053
1.00533
1.00544
1.00528
1.00515
1.00501
1.00483
1.0046
1.00434
1.00408
1.00387
1.00374
1.00368
1.00366
1.00367
1.00368
1.0037
1.00371
1.00371
1.0037
1.00368
1.00364
1.00361
1.00357
1.00354
1.00352
1.00348
1.00347
1.00354
1.00418
1.0039
1.00358
1.00348
1.00375
1.00444
1.00545
1.00661
1.00777
1.00883
1.00973
1.01047
1.01104
1.01147
1.01181
1.01206
1.01226
1.01242
1.01254
1.01261
1.01264
1.01163
1.01215
1.01232
1.01245
1.01253
1.0126
1.01266
1.01271
1.01275
1.01278
1.01278
1.01277
1.01272
1.01265
1.01253
1.01237
1.01217
1.01193
1.01163
1.01128
1.01089
1.01046
1.00999
1.00951
1.00926
1.00828
1.00741
1.00659
1.00591
1.00532
1.00484
1.00445
1.00422
1.00417
1.00424
1.00448
1.00491
1.00553
1.00635
1.00735
1.00851
1.00979
1.01116
1.01257
1.01398
1.01534
1.01661
1.01777
1.01884
1.02021
1.02057
1.02074
1.02073
1.02066
1.02048
1.02024
1.01997
1.01965
1.01927
1.0188
1.01821
1.01748
1.0166
1.0156
1.01454
1.01344
1.01235
1.01131
1.01034
1.00948
1.00874
1.00815
1.00781
1.00786
1.00833
1.00849
1.00861
1.00867
1.00881
1.00908
1.00953
1.01014
1.01084
1.01155
1.01221
1.01281
1.01334
1.01381
1.01422
1.01456
1.01483
1.01501
1.01509
1.01509
1.01502
1.01487
1.01465
1.01439
1.01409
1.01376
1.01342
1.01277
1.01208
1.01129
1.01051
1.00982
1.00925
1.00878
1.00839
1.00804
1.00772
1.00744
1.00721
1.00705
1.00697
1.00694
1.00697
1.00708
1.00725
1.00747
1.00774
1.00807
1.00843
1.00883
1.00927
1.00974
1.0103
1.01059
1.01089
1.01097
1.01094
1.01084
1.01067
1.01043
1.01013
1.0098
1.00943
1.00907
1.00873
1.00842
1.00814
1.00789
1.00767
1.00746
1.00728
1.00712
1.007
1.00693
1.00692
1.00697
1.00711
1.00735
1.00715
1.00723
1.00728
1.00726
1.00723
1.00721
1.00718
1.00717
1.00718
1.00721
1.00724
1.00728
1.00732
1.00737
1.00741
1.00743
1.00743
1.00741
1.00736
1.0073
1.00723
1.00718
1.00714
1.00708
1.00702
1.00707
1.00682
1.00664
1.00649
1.00632
1.00609
1.0058
1.00553
1.0053
1.00511
1.00497
1.00488
1.00484
1.00484
1.00485
1.00488
1.00491
1.00492
1.00493
1.00493
1.00491
1.00489
1.00488
1.00489
1.00492
1.00504
1.00488
1.00477
1.00465
1.00452
1.00434
1.00413
1.00388
1.00364
1.00343
1.00327
1.00317
1.00312
1.00311
1.00311
1.00312
1.00314
1.00316
1.00317
1.00317
1.00316
1.00315
1.00315
1.00315
1.00314
1.00314
1.00323
1.00477
1.00444
1.00412
1.00404
1.0043
1.00492
1.0058
1.00678
1.00776
1.00866
1.00944
1.01008
1.01059
1.01098
1.0113
1.01154
1.01174
1.01191
1.01206
1.01219
1.01233
1.01148
1.01186
1.01215
1.0124
1.01261
1.01281
1.01301
1.0132
1.01338
1.01354
1.01367
1.01374
1.01375
1.0137
1.01359
1.01339
1.01311
1.01275
1.01231
1.0118
1.01123
1.01059
1.00992
1.00922
1.0087
1.00756
1.00647
1.00534
1.00427
1.0032
1.00217
1.0012
1.00037
0.999737
0.999377
0.999334
0.999455
0.999806
1.00043
1.00132
1.00248
1.00388
1.00549
1.00725
1.00912
1.01107
1.01303
1.01496
1.01679
1.01887
1.02019
1.0212
1.02193
1.02251
1.02289
1.02315
1.02328
1.02329
1.0232
1.02294
1.0225
1.02186
1.02099
1.01989
1.01862
1.01721
1.01572
1.01418
1.01266
1.01119
1.00985
1.00864
1.00759
1.00677
1.0067
1.00649
1.00626
1.00602
1.00603
1.00615
1.00649
1.00706
1.00783
1.00873
1.00967
1.0106
1.01149
1.01233
1.01312
1.01385
1.01451
1.01509
1.01556
1.01591
1.01612
1.01619
1.01617
1.01605
1.01583
1.01551
1.01518
1.01452
1.01378
1.01293
1.01204
1.01118
1.0104
1.00968
1.00901
1.00837
1.00775
1.00715
1.00659
1.00608
1.00564
1.0053
1.0051
1.00501
1.00503
1.00513
1.00535
1.00567
1.00608
1.00658
1.00716
1.00782
1.00859
1.00914
1.00974
1.01014
1.0104
1.01053
1.01053
1.01047
1.01032
1.01006
1.00971
1.0093
1.00884
1.00838
1.00792
1.00749
1.00709
1.00673
1.00641
1.00612
1.00588
1.00569
1.00558
1.0056
1.00566
1.00584
1.00565
1.00577
1.00589
1.00597
1.00606
1.00615
1.00624
1.00634
1.00645
1.00655
1.00664
1.00672
1.0068
1.00687
1.00694
1.00701
1.00706
1.00709
1.0071
1.00709
1.00706
1.00704
1.007
1.00693
1.00685
1.00688
1.00662
1.00644
1.0063
1.00615
1.00595
1.00569
1.00543
1.00519
1.00497
1.00476
1.00459
1.00446
1.00438
1.00435
1.00435
1.00436
1.00438
1.0044
1.00442
1.00442
1.00441
1.00442
1.00443
1.00446
1.00458
1.00443
1.00433
1.00424
1.00415
1.00402
1.00386
1.00366
1.00343
1.00321
1.003
1.00283
1.0027
1.00262
1.00259
1.00257
1.00258
1.0026
1.00263
1.00265
1.00267
1.00268
1.0027
1.00272
1.00272
1.00274
1.00284
1.00599
1.0056
1.00528
1.00522
1.00545
1.00597
1.00667
1.00746
1.00825
1.009
1.00967
1.01024
1.01072
1.01113
1.01147
1.01177
1.01204
1.0123
1.01258
1.01292
1.01316
1.01285
1.01319
1.01369
1.01424
1.01479
1.01535
1.0159
1.01645
1.01697
1.01745
1.01786
1.01817
1.01833
1.01836
1.01831
1.01815
1.01784
1.01738
1.01678
1.01606
1.01522
1.01428
1.01326
1.01218
1.01121
1.00969
1.00818
1.00659
1.005
1.00339
1.00184
1.00035
0.99897
0.99772
0.996706
0.996052
0.995843
0.995908
0.996176
0.996748
0.997651
0.998881
1.0004
1.00218
1.00415
1.00631
1.00858
1.01094
1.01331
1.01596
1.01805
1.01987
1.02139
1.02273
1.02386
1.02479
1.02552
1.02603
1.02629
1.02633
1.02621
1.02585
1.02517
1.02417
1.02289
1.02137
1.01968
1.01785
1.01595
1.01402
1.01214
1.01035
1.0087
1.00723
1.0063
1.00542
1.00468
1.004
1.00355
1.00343
1.00352
1.00383
1.00442
1.00526
1.00628
1.0074
1.00857
1.00974
1.01089
1.01202
1.0131
1.01412
1.01505
1.01587
1.01654
1.01705
1.01739
1.01753
1.01752
1.01741
1.01722
1.01667
1.01599
1.01516
1.01424
1.01327
1.01231
1.01138
1.01047
1.00956
1.00866
1.00775
1.00684
1.00597
1.00516
1.00443
1.00382
1.00338
1.00314
1.00308
1.00313
1.0033
1.00364
1.00413
1.00475
1.00551
1.00643
1.0072
1.00807
1.00881
1.00941
1.00987
1.0102
1.01038
1.01039
1.01032
1.01012
1.00978
1.00933
1.0088
1.00821
1.0076
1.00701
1.00644
1.00592
1.00545
1.00503
1.00468
1.00441
1.00428
1.00427
1.00433
1.00412
1.00422
1.00436
1.0045
1.00466
1.00485
1.00505
1.00526
1.00549
1.00572
1.00592
1.00608
1.00622
1.00634
1.00646
1.00657
1.00667
1.00675
1.00681
1.00686
1.00688
1.0069
1.00688
1.00682
1.00672
1.00673
1.00646
1.00628
1.00613
1.006
1.00582
1.00558
1.00535
1.00512
1.00489
1.00466
1.00444
1.00426
1.00411
1.004
1.00394
1.00392
1.00392
1.00394
1.00395
1.00396
1.00396
1.00398
1.004
1.00401
1.00413
1.00398
1.00389
1.00382
1.00376
1.00367
1.00355
1.00339
1.00321
1.00301
1.00279
1.0026
1.00242
1.00228
1.00219
1.00214
1.00212
1.00213
1.00215
1.00217
1.0022
1.00222
1.00225
1.00228
1.00229
1.00231
1.00242
1.00837
1.00799
1.00773
1.00776
1.00802
1.00847
1.00903
1.00967
1.01031
1.01092
1.01151
1.01204
1.01253
1.01298
1.0134
1.01382
1.01423
1.01468
1.01519
1.01588
1.01611
1.01647
1.0171
1.0179
1.0188
1.01974
1.02068
1.02161
1.02252
1.02336
1.02412
1.02478
1.02527
1.02554
1.02561
1.02557
1.02539
1.02502
1.02444
1.02367
1.02272
1.02162
1.02036
1.01898
1.0175
1.01607
1.01411
1.01214
1.01005
1.00788
1.00566
1.00343
1.00126
0.999235
0.997444
0.995967
0.994864
0.994216
0.994062
0.994139
0.994438
0.995065
0.996054
0.997372
0.998991
1.00085
1.00294
1.0052
1.00763
1.01016
1.01304
1.01552
1.01785
1.01998
1.02193
1.02366
1.02519
1.0265
1.02753
1.02823
1.02858
1.02863
1.02851
1.02808
1.02727
1.02608
1.02458
1.02284
1.02091
1.01884
1.01668
1.01451
1.01237
1.01032
1.00841
1.00688
1.00543
1.0041
1.00292
1.00197
1.00133
1.00113
1.00119
1.00147
1.00204
1.00291
1.004
1.00526
1.00662
1.00803
1.00947
1.0109
1.01231
1.01366
1.01494
1.01609
1.01709
1.0179
1.01849
1.01885
1.01896
1.01898
1.01868
1.0182
1.01751
1.01665
1.01567
1.01461
1.01352
1.01242
1.01129
1.01013
1.00896
1.00776
1.00657
1.00541
1.00431
1.00333
1.00249
1.00187
1.00152
1.00141
1.00145
1.00162
1.00199
1.00256
1.00332
1.0043
1.00518
1.00623
1.00724
1.00815
1.00894
1.00958
1.01006
1.01038
1.01045
1.0104
1.01023
1.0099
1.00942
1.0088
1.00808
1.00733
1.00658
1.00586
1.00518
1.00457
1.00403
1.00358
1.00327
1.00308
1.00306
1.00279
1.00285
1.00295
1.00309
1.00329
1.00354
1.00381
1.00412
1.00445
1.0048
1.00512
1.0054
1.00563
1.00583
1.006
1.00615
1.00629
1.00642
1.00653
1.00664
1.00673
1.00679
1.00678
1.00672
1.00663
1.00662
1.00635
1.00615
1.006
1.00587
1.0057
1.00549
1.00528
1.00506
1.00484
1.00461
1.00438
1.00417
1.00397
1.00381
1.0037
1.00363
1.00359
1.00359
1.00359
1.00359
1.0036
1.00362
1.00363
1.00365
1.00374
1.0036
1.00351
1.00344
1.0034
1.00334
1.00325
1.00313
1.00299
1.00282
1.00263
1.00242
1.00223
1.00206
1.00192
1.00183
1.00179
1.00177
1.00178
1.0018
1.00182
1.00185
1.00187
1.0019
1.00192
1.00194
1.00205
1.01225
1.01212
1.01209
1.01229
1.01263
1.01307
1.0136
1.01418
1.01477
1.01535
1.01589
1.01641
1.01691
1.01739
1.01787
1.01838
1.01891
1.0195
1.02017
1.02105
1.02155
1.02223
1.02309
1.02412
1.02523
1.02639
1.02755
1.02868
1.02976
1.03075
1.03162
1.03234
1.03284
1.03306
1.03307
1.03297
1.03266
1.0321
1.03131
1.0303
1.02909
1.02769
1.02611
1.0244
1.02254
1.02071
1.01836
1.01594
1.01333
1.01063
1.00791
1.00521
1.00262
1.00019
0.998037
0.996234
0.994876
0.994047
0.99378
0.993821
0.99405
0.994593
0.995494
0.996719
0.998235
0.999977
1.00194
1.00408
1.00641
1.00887
1.01171
1.01423
1.01671
1.01905
1.02128
1.02333
1.02517
1.02678
1.02808
1.029
1.02951
1.02965
1.02959
1.02925
1.02851
1.02736
1.02588
1.02414
1.02219
1.02011
1.01792
1.0157
1.01348
1.01132
1.00926
1.00744
1.00571
1.00408
1.00258
1.00127
1.00023
0.999566
0.99939
0.999463
0.999757
1.00036
1.00127
1.00245
1.00384
1.00537
1.00699
1.00864
1.01031
1.01197
1.01358
1.0151
1.0165
1.01774
1.01875
1.01952
1.01998
1.02026
1.02011
1.01987
1.01939
1.01868
1.01777
1.0167
1.01553
1.01429
1.013
1.01165
1.01026
1.00883
1.00739
1.00597
1.0046
1.00331
1.00217
1.00124
1.00061
1.0003
1.00024
1.00031
1.00055
1.00103
1.00174
1.0027
1.00361
1.00475
1.0059
1.00701
1.00801
1.00889
1.00962
1.01017
1.0105
1.01055
1.01049
1.0103
1.00993
1.00936
1.00863
1.00779
1.0069
1.00602
1.00518
1.00439
1.00369
1.00309
1.00261
1.00227
1.00214
1.00179
1.00183
1.0019
1.00202
1.00222
1.00249
1.0028
1.00316
1.00357
1.004
1.00442
1.0048
1.00512
1.00538
1.00561
1.00581
1.00599
1.00616
1.00631
1.00645
1.00656
1.00665
1.00667
1.00664
1.00658
1.00657
1.00629
1.00609
1.00592
1.00579
1.00562
1.00542
1.00522
1.00502
1.0048
1.00457
1.00435
1.00413
1.00392
1.00373
1.00357
1.00347
1.0034
1.00337
1.00336
1.00335
1.00335
1.00337
1.00338
1.00338
1.00348
1.00334
1.00325
1.00318
1.00314
1.00309
1.00302
1.00293
1.00282
1.00268
1.00251
1.00232
1.00212
1.00192
1.00176
1.00164
1.00158
1.00154
1.00154
1.00155
1.00157
1.00159
1.00161
1.00163
1.00164
1.00166
1.00176
1.01552
1.01591
1.01629
1.01671
1.01715
1.0176
1.01807
1.01854
1.01901
1.01948
1.01996
1.02044
1.02094
1.02145
1.02198
1.02255
1.02315
1.02383
1.02458
1.02552
1.02619
1.02702
1.02799
1.02912
1.03036
1.03167
1.03301
1.03432
1.03555
1.03667
1.03763
1.03834
1.03873
1.03882
1.03875
1.03849
1.03795
1.03713
1.03604
1.03471
1.03317
1.03147
1.02958
1.02756
1.02538
1.0232
1.02049
1.01766
1.01472
1.01175
1.0088
1.00596
1.0033
1.00088
0.998801
0.997135
0.995968
0.995357
0.995244
0.99534
0.995679
0.99634
0.997317
0.998553
1.00001
1.00162
1.00342
1.00537
1.0075
1.00977
1.01241
1.01475
1.01709
1.01934
1.0215
1.02349
1.02527
1.02679
1.02799
1.02878
1.02915
1.02919
1.02904
1.02856
1.02768
1.02644
1.0249
1.02316
1.02127
1.01927
1.0172
1.01511
1.01302
1.01098
1.00901
1.00718
1.00557
1.00391
1.00235
1.00095
0.999777
0.998908
0.998495
0.998484
0.998631
0.999049
0.999792
1.00085
1.00218
1.00372
1.00538
1.00713
1.00891
1.0107
1.01247
1.01418
1.01581
1.0173
1.01859
1.01963
1.02038
1.0209
1.02085
1.02076
1.02044
1.01988
1.01906
1.01802
1.01682
1.01551
1.0141
1.01262
1.01108
1.00951
1.00792
1.00635
1.00483
1.00339
1.0021
1.00103
1.00026
0.999851
0.99973
0.999765
0.99995
1.00038
1.00107
1.00198
1.00288
1.00402
1.00521
1.00638
1.00746
1.00844
1.00928
1.00996
1.01041
1.0106
1.01058
1.01046
1.01016
1.00965
1.00893
1.00806
1.00712
1.00615
1.0052
1.00431
1.00352
1.00282
1.00225
1.00182
1.00163
1.00124
1.00127
1.00132
1.00142
1.00163
1.00192
1.00225
1.00263
1.00307
1.00354
1.00402
1.00445
1.00482
1.00513
1.00539
1.00562
1.00583
1.00602
1.00619
1.00634
1.00646
1.00656
1.0066
1.00659
1.00655
1.00655
1.00627
1.00606
1.00589
1.00575
1.00559
1.0054
1.0052
1.005
1.00477
1.00455
1.00433
1.00411
1.00389
1.00369
1.00352
1.0034
1.00331
1.00327
1.00324
1.00323
1.00323
1.00325
1.00325
1.00325
1.00333
1.00321
1.00313
1.00306
1.00302
1.00297
1.00291
1.00284
1.00275
1.00263
1.00247
1.00228
1.00207
1.00187
1.00168
1.00155
1.00147
1.00143
1.00141
1.00142
1.00143
1.00145
1.00147
1.00149
1.00149
1.00151
1.00161
0.994201
0.990517
0.990413
0.991388
0.993362
0.995836
0.998563
1.00143
1.00432
1.00696
0.996627
0.992141
0.989968
0.989389
0.989523
0.990101
0.991198
0.992659
0.994311
0.995985
0.997594
0.993742
0.991152
0.989498
0.988542
0.988182
0.988205
0.988406
0.988887
0.989587
0.997981
0.994528
0.992
0.990197
0.988919
0.988038
0.987511
0.98733
0.987366
0.987533
0.998129
0.994853
0.992374
0.990551
0.989211
0.988218
0.987517
0.98713
0.987045
0.987101
0.998128
0.994855
0.992374
0.990555
0.989221
0.988236
0.98755
0.987195
0.987143
0.987217
0.997979
0.994534
0.991999
0.990193
0.988925
0.988078
0.987636
0.987585
0.987696
0.988035
0.997596
0.993741
0.991142
0.989498
0.988613
0.988413
0.98854
0.988989
0.989858
0.99111
0.996629
0.992133
0.989995
0.989529
0.989767
0.990598
0.992115
0.99419
0.996694
0.999538
0.994204
0.990563
0.990525
0.991659
0.993917
0.996821
1.00016
1.00385
1.00778
1.01183
1.00941
1.0113
1.01265
1.01373
1.01462
1.0154
1.01612
1.0168
1.01747
1.01813
1.0188
1.01948
1.02017
1.02089
1.02162
1.02238
1.02317
1.02401
1.02492
1.02598
1.02686
1.02788
1.02904
1.03036
1.03182
1.03339
1.03504
1.03672
1.03835
1.0398
1.04094
1.04168
1.04196
1.04195
1.04178
1.04129
1.04048
1.03934
1.03795
1.03635
1.03458
1.03265
1.03055
1.02832
1.02595
1.02358
1.02067
1.01767
1.01457
1.01151
1.00853
1.00579
1.00335
1.0013
0.999694
0.998601
0.998053
0.997987
0.998115
0.9985
0.999173
1.00009
1.0012
1.00244
1.00381
1.00527
1.00685
1.00856
1.01042
1.01239
1.01467
1.01663
1.01861
1.0205
1.02229
1.0239
1.02527
1.02636
1.02709
1.02742
1.02743
1.02726
1.02677
1.02594
1.02479
1.02339
1.02181
1.02011
1.01836
1.01657
1.01477
1.01298
1.01122
1.00948
1.00781
1.00623
1.00482
1.00333
1.00192
1.00067
0.999627
0.998867
0.998505
0.998506
0.998649
0.999049
0.999751
1.00076
1.00203
1.00352
1.00514
1.00684
1.00858
1.01034
1.01209
1.0138
1.01544
1.01696
1.01832
1.01944
1.02028
1.02088
1.02089
1.02084
1.02059
1.02008
1.01929
1.01827
1.01706
1.01572
1.01426
1.01273
1.01113
1.0095
1.00787
1.00627
1.00473
1.00331
1.00206
1.00104
1.00034
0.999991
0.999911
0.999964
1.00019
1.00065
1.0014
1.00217
1.00314
1.00422
1.00534
1.00642
1.00744
1.00837
1.0092
1.00986
1.01032
1.01051
1.01049
1.01037
1.01008
1.00956
1.00884
1.00797
1.00701
1.00603
1.00507
1.00418
1.00337
1.00268
1.00212
1.0017
1.00154
1.00118
1.00121
1.00127
1.0014
1.00163
1.00193
1.00227
1.00266
1.00309
1.00356
1.00403
1.00446
1.00483
1.00513
1.00539
1.00562
1.00583
1.00603
1.0062
1.00634
1.00645
1.00653
1.00659
1.00659
1.00656
1.00655
1.00627
1.00606
1.00588
1.00574
1.00557
1.0054
1.00521
1.005
1.00478
1.00456
1.00434
1.00411
1.0039
1.0037
1.00352
1.00339
1.0033
1.00325
1.00324
1.00324
1.00324
1.00324
1.00324
1.00324
1.00331
1.00321
1.00315
1.00309
1.00306
1.00301
1.00295
1.00289
1.0028
1.00269
1.00253
1.00233
1.00211
1.00188
1.00168
1.00153
1.00145
1.00141
1.00139
1.0014
1.00141
1.00141
1.00144
1.00146
1.00147
1.00149
1.00159
0.997672
0.999336
1.00087
1.0023
1.00364
1.00488
1.00605
1.00715
1.00821
1.00924
1.01027
1.01131
1.01237
1.01346
1.01458
1.01574
1.01693
1.01818
1.01951
1.02099
1.02241
1.024
1.02578
1.02779
1.02998
1.03229
1.03463
1.03688
1.03895
1.04071
1.042
1.04273
1.04293
1.04287
1.04257
1.0419
1.04086
1.03948
1.03782
1.03592
1.0338
1.03153
1.0291
1.02655
1.02391
1.02135
1.01827
1.01525
1.01224
1.00948
1.00701
1.00494
1.00325
1.00207
1.0014
1.00125
1.00135
1.00167
1.00226
1.00306
1.004
1.00504
1.00614
1.00728
1.00849
1.00974
1.01107
1.01248
1.014
1.0156
1.01742
1.01884
1.02022
1.02148
1.02262
1.02358
1.02427
1.02465
1.02471
1.02459
1.0242
1.02352
1.0226
1.02146
1.02016
1.01872
1.01723
1.01573
1.01425
1.0128
1.01139
1.01002
1.00868
1.00737
1.00612
1.00493
1.0039
1.00275
1.00165
1.00068
0.999902
0.99941
0.99929
0.99936
0.999608
1.0001
1.00087
1.00189
1.00313
1.00454
1.00605
1.00763
1.00923
1.01084
1.01242
1.01397
1.01544
1.01681
1.01801
1.01901
1.01974
1.02023
1.0202
1.02011
1.0198
1.01922
1.01838
1.01733
1.01611
1.01476
1.01332
1.0118
1.01026
1.0087
1.00717
1.00571
1.00435
1.00314
1.00213
1.00138
1.00095
1.00079
1.00082
1.00096
1.00131
1.00186
1.0027
1.00342
1.00435
1.00532
1.00627
1.00715
1.00797
1.00872
1.00937
1.00989
1.01021
1.01028
1.01023
1.01004
1.00967
1.0091
1.00836
1.0075
1.00659
1.00567
1.0048
1.004
1.0033
1.00271
1.00225
1.00195
1.00189
1.00163
1.00169
1.00178
1.00196
1.00223
1.00255
1.00288
1.00324
1.00363
1.00405
1.00446
1.00483
1.00514
1.0054
1.00562
1.00582
1.00601
1.00619
1.00634
1.00645
1.00652
1.00659
1.00662
1.00662
1.00659
1.00658
1.0063
1.00609
1.00592
1.00578
1.00561
1.00543
1.00523
1.00501
1.00479
1.00456
1.00433
1.0041
1.00389
1.0037
1.00354
1.00343
1.00337
1.00335
1.00334
1.00334
1.00334
1.00335
1.00336
1.00337
1.00344
1.00338
1.00334
1.00329
1.00325
1.0032
1.00314
1.00307
1.00297
1.00284
1.00267
1.00245
1.00221
1.00197
1.00175
1.00161
1.00153
1.00149
1.00148
1.00148
1.00149
1.00151
1.00153
1.00156
1.00157
1.0016
1.00172
0.990473
0.991463
0.992497
0.993555
0.994634
0.995733
0.996849
0.997978
0.999116
1.00027
1.00144
1.00265
1.00392
1.00526
1.00668
1.00818
1.00974
1.01141
1.01319
1.01518
1.01717
1.01939
1.02186
1.02462
1.0276
1.03069
1.03368
1.03643
1.03882
1.04073
1.04199
1.04249
1.04247
1.04217
1.0414
1.04015
1.0385
1.03654
1.03436
1.03203
1.0296
1.0271
1.02456
1.02199
1.01948
1.01715
1.01442
1.01191
1.0096
1.00769
1.00612
1.00505
1.00448
1.00439
1.0045
1.00485
1.00543
1.00617
1.00699
1.00787
1.00877
1.00967
1.01059
1.01151
1.01246
1.01342
1.01442
1.01545
1.01654
1.01768
1.01897
1.01959
1.02022
1.0208
1.02126
1.02148
1.02147
1.02129
1.02084
1.02018
1.01934
1.01836
1.01727
1.0161
1.01489
1.01367
1.01248
1.01136
1.01029
1.00929
1.00833
1.00742
1.00654
1.00568
1.00486
1.00409
1.00349
1.00275
1.00199
1.00137
1.001
1.00093
1.00101
1.00124
1.00167
1.00231
1.00314
1.00415
1.00529
1.00654
1.00784
1.00917
1.0105
1.01181
1.0131
1.01434
1.01551
1.01657
1.01747
1.01818
1.01865
1.01889
1.01878
1.01856
1.01809
1.01737
1.01645
1.01536
1.01417
1.01289
1.01155
1.01018
1.00882
1.00749
1.00624
1.0051
1.00408
1.00325
1.00265
1.00231
1.00221
1.00225
1.00241
1.00274
1.00322
1.00384
1.00472
1.00537
1.00619
1.00695
1.00763
1.00822
1.00875
1.00921
1.00961
1.00988
1.00996
1.00992
1.00976
1.00945
1.00896
1.00834
1.00761
1.00682
1.00603
1.00527
1.00457
1.00395
1.00343
1.00304
1.00278
1.00267
1.00271
1.00257
1.00267
1.00284
1.00307
1.00335
1.00365
1.00394
1.00423
1.00455
1.00487
1.00517
1.00544
1.00566
1.00584
1.00601
1.00616
1.0063
1.00644
1.00655
1.00663
1.00668
1.00671
1.00671
1.00668
1.00663
1.00664
1.00637
1.00616
1.00599
1.00585
1.00569
1.00549
1.00528
1.00505
1.00481
1.00456
1.00432
1.0041
1.00391
1.00376
1.00364
1.00358
1.00355
1.00355
1.00355
1.00356
1.00357
1.00358
1.0036
1.00361
1.00366
1.00372
1.00364
1.00359
1.00354
1.00349
1.00342
1.00332
1.0032
1.00303
1.00283
1.0026
1.00234
1.0021
1.0019
1.00177
1.0017
1.00167
1.00167
1.00168
1.00171
1.00174
1.00177
1.0018
1.00182
1.00186
1.00199
0.987894
0.988416
0.989054
0.989761
0.990527
0.99136
0.992271
0.99326
0.99432
0.995444
0.996635
0.997909
0.99929
1.0008
1.00246
1.00427
1.00621
1.00824
1.0104
1.01279
1.01516
1.01781
1.02071
1.0239
1.02723
1.03057
1.03373
1.03646
1.03862
1.03997
1.04039
1.04027
1.03974
1.03866
1.03708
1.03516
1.03302
1.03076
1.02843
1.02608
1.02374
1.02143
1.01919
1.01706
1.01518
1.0135
1.01151
1.00981
1.00839
1.0075
1.00709
1.00708
1.0072
1.00755
1.00807
1.00868
1.00933
1.00998
1.01063
1.01127
1.0119
1.01253
1.01316
1.01377
1.01438
1.01499
1.01561
1.01621
1.01684
1.01748
1.01822
1.01813
1.01814
1.01808
1.01793
1.01762
1.01715
1.01652
1.01578
1.01494
1.01404
1.01311
1.01219
1.0113
1.01044
1.00964
1.00891
1.00824
1.00764
1.00707
1.00654
1.00604
1.00556
1.00509
1.00466
1.00425
1.00403
1.00369
1.00331
1.00306
1.00307
1.00318
1.00345
1.00386
1.00442
1.00511
1.0059
1.00679
1.00773
1.00871
1.0097
1.0107
1.01168
1.01264
1.01356
1.01443
1.01521
1.01588
1.0164
1.01677
1.01694
1.01696
1.01673
1.01634
1.01569
1.01485
1.0139
1.01288
1.01181
1.01072
1.00961
1.00853
1.0075
1.00656
1.00571
1.00499
1.00444
1.0041
1.00397
1.00397
1.00406
1.0043
1.00464
1.00508
1.00559
1.00619
1.00701
1.00753
1.00812
1.00857
1.00891
1.00916
1.00937
1.00954
1.00964
1.00964
1.00956
1.00938
1.00907
1.00865
1.00812
1.00753
1.0069
1.00628
1.00569
1.00515
1.00468
1.00429
1.00401
1.00385
1.00379
1.00382
1.00399
1.00396
1.00412
1.00432
1.00454
1.00478
1.005
1.0052
1.00539
1.00559
1.00579
1.00597
1.00612
1.00625
1.00637
1.00647
1.00658
1.00667
1.00675
1.00681
1.00686
1.00687
1.00687
1.00684
1.0068
1.00674
1.00675
1.00648
1.00628
1.00612
1.00598
1.0058
1.00558
1.00534
1.00509
1.00482
1.00457
1.00434
1.00416
1.00402
1.00393
1.00388
1.00387
1.00388
1.00389
1.00391
1.00392
1.00393
1.00394
1.00395
1.00397
1.004
1.00411
1.00401
1.00394
1.00387
1.00382
1.00372
1.0036
1.00343
1.00323
1.00299
1.00274
1.0025
1.00229
1.00213
1.00203
1.00199
1.00198
1.002
1.00203
1.00207
1.0021
1.00214
1.00218
1.00221
1.00224
1.00238
0.987291
0.987651
0.988143
0.988727
0.989389
0.99014
0.990997
0.991968
0.993049
0.994231
0.995517
0.99692
0.998463
1.00017
1.00206
1.00412
1.00635
1.00878
1.01142
1.01431
1.01718
1.02027
1.02348
1.02681
1.02997
1.03277
1.03508
1.03679
1.03749
1.03744
1.03701
1.036
1.03451
1.03268
1.03066
1.02854
1.0264
1.02428
1.02223
1.02025
1.01838
1.01663
1.01506
1.01371
1.01298
1.01177
1.01061
1.00974
1.00933
1.00928
1.00938
1.00963
1.00998
1.01035
1.01071
1.01107
1.01141
1.01175
1.01206
1.01237
1.01266
1.01295
1.01324
1.01354
1.01384
1.01414
1.01443
1.01469
1.01493
1.0151
1.01529
1.01479
1.0143
1.01385
1.01341
1.0129
1.01232
1.01168
1.01103
1.01038
1.00975
1.00918
1.00866
1.0082
1.0078
1.00744
1.00713
1.00686
1.00662
1.0064
1.00619
1.00598
1.00578
1.00559
1.00545
1.00545
1.00555
1.00545
1.00532
1.00533
1.00546
1.00571
1.00608
1.00654
1.00707
1.00765
1.00827
1.00891
1.00957
1.01024
1.01091
1.01157
1.01221
1.01282
1.01339
1.01388
1.01429
1.01459
1.01477
1.01484
1.01482
1.01473
1.01434
1.01381
1.01309
1.01228
1.01144
1.01062
1.00981
1.00903
1.00828
1.00759
1.00698
1.00647
1.00609
1.00587
1.00579
1.0058
1.0059
1.00611
1.0064
1.00673
1.0071
1.0075
1.00793
1.00841
1.00906
1.00935
1.00965
1.00974
1.00973
1.00968
1.0096
1.00951
1.0094
1.00924
1.00902
1.00873
1.00837
1.00796
1.00751
1.00706
1.00663
1.00623
1.00587
1.00557
1.00532
1.00516
1.00511
1.00512
1.00516
1.00529
1.00561
1.00563
1.00577
1.00593
1.00608
1.00621
1.00632
1.00639
1.00646
1.00654
1.00662
1.00668
1.00675
1.00682
1.00689
1.00695
1.00702
1.00706
1.00709
1.0071
1.00709
1.00706
1.00703
1.00699
1.00695
1.00689
1.0069
1.00662
1.00643
1.00628
1.00612
1.00593
1.00567
1.0054
1.00512
1.00485
1.00462
1.00445
1.00435
1.00429
1.00428
1.00429
1.00431
1.00434
1.00436
1.00438
1.00438
1.00439
1.00438
1.00439
1.0044
1.00443
1.00456
1.00443
1.00434
1.00425
1.00416
1.00403
1.00386
1.00365
1.0034
1.00314
1.00291
1.00271
1.00257
1.00248
1.00244
1.00243
1.00244
1.00247
1.00252
1.00256
1.00259
1.00263
1.00265
1.00267
1.0027
1.00283
0.98745
0.987873
0.988452
0.989154
0.989975
0.990932
0.992047
0.993328
0.994774
0.996379
0.998143
1.00007
1.00218
1.00447
1.00693
1.00954
1.01226
1.01506
1.01793
1.02093
1.02362
1.02624
1.0286
1.03073
1.03259
1.034
1.03449
1.03439
1.03387
1.03283
1.03137
1.02966
1.02783
1.02597
1.02412
1.02235
1.02066
1.01908
1.01762
1.0163
1.01513
1.01409
1.01324
1.01266
1.01288
1.01222
1.01158
1.01114
1.01108
1.01111
1.0112
1.0113
1.01136
1.01139
1.0114
1.01137
1.01133
1.0113
1.01127
1.01126
1.01127
1.0113
1.01135
1.0114
1.01146
1.01151
1.01154
1.01154
1.01152
1.01147
1.01148
1.01074
1.01011
1.00964
1.00928
1.00891
1.00853
1.00817
1.00786
1.00759
1.00737
1.0072
1.00708
1.00699
1.00693
1.00689
1.00686
1.00683
1.00681
1.00679
1.00677
1.00676
1.00677
1.00681
1.00689
1.00708
1.00742
1.00738
1.00733
1.00738
1.00755
1.0078
1.00812
1.00847
1.00884
1.00922
1.0096
1.01
1.01041
1.01083
1.01124
1.01164
1.01201
1.01233
1.0126
1.01281
1.01293
1.01298
1.01296
1.0129
1.01278
1.01264
1.01223
1.01173
1.01109
1.01045
1.00987
1.00935
1.00887
1.00845
1.00808
1.00779
1.00761
1.00753
1.00752
1.00758
1.00772
1.00792
1.00816
1.00842
1.00868
1.00895
1.00923
1.0095
1.00978
1.01008
1.0105
1.01048
1.01048
1.01034
1.01008
1.00977
1.00949
1.00926
1.00904
1.00883
1.00859
1.00833
1.00805
1.00777
1.0075
1.00724
1.00701
1.00682
1.00666
1.00654
1.00648
1.00646
1.0065
1.00659
1.0067
1.0069
1.00728
1.00723
1.0073
1.00736
1.00738
1.00739
1.00737
1.00732
1.00728
1.00725
1.00725
1.00727
1.00729
1.00733
1.00738
1.00741
1.00743
1.00742
1.0074
1.00735
1.0073
1.00724
1.00719
1.00715
1.00711
1.0071
1.00706
1.00679
1.00661
1.00644
1.00625
1.00601
1.00573
1.00544
1.00518
1.00497
1.00483
1.00476
1.00475
1.00477
1.00481
1.00484
1.00487
1.00489
1.0049
1.0049
1.00489
1.00487
1.00485
1.00484
1.00485
1.00488
1.005
1.00485
1.00474
1.00462
1.00449
1.00431
1.00408
1.00382
1.00356
1.00333
1.00316
1.00305
1.003
1.00298
1.00298
1.00299
1.00302
1.00305
1.00308
1.0031
1.00311
1.00313
1.00314
1.00314
1.00315
1.00326
0.988644
0.989488
0.990533
0.991766
0.9932
0.994847
0.996706
0.998759
1.00098
1.00335
1.00583
1.00841
1.01103
1.01367
1.01627
1.01881
1.02123
1.02349
1.02555
1.02754
1.02887
1.03012
1.03108
1.03158
1.03155
1.03121
1.03042
1.02927
1.02791
1.02645
1.02494
1.02346
1.02203
1.02068
1.01943
1.01828
1.01724
1.01631
1.01548
1.01475
1.01415
1.01367
1.01341
1.01343
1.01403
1.01328
1.01265
1.01218
1.01195
1.01175
1.01151
1.01122
1.0109
1.01055
1.01021
1.00989
1.00959
1.00933
1.00911
1.00892
1.00877
1.00866
1.00857
1.0085
1.00844
1.00838
1.00832
1.00825
1.00822
1.00821
1.00829
1.00746
1.00697
1.00674
1.00666
1.00657
1.00651
1.00649
1.00652
1.00659
1.00668
1.00678
1.0069
1.00702
1.00713
1.00724
1.00735
1.00745
1.00754
1.00764
1.00773
1.00782
1.00794
1.00806
1.00824
1.00851
1.00893
1.00884
1.00869
1.00868
1.00877
1.00893
1.00911
1.00931
1.00952
1.00974
1.00998
1.01024
1.01051
1.01077
1.01102
1.01124
1.01142
1.01155
1.01164
1.01168
1.01168
1.01164
1.01156
1.01146
1.01138
1.01132
1.01104
1.01069
1.01025
1.00987
1.00958
1.00936
1.0092
1.0091
1.00905
1.00906
1.00912
1.00924
1.00939
1.00957
1.00975
1.00994
1.01012
1.01028
1.01043
1.01057
1.0107
1.01082
1.01095
1.01107
1.01125
1.01104
1.01085
1.0105
1.01005
1.00963
1.00931
1.00908
1.00891
1.00876
1.00863
1.00849
1.00836
1.00824
1.00813
1.00803
1.00795
1.00788
1.00783
1.00781
1.00781
1.00784
1.00791
1.00801
1.00813
1.0083
1.00861
1.0085
1.00848
1.00843
1.00832
1.0082
1.00805
1.00792
1.00782
1.00777
1.00775
1.00776
1.00778
1.0078
1.00781
1.0078
1.00777
1.00771
1.00764
1.00756
1.00747
1.00741
1.00736
1.00731
1.00728
1.00733
1.00717
1.00696
1.00678
1.0066
1.00636
1.00607
1.00579
1.00555
1.00538
1.00528
1.00526
1.00529
1.00533
1.00538
1.00542
1.00544
1.00545
1.00544
1.00542
1.00538
1.00535
1.00531
1.00527
1.00525
1.00525
1.00527
1.00538
1.00522
1.0051
1.00495
1.00477
1.00454
1.00427
1.00401
1.00379
1.00364
1.00358
1.00356
1.00356
1.00358
1.0036
1.00362
1.00363
1.00363
1.00362
1.0036
1.00359
1.00358
1.00356
1.00353
1.00352
1.0036
0.992686
0.994542
0.996659
0.999018
1.00159
1.00431
1.00713
1.00998
1.01278
1.01548
1.01802
1.02034
1.0224
1.02418
1.02566
1.02686
1.02781
1.0286
1.02919
1.02974
1.02946
1.02902
1.02834
1.02753
1.02659
1.02558
1.0245
1.02341
1.02234
1.02131
1.02035
1.01947
1.01866
1.01793
1.01726
1.01666
1.01612
1.01564
1.01523
1.01486
1.01455
1.01428
1.01412
1.01413
1.01468
1.01361
1.0127
1.012
1.01148
1.01095
1.01039
1.00983
1.00926
1.00872
1.00822
1.00777
1.00737
1.00703
1.00674
1.0065
1.00631
1.00617
1.00607
1.006
1.00595
1.00592
1.00591
1.00593
1.00602
1.00619
1.00646
1.00555
1.00536
1.00542
1.00558
1.00575
1.00595
1.00618
1.00642
1.00667
1.0069
1.00713
1.00734
1.00753
1.00772
1.00788
1.00803
1.00818
1.00831
1.00844
1.00856
1.00868
1.00881
1.00895
1.00913
1.0094
1.00977
1.00958
1.00926
1.00909
1.00911
1.00918
1.00929
1.00942
1.00959
1.00978
1.00999
1.0102
1.0104
1.01058
1.01073
1.01085
1.01093
1.01099
1.01102
1.01103
1.01101
1.01099
1.01095
1.01096
1.01101
1.01112
1.01101
1.01083
1.01059
1.01045
1.0104
1.0104
1.01043
1.01049
1.01059
1.01072
1.01085
1.01099
1.01112
1.01123
1.01132
1.01139
1.01145
1.01149
1.01151
1.01153
1.01154
1.01154
1.01155
1.01155
1.01157
1.0113
1.01098
1.0105
1.00999
1.00961
1.00939
1.00929
1.00925
1.00923
1.00922
1.00922
1.0092
1.00917
1.00914
1.00911
1.00908
1.00906
1.00904
1.00903
1.00903
1.00904
1.00908
1.00913
1.00921
1.00932
1.00954
1.00937
1.00927
1.00912
1.00891
1.00869
1.00848
1.00833
1.00826
1.00823
1.00822
1.00823
1.00824
1.00822
1.00819
1.00813
1.00804
1.00795
1.00785
1.00775
1.00766
1.00758
1.00752
1.00749
1.00749
1.00757
1.00737
1.00718
1.00698
1.00675
1.00647
1.00619
1.00597
1.00586
1.00582
1.00584
1.00589
1.00594
1.00599
1.00601
1.00601
1.00599
1.00596
1.00591
1.00586
1.0058
1.00575
1.00569
1.00564
1.0056
1.00559
1.00561
1.00569
1.00557
1.00543
1.00524
1.00501
1.00475
1.00449
1.00428
1.00418
1.00416
1.00416
1.00419
1.00422
1.00423
1.00422
1.00421
1.00418
1.00414
1.00408
1.00403
1.00398
1.00393
1.00388
1.00382
1.00379
1.00384
1.00265
1.00596
1.00937
1.01277
1.01606
1.01913
1.02188
1.02425
1.0262
1.02772
1.02877
1.02935
1.02956
1.02955
1.02938
1.02896
1.02833
1.0276
1.02686
1.02637
1.02511
1.02403
1.0231
1.02231
1.02158
1.02089
1.02026
1.01968
1.01915
1.01868
1.01826
1.01787
1.01752
1.01719
1.01688
1.01659
1.01629
1.01599
1.01567
1.01534
1.01499
1.01465
1.01436
1.01415
1.01436
1.01303
1.01191
1.01103
1.01029
1.00958
1.00887
1.00819
1.00755
1.00695
1.00642
1.00595
1.00555
1.00521
1.00494
1.00473
1.00458
1.00448
1.00443
1.00442
1.00445
1.00451
1.00461
1.00476
1.005
1.00534
1.00575
1.00489
1.0049
1.00513
1.00549
1.00583
1.00618
1.00652
1.00685
1.00715
1.00742
1.00767
1.0079
1.0081
1.00829
1.00846
1.00862
1.00876
1.00889
1.009
1.00911
1.00922
1.00932
1.00944
1.0096
1.00981
1.01006
1.00973
1.00925
1.00904
1.00906
1.00914
1.00928
1.00947
1.00968
1.00991
1.01012
1.01031
1.01047
1.0106
1.01071
1.0108
1.01087
1.01092
1.01097
1.01101
1.01105
1.0111
1.01118
1.0113
1.0115
1.01178
1.01182
1.01174
1.01164
1.01163
1.01168
1.01177
1.01187
1.01198
1.01208
1.01218
1.01225
1.01229
1.01232
1.01231
1.0123
1.01227
1.01223
1.01218
1.01212
1.01206
1.012
1.01193
1.01188
1.01183
1.01177
1.01147
1.01106
1.01053
1.01013
1.00994
1.00991
1.00994
1.01002
1.0101
1.01016
1.0102
1.01021
1.0102
1.01018
1.01014
1.01011
1.01007
1.01003
1.01
1.00997
1.00994
1.00993
1.00993
1.00995
1.01001
1.01014
1.00995
1.00979
1.00954
1.00925
1.009
1.00884
1.00875
1.00873
1.00873
1.00872
1.00871
1.00867
1.0086
1.00852
1.00841
1.0083
1.00819
1.00809
1.00799
1.0079
1.00782
1.00776
1.00774
1.00776
1.00784
1.00764
1.00743
1.0072
1.00692
1.00665
1.00647
1.0064
1.00642
1.00648
1.00653
1.00658
1.0066
1.0066
1.00657
1.00652
1.00646
1.00639
1.00633
1.00626
1.00619
1.00612
1.00606
1.00601
1.00596
1.00594
1.00596
1.00601
1.00592
1.00575
1.00551
1.00525
1.005
1.00483
1.00477
1.00478
1.00481
1.00485
1.00487
1.00486
1.00483
1.00478
1.00472
1.00465
1.00458
1.00449
1.00441
1.00434
1.00427
1.00418
1.00409
1.00404
1.00404
1.01584
1.01965
1.02313
1.02618
1.02871
1.03067
1.03204
1.0328
1.03303
1.03286
1.03224
1.03128
1.03014
1.0289
1.02762
1.02635
1.02515
1.02408
1.02318
1.0227
1.02123
1.02043
1.01987
1.01946
1.01909
1.01878
1.01852
1.01829
1.01809
1.01792
1.01776
1.0176
1.01745
1.01728
1.01709
1.01686
1.0166
1.01629
1.01593
1.01552
1.01507
1.01462
1.01421
1.01391
1.01382
1.01224
1.01109
1.01017
1.00935
1.00858
1.00784
1.00714
1.00649
1.0059
1.00539
1.00494
1.00457
1.00427
1.00403
1.00386
1.00376
1.00372
1.00372
1.00378
1.00387
1.00401
1.00419
1.00443
1.00478
1.00521
1.00563
1.0048
1.00495
1.00534
1.00579
1.00621
1.00662
1.00699
1.00732
1.00762
1.00789
1.00813
1.00835
1.00855
1.00872
1.00888
1.00902
1.00915
1.00926
1.00936
1.00945
1.00953
1.00962
1.00971
1.00985
1.01003
1.01011
1.00959
1.00906
1.00896
1.00906
1.00924
1.00948
1.00974
1.01
1.01023
1.01043
1.01059
1.01073
1.01084
1.01094
1.01103
1.01111
1.01119
1.01127
1.01136
1.01146
1.01159
1.01175
1.01198
1.0123
1.01262
1.01271
1.0126
1.01256
1.01261
1.01271
1.01281
1.01291
1.01298
1.01303
1.01305
1.01304
1.013
1.01295
1.01288
1.0128
1.01273
1.01264
1.01256
1.01247
1.01238
1.01228
1.0122
1.01213
1.01206
1.01193
1.01156
1.01105
1.01061
1.01044
1.01045
1.01055
1.01069
1.01082
1.01091
1.01096
1.01097
1.01096
1.01093
1.01089
1.01084
1.01079
1.01073
1.01067
1.01061
1.01056
1.01051
1.01046
1.01044
1.01044
1.01048
1.01056
1.01031
1.01005
1.00971
1.00942
1.00926
1.00919
1.00918
1.00918
1.00918
1.00914
1.00908
1.009
1.00889
1.00877
1.00866
1.00854
1.00843
1.00833
1.00823
1.00815
1.00809
1.00804
1.00803
1.00807
1.00815
1.00788
1.00762
1.00731
1.00704
1.00689
1.00687
1.00693
1.00701
1.00708
1.00711
1.00711
1.00708
1.00703
1.00696
1.00688
1.00681
1.00673
1.00665
1.00658
1.00651
1.00644
1.00638
1.00632
1.00628
1.00627
1.0063
1.00633
1.00622
1.00597
1.00567
1.00542
1.00528
1.00527
1.0053
1.00536
1.0054
1.0054
1.00538
1.00533
1.00526
1.00518
1.00509
1.005
1.0049
1.00481
1.00472
1.00464
1.00454
1.00443
1.00432
1.00429
1.00427
)
;

boundaryField
{
    inlet
    {
        type            fixedValue;
        value           uniform 1;
    }
    outlet
    {
        type            zeroGradient;
    }
    walls
    {
        type            zeroGradient;
    }
    symwall
    {
        type            empty;
    }
}


// ************************************************************************* //
