/*--------------------------------*- C++ -*----------------------------------*\
| =========                 |                                                 |
| \\      /  F ield         | OpenFOAM: The Open Source CFD Toolbox           |
|  \\    /   O peration     | Version:  2312                                  |
|   \\  /    A nd           | Website:  www.openfoam.com                      |
|    \\/     M anipulation  |                                                 |
\*---------------------------------------------------------------------------*/
FoamFile
{
    version     2.0;
    format      ascii;
    arch        "LSB;label=64;scalar=64";
    class       volVectorField;
    location    "0.05";
    object      U;
}
// * * * * * * * * * * * * * * * * * * * * * * * * * * * * * * * * * * * * * //

dimensions      [0 1 -1 0 0 0 0];

internalField   nonuniform List<vector> 
150
(
(1.72441e-05 0 0)
(5.23454e-05 0 0)
(7.73649e-05 0 0)
(0.000110718 0 0)
(0.000143489 0 0)
(0.000180763 0 0)
(0.000220838 0 0)
(0.00026481 0 0)
(0.000313811 0 0)
(0.000367979 0 0)
(0.000428338 0 0)
(0.000495669 0 0)
(0.00057063 0 0)
(0.000654209 0 0)
(0.000747149 0 0)
(0.000850387 0 0)
(0.000964762 0 0)
(0.00109117 0 0)
(0.00123047 0 0)
(0.00138346 0 0)
(0.00155099 0 0)
(0.00173362 0 0)
(0.00193236 0 0)
(0.00214701 0 0)
(0.00237896 0 0)
(0.00262713 0 0)
(0.00289359 0 0)
(0.00317469 0 0)
(0.003476 0 0)
(0.0037871 0 0)
(0.00412283 0 0)
(0.00445721 0 0)
(0.00482644 0 0)
(0.00517447 0 0)
(0.00557388 0 0)
(0.00592675 0 0)
(0.00634553 0 0)
(0.00669788 0 0)
(0.00711878 0 0)
(0.00746603 0 0)
(0.00787245 0 0)
(0.00820515 0 0)
(0.00858712 0 0)
(0.00889804 0 0)
(0.00924427 0 0)
(0.00951855 0 0)
(0.0098134 0 0)
(0.0100441 0 0)
(0.0102741 0 0)
(0.0104618 0 0)
(0.010623 0 0)
(0.010739 0 0)
(0.0108434 0 0)
(0.0108923 0 0)
(0.0109339 0 0)
(0.0109133 0 0)
(0.0108937 0 0)
(0.0108075 0 0)
(0.0107298 0 0)
(0.0105831 0 0)
(0.010452 0 0)
(0.0102522 0 0)
(0.0100733 0 0)
(0.00982948 0 0)
(0.00960889 0 0)
(0.00933118 0 0)
(0.00907858 0 0)
(0.00877871 0 0)
(0.00849937 0 0)
(0.00818397 0 0)
(0.00788572 0 0)
(0.00756127 0 0)
(0.00725416 0 0)
(0.00692509 0 0)
(0.00661766 0 0)
(0.00629095 0 0)
(0.00598691 0 0)
(0.00567051 0 0)
(0.00537404 0 0)
(0.00507224 0 0)
(0.00478707 0 0)
(0.00450347 0 0)
(0.00423401 0 0)
(0.00396947 0 0)
(0.00371886 0 0)
(0.00347466 0 0)
(0.00324439 0 0)
(0.00302136 0 0)
(0.00281207 0 0)
(0.00261041 0 0)
(0.0024221 0 0)
(0.00224147 0 0)
(0.00207363 0 0)
(0.00191328 0 0)
(0.001765 0 0)
(0.00162383 0 0)
(0.00149392 0 0)
(0.00137062 0 0)
(0.00125768 0 0)
(0.00115081 0 0)
(0.00105333 0 0)
(0.000961378 0 0)
(0.000877796 0 0)
(0.00079923 0 0)
(0.000728034 0 0)
(0.000661336 0 0)
(0.000601062 0 0)
(0.000544796 0 0)
(0.000494046 0 0)
(0.000446894 0 0)
(0.000404352 0 0)
(0.000365104 0 0)
(0.000329597 0 0)
(0.000297111 0 0)
(0.000267639 0 0)
(0.000240849 0 0)
(0.00021655 0 0)
(0.000194513 0 0)
(0.00017462 0 0)
(0.000156504 0 0)
(0.000140383 0 0)
(0.000125445 0 0)
(0.000112523 0 0)
(0.000100224 0 0)
(8.98544e-05 0 0)
(7.98761e-05 0 0)
(7.14634e-05 0 0)
(6.3485e-05 0 0)
(5.66376e-05 0 0)
(5.02755e-05 0 0)
(4.47346e-05 0 0)
(3.96517e-05 0 0)
(3.51855e-05 0 0)
(3.11232e-05 0 0)
(2.75382e-05 0 0)
(2.42316e-05 0 0)
(2.14084e-05 0 0)
(1.87403e-05 0 0)
(1.64174e-05 0 0)
(1.43458e-05 0 0)
(1.23677e-05 0 0)
(1.06704e-05 0 0)
(9.07372e-06 0 0)
(7.59572e-06 0 0)
(6.32682e-06 0 0)
(5.03667e-06 0 0)
(3.77733e-06 0 0)
(3.07246e-06 0 0)
(1.54367e-06 0 0)
(8.41355e-07 0 0)
)
;

boundaryField
{
    leftAndRight
    {
        type            fixedValue;
        value           uniform (0 0 0);
    }
    frontAndBack
    {
        type            empty;
    }
    topAndBottom
    {
        type            empty;
    }
}


// ************************************************************************* //
