/*--------------------------------*- C++ -*----------------------------------*\
  =========                 |
  \\      /  F ield         | OpenFOAM: The Open Source CFD Toolbox
   \\    /   O peration     | Website:  https://openfoam.org
    \\  /    A nd           | Version:  14
     \\/     M anipulation  |
\*---------------------------------------------------------------------------*/
FoamFile
{
    format      ascii;
    class       surfaceScalarField;
    location    "0.4";
    object      phi;
}
// * * * * * * * * * * * * * * * * * * * * * * * * * * * * * * * * * * * * * //

dimensions      [0 3 -1 0 0 0 0];

internalField   nonuniform List<scalar> 
760
(
2.03882e-12
2.03881e-12
3.44871e-13
1.69395e-12
8.5374e-14
2.59499e-13
1.50469e-14
7.03424e-14
8.2895e-15
6.82306e-15
3.67505e-14
-2.81932e-14
8.88007e-14
-5.09665e-14
-2.22509e-13
3.15593e-13
-2.53058e-12
2.32365e-12
3.83627e-12
-6.33131e-12
1.69381e-12
3.44996e-13
1.69321e-12
1.69455e-12
5.82932e-13
1.36978e-12
1.27511e-13
5.25797e-13
8.26985e-14
5.18135e-14
3.67631e-13
-3.12364e-13
8.84805e-13
-5.65042e-13
-2.25155e-12
3.46415e-12
-2.54773e-11
2.55934e-11
4.21896e-11
-6.37306e-11
2.588e-13
8.61923e-14
1.36351e-12
5.89833e-13
1.35311e-12
1.38017e-12
5.55675e-13
1.32329e-12
5.20049e-13
8.78222e-14
2.35077e-12
-2.1412e-12
5.61743e-12
-3.82382e-12
-1.47589e-11
2.38714e-11
-1.65328e-10
1.76274e-10
2.90547e-10
-4.13437e-10
7.01224e-14
1.60542e-14
5.25234e-13
1.34685e-13
1.34181e-12
5.63528e-13
1.53132e-12
1.13376e-12
2.85931e-12
-1.23959e-12
1.31198e-11
-1.23981e-11
3.09242e-11
-2.16118e-11
-8.74833e-11
1.42344e-10
-9.58618e-10
1.04764e-09
1.72818e-09
-2.39575e-09
1.84323e-14
-2.44368e-15
1.80587e-13
-2.76493e-14
9.65616e-13
-2.21901e-13
3.80851e-12
-1.7098e-12
1.49491e-11
-1.23803e-11
6.5777e-11
-6.32212e-11
1.50698e-10
-1.06506e-10
-5.10535e-10
8.0369e-10
-5.33398e-09
5.87147e-09
9.70879e-09
-1.33138e-08
3.30948e-14
-3.5808e-14
3.62938e-13
-3.5826e-13
2.43226e-12
-2.29312e-12
1.35562e-11
-1.28374e-11
6.58808e-11
-6.47103e-11
2.65444e-10
-2.62786e-10
5.51329e-10
-3.92358e-10
-3.07661e-09
4.43177e-09
-2.9142e-08
3.19373e-08
5.31558e-08
-7.2588e-08
5.23298e-14
-8.92233e-14
5.79888e-13
-8.88925e-13
3.92126e-12
-5.64242e-12
2.21171e-11
-3.10498e-11
1.08613e-10
-1.51234e-10
3.98996e-10
-5.53205e-10
-1.23516e-10
1.30149e-10
-2.00511e-08
2.43595e-08
-1.56947e-07
1.68834e-07
2.8671e-07
-3.90501e-07
-3.00752e-13
2.0746e-13
-3.3037e-12
2.10241e-12
-2.28006e-11
1.38248e-11
-1.36431e-10
8.25178e-11
-7.76228e-10
4.88452e-10
-4.34648e-09
3.0169e-09
-2.4425e-08
2.02085e-08
-1.44931e-07
1.44866e-07
-8.2251e-07
8.46413e-07
1.52021e-06
-2.05601e-06
-2.74618e-12
2.9394e-12
-3.0278e-11
2.95939e-11
-2.08598e-10
1.92043e-10
-1.23976e-09
1.11347e-09
-6.94593e-09
6.19426e-09
-3.7735e-08
3.38055e-08
-1.98625e-07
1.81098e-07
-9.76914e-07
9.23154e-07
-4.15315e-06
4.02265e-06
7.39926e-06
-1.00322e-05
-1.73138e-11
2.02136e-11
-1.9116e-10
2.03329e-10
-1.31628e-09
1.31689e-09
-7.80406e-09
7.60068e-09
-4.3445e-08
4.18343e-08
-2.32331e-07
2.22691e-07
-1.17814e-06
1.1269e-06
-5.35639e-06
5.10141e-06
-1.98084e-05
1.84746e-05
-4.0425e-05
2.80159e-05
-2.84894e-12
-3.52944e-12
-3.05165e-13
-2.54731e-12
9.30117e-14
-3.97233e-13
4.03413e-14
5.24862e-14
6.37863e-15
3.38715e-14
-4.52205e-16
6.92703e-15
-4.47643e-16
-2.9727e-17
-7.41432e-17
-3.82247e-16
3.07155e-18
-7.44832e-17
4.50994e-18
-2.86827e-11
-3.871e-11
-3.08328e-12
-2.81567e-11
9.25812e-13
-4.40341e-12
4.03337e-13
5.74323e-13
6.53457e-14
3.71616e-13
-2.9162e-15
7.54353e-14
-3.72512e-15
7.42079e-16
-7.60281e-16
-3.37823e-15
-8.27724e-17
-7.55811e-16
-7.20939e-17
-1.86138e-10
-2.6634e-10
-2.01473e-11
-1.94173e-10
5.8647e-12
-3.04072e-11
2.57721e-12
3.85991e-12
4.36412e-13
2.51179e-12
2.26812e-15
5.10065e-13
-1.39637e-14
1.69946e-14
-3.31185e-15
-1.41394e-14
-3.64278e-16
-3.75204e-15
-4.4951e-16
-1.07944e-09
-1.58332e-09
-1.18588e-10
-1.15507e-09
3.21081e-11
-1.81084e-10
1.43661e-11
2.15976e-11
2.65144e-12
1.42249e-11
2.53999e-13
2.90805e-12
1.73477e-14
2.54083e-13
9.95263e-16
2.12007e-15
7.36311e-17
-2.95317e-15
-4.56264e-16
-6.00846e-09
-8.88973e-09
-6.81588e-10
-6.48203e-09
1.54072e-10
-1.0167e-09
7.17147e-11
1.0395e-10
1.54871e-11
7.04476e-11
2.90489e-12
1.5489e-11
5.07571e-13
2.65252e-12
7.42844e-14
4.364e-13
6.58438e-15
6.53219e-14
6.37499e-15
-3.28558e-08
-4.86232e-08
-3.9827e-09
-3.53553e-08
5.30898e-10
-5.53024e-09
2.83544e-10
3.51311e-10
7.05988e-11
2.83378e-10
1.42781e-11
7.18019e-11
2.52364e-12
1.44048e-11
3.73834e-13
2.58544e-12
3.42026e-14
4.04679e-13
4.04771e-14
-1.77272e-07
-2.61853e-07
-2.46174e-08
-1.8801e-07
-6.03011e-10
-2.95446e-08
3.50096e-10
-6.0172e-10
1.02175e-10
5.31297e-10
2.11682e-11
1.5279e-10
3.78804e-12
3.17706e-11
5.65886e-13
5.80031e-12
5.23239e-14
9.1556e-13
9.19807e-14
-9.30196e-07
-1.38767e-06
-1.67341e-07
-9.50865e-07
-2.86632e-08
-1.68222e-07
-5.13934e-09
-2.41254e-08
-9.20923e-10
-3.68696e-09
-1.62109e-10
-6.05908e-10
-2.7102e-11
-1.03174e-10
-3.92391e-12
-1.73512e-11
-3.55873e-13
-2.64333e-12
-2.61069e-13
-4.65056e-06
-6.76931e-06
-1.07815e-06
-4.52328e-06
-2.16314e-07
-1.03005e-06
-4.08283e-08
-1.99612e-07
-7.494e-09
-3.70218e-08
-1.33565e-09
-6.76463e-09
-2.24457e-10
-1.21457e-09
-3.25174e-11
-2.09376e-10
-2.93285e-12
-3.22582e-11
-3.20375e-12
-2.18086e-05
-2.53857e-05
-6.00299e-06
-2.03289e-05
-1.32528e-06
-5.70776e-06
-2.61729e-07
-1.26317e-06
-4.89732e-08
-2.49775e-07
-8.80005e-09
-4.69357e-08
-1.48466e-09
-8.52878e-09
-2.15692e-10
-1.47779e-09
-1.95557e-11
-2.28178e-10
-2.26842e-11
-5.27059e-11
7.29574e-11
-5.82382e-10
7.33112e-10
-4.00211e-09
4.73688e-09
-2.35831e-08
2.71822e-08
-1.29211e-07
1.47463e-07
-6.63133e-07
7.56614e-07
-3.04074e-06
3.50451e-06
-1.15271e-05
1.35878e-05
-3.05747e-05
3.75222e-05
3.6012e-05
-3.85708e-05
-1.04781e-10
1.77751e-10
-1.15322e-09
1.78159e-09
-7.86024e-09
1.1444e-08
-4.53874e-08
6.47096e-08
-2.36097e-07
3.38173e-07
-1.06513e-06
1.58565e-06
-3.79641e-06
6.23579e-06
-8.35459e-06
1.81459e-05
3.91444e-06
2.52532e-05
1.39546e-05
2.59718e-05
-2.41732e-10
4.19479e-10
-2.63828e-09
4.17813e-09
-1.76349e-08
2.64406e-08
-9.68546e-08
1.43929e-07
-4.44821e-07
6.86139e-07
-1.5765e-06
2.71733e-06
-3.30081e-06
7.9601e-06
3.55027e-06
1.12949e-05
2.08378e-05
7.96567e-06
3.51956e-06
3.12729e-05
-5.61688e-10
9.81168e-10
-6.00463e-09
9.62107e-09
-3.81825e-08
5.86185e-08
-1.85169e-07
2.90916e-07
-6.6936e-07
1.17033e-06
-1.40024e-06
3.44821e-06
1.67254e-06
4.88732e-06
9.49882e-06
3.46857e-06
1.5575e-05
1.8895e-06
7.35788e-07
1.83588e-05
-1.30387e-09
2.28504e-09
-1.31995e-08
2.15167e-08
-7.38724e-08
1.19291e-07
-2.81212e-07
4.98256e-07
-5.97151e-07
1.48627e-06
7.49175e-07
2.10188e-06
4.1582e-06
1.4783e-06
6.81641e-06
8.10372e-07
8.32227e-06
3.83644e-07
1.3994e-07
8.91811e-06
-2.95284e-09
5.23788e-09
-2.58234e-08
4.43873e-08
-1.13283e-07
2.06751e-07
-2.54826e-07
6.39799e-07
3.32718e-07
8.98724e-07
1.81288e-06
6.21725e-07
2.95396e-06
3.37218e-07
3.60368e-06
1.60647e-07
3.91641e-06
7.09202e-08
2.52469e-08
4.0311e-06
-6.16338e-09
1.14013e-08
-4.1945e-08
8.01689e-08
-1.09819e-07
2.74625e-07
1.48706e-07
3.81275e-07
7.95882e-07
2.51547e-07
1.28325e-06
1.3436e-07
1.55723e-06
6.32359e-08
1.6898e-06
2.80757e-08
1.74864e-06
1.20771e-08
4.26288e-09
1.76963e-06
-1.01424e-08
2.15436e-08
-4.96773e-08
1.19704e-07
6.98375e-08
1.5511e-07
3.58668e-07
9.24439e-08
5.63269e-07
4.69468e-08
6.75821e-07
2.18083e-08
7.29514e-07
9.54249e-09
7.53462e-07
4.12777e-09
7.6378e-07
1.75925e-09
6.19204e-10
7.67423e-07
-1.82807e-08
3.98243e-08
4.05835e-08
6.08397e-08
1.73254e-07
2.24397e-08
2.54602e-07
1.1096e-08
2.96753e-07
4.79509e-09
3.16502e-07
2.05988e-09
3.25168e-07
8.75956e-10
3.28921e-07
3.75228e-10
3.30521e-07
1.59314e-10
5.60648e-11
3.31084e-07
3.98243e-08
1.00664e-07
1.23104e-07
1.342e-07
1.38995e-07
1.41055e-07
1.41931e-07
1.42306e-07
1.42465e-07
1.42521e-07
-3.17701e-05
-3.21864e-05
-1.25684e-05
-3.95307e-05
-3.33466e-06
-1.49415e-05
-7.26839e-07
-3.87099e-06
-1.41594e-07
-8.35022e-07
-2.58429e-08
-1.62688e-07
-4.38567e-09
-2.99868e-08
-6.38188e-10
-5.22565e-09
-5.77499e-11
-8.08767e-10
-8.04871e-11
5.8484e-06
-1.2063e-05
-7.93684e-06
-2.57454e-05
-3.84273e-06
-1.90356e-05
-1.08841e-06
-6.62531e-06
-2.41743e-07
-1.68169e-06
-4.65049e-08
-3.57926e-07
-8.05618e-09
-6.84356e-08
-1.18215e-09
-1.20997e-08
-1.07423e-10
-1.8835e-09
-1.87913e-10
2.22728e-05
-3.06291e-06
4.43388e-06
-7.90648e-06
-3.09362e-06
-1.15081e-05
-1.55939e-06
-8.15955e-06
-4.44273e-07
-2.7968e-06
-9.70005e-08
-7.05198e-07
-1.76781e-08
-1.47758e-07
-2.64571e-09
-2.71321e-08
-2.42451e-10
-4.28676e-09
-4.30363e-10
1.59473e-05
-6.51444e-07
9.89994e-06
-1.85913e-06
1.87179e-06
-3.47993e-06
-1.35404e-06
-4.93372e-06
-6.64654e-07
-3.48618e-06
-1.84777e-07
-1.18507e-06
-3.81566e-08
-2.94379e-07
-6.00355e-09
-5.92851e-08
-5.61706e-10
-9.72861e-09
-9.92069e-10
8.39174e-06
-1.2507e-07
6.9103e-06
-3.77689e-07
4.23918e-06
-8.08804e-07
7.871e-07
-1.48165e-06
-5.88471e-07
-2.11061e-06
-2.8034e-07
-1.49321e-06
-7.38014e-08
-5.00917e-07
-1.31951e-08
-1.19891e-07
-1.30375e-09
-2.162e-08
-2.29581e-09
3.92869e-06
-2.26621e-08
3.6209e-06
-6.99024e-08
2.97239e-06
-1.60287e-07
1.8279e-06
-3.37156e-07
3.39648e-07
-6.22364e-07
-2.53258e-07
-9.003e-07
-1.13134e-07
-6.41042e-07
-2.58127e-08
-2.07212e-07
-2.95243e-09
-4.44802e-08
-5.24825e-09
1.7508e-06
-3.83348e-09
1.69281e-06
-1.19124e-08
1.56054e-06
-2.80218e-08
1.2866e-06
-6.32128e-08
7.98589e-07
-1.34355e-07
1.4994e-07
-2.5165e-07
-1.09551e-07
-3.81551e-07
-4.19272e-08
-2.74836e-07
-6.16277e-09
-8.02446e-08
-1.1411e-08
7.64147e-07
-5.57173e-10
7.53971e-07
-1.73592e-09
7.3007e-07
-4.12076e-09
6.76397e-07
-9.54026e-09
5.63849e-07
-2.18063e-08
3.59141e-07
-4.69428e-08
7.00487e-08
-9.24585e-08
-4.96347e-08
-1.55153e-07
-1.01407e-08
-1.19739e-07
-2.15517e-08
3.30577e-07
-5.04314e-11
3.28998e-07
-1.57249e-10
3.25252e-07
-3.74629e-10
3.16588e-07
-8.75854e-10
2.96842e-07
-2.05986e-09
2.54693e-07
-4.79472e-09
1.7333e-07
-1.10954e-08
4.0618e-08
-2.24406e-08
-1.82746e-08
-6.08461e-08
-3.98263e-08
1.42471e-07
1.42314e-07
1.41939e-07
1.41063e-07
1.39003e-07
1.34208e-07
1.23113e-07
1.00672e-07
3.98263e-08
)
;

boundaryField
{
    movingWall
    {
        type            calculated;
        value           uniform 0;
    }
    fixedWalls
    {
        type            calculated;
        value           uniform 0;
    }
    frontAndBack
    {
        type            empty;
    }
}


// ************************************************************************* //
