/*--------------------------------*- C++ -*----------------------------------*\
  =========                 |
  \\      /  F ield         | OpenFOAM: The Open Source CFD Toolbox
   \\    /   O peration     | Website:  https://openfoam.org
    \\  /    A nd           | Version:  14
     \\/     M anipulation  |
\*---------------------------------------------------------------------------*/
FoamFile
{
    format      ascii;
    class       labelField;
    location    "1.1/lagrangian/cloud";
    object      origId;
}
// * * * * * * * * * * * * * * * * * * * * * * * * * * * * * * * * * * * * * //


10045
(
1873
2165
1694
1926
1793
1968
1954
1462
1839
502
1566
227
1078
1965
2046
2257
2108
2293
2301
2365
2000
2185
2259
2212
2169
2333
2384
2367
2215
1790
1409
2111
2004
2062
2121
2127
2310
2190
2146
1203
1980
1651
680
1760
542
2038
1587
1618
589
1421
1610
1837
1770
2021
1534
2202
1311
1989
2216
2066
2071
2068
429
2099
2061
2030
2247
2239
2320
2351
2393
1824
2058
2048
2177
2077
2203
2107
2410
266
877
1210
1779
1830
1198
1227
1969
1746
2118
2088
1967
2181
2434
2025
2069
2255
2312
2042
1942
1897
1808
2280
1953
2091
2184
1947
2083
2226
1906
2017
2306
1334
740
2208
1945
2033
1978
1755
1847
1449
2089
1971
1075
2012
1950
2204
2297
2282
169
819
163
1609
2262
1848
1538
2244
2432
2421
808
1688
2214
2006
2515
2162
2147
2124
2274
2475
2399
2349
2589
615
2440
2521
2578
2632
2751
2326
2404
2448
2582
255
2186
1261
2507
2495
2528
2811
1807
1976
2628
2422
2529
2556
2564
2581
2547
2567
2700
2470
2291
2157
2508
2555
2537
2509
2488
2636
2616
2633
2596
2661
2533
2754
2699
2625
784
1291
893
552
513
1263
1912
2003
1596
1998
2411
2294
2394
2433
1780
2572
1963
2263
2095
2313
2308
2423
2575
2482
2606
2527
2671
2748
2635
2749
623
2428
2044
2387
2370
2409
2498
2398
2583
2504
2592
2576
2179
2550
2693
2198
1707
1122
2344
2427
2634
2189
2622
2568
2523
616
2322
2087
2463
2487
2474
2442
2447
2397
2340
2536
2630
2731
2767
618
2210
1741
2343
2327
1110
2102
2336
2389
2238
2346
2566
2303
2123
2224
2250
2400
2456
2484
2627
1531
1090
1775
2103
644
1581
2612
2435
2220
2640
2402
2286
2574
2750
2647
2670
2520
2615
1892
2601
2620
2681
2478
2512
2657
2685
2245
2417
2441
2798
2669
2703
2211
2347
2363
2514
2642
2585
2424
2539
2299
2617
2697
2824
2016
2348
2309
2314
2449
2454
2499
2605
2501
2692
2705
2170
2431
1876
492
2415
2329
2413
676
866
1052
1252
2375
1751
575
845
296
1659
2225
1325
480
2352
2739
2113
2355
2696
2217
2513
2453
1467
2462
1952
2001
309
883
2374
2571
2464
2728
2737
2418
2502
2530
2283
1882
2324
2546
365
2362
2458
2480
2406
2522
2461
2510
2563
2768
2388
2430
2412
2465
2711
2639
2494
2335
2497
1973
1546
2251
2405
2391
2678
2611
2614
2649
2770
2489
2248
1604
2041
2500
2496
2600
2531
2723
2331
2126
2171
2158
2548
2570
2534
2595
2429
2479
2691
2686
2221
708
2549
1340
1201
1810
1364
254
2626
2466
2438
1150
2230
2565
2043
1339
1750
1880
2284
1730
2477
2727
914
333
694
1154
95
37
258
2516
2483
2552
2553
2706
2676
2716
2765
2694
2823
2819
1960
1393
1958
1106
2292
2407
2265
2196
2278
2134
2193
2233
2339
2273
2390
2377
2176
2195
2059
2094
2116
2063
2067
2076
2100
1987
2112
2201
2120
2110
2356
2305
2258
2056
2005
2287
2289
2369
2298
2207
2279
2345
2074
2174
2311
1922
2040
2240
2276
2237
2319
115
1012
1507
1739
1321
1086
450
1919
2142
2300
2277
2039
1951
2168
2241
2145
2143
2234
2213
2136
1415
2385
2354
2246
2379
2188
1900
2253
2358
2373
2436
2218
2269
2086
462
1491
1632
1077
369
1983
862
1711
1349
1673
1988
2173
265
828
882
1654
560
741
1326
1487
56
1588
1670
1308
407
81
902
1705
1278
1290
534
1729
693
1257
147
878
1840
1979
1937
1986
1794
1935
1995
2010
379
1816
1782
1457
1625
698
1845
1826
1921
2011
1671
1605
1716
1423
1228
1572
812
1938
1911
1941
1871
1928
1836
1962
1669
1804
1359
1762
848
625
1920
2747
1908
2675
1811
2645
2229
2425
2869
2872
2815
2724
2668
952
1536
2222
1560
2782
2829
2805
2809
2200
2861
2845
786
2725
2593
2542
2505
2721
2101
2873
2604
2655
2878
2281
2093
1295
2791
2812
2922
2788
2698
2817
2780
2156
1652
1815
841
2271
2924
2745
2557
2769
2594
2717
2740
1719
2469
1896
2783
2180
2891
2905
2930
2607
2666
2684
2814
2468
2849
1990
2755
2852
2800
2588
2776
1959
2420
2910
2760
2881
2414
2598
2651
2932
2901
2579
2569
2704
2758
2445
2673
2735
2471
2799
2792
2942
2870
1370
1434
458
2738
2784
2940
2882
2889
2518
1497
2288
2968
2664
2672
2855
2839
2877
2983
2152
1759
1037
1732
2915
3080
2135
2794
2641
2774
2736
2807
2984
2939
2584
2746
2381
854
2810
2978
2332
1877
2729
2777
3022
2838
2663
2785
2318
319
2921
2654
2757
2638
2689
2933
2982
2935
2713
806
1185
2045
657
2973
2034
2960
2820
1649
1975
2695
2577
3007
2928
1943
2732
2879
1509
2830
2506
1792
2958
855
2927
2895
2803
993
3001
2818
3053
2419
295
1841
2360
2790
0
19
129
334
766
403
685
172
559
25
31
247
267
120
125
426
423
506
565
822
443
241
474
596
210
395
511
355
604
571
767
701
76
274
385
424
488
326
384
501
412
176
1038
60
207
105
73
62
338
454
257
166
99
107
580
550
496
753
1030
591
493
635
517
346
747
673
859
780
896
794
401
578
553
411
739
764
785
633
835
884
639
839
41
204
47
100
11
648
733
860
196
304
277
113
322
350
461
276
425
460
557
198
347
658
725
727
772
807
889
829
142
413
273
396
278
457
451
469
577
315
468
386
613
605
681
770
512
744
144
66
82
26
225
409
344
310
802
847
624
894
280
314
262
483
237
516
695
799
110
329
349
197
283
251
528
42
162
153
362
572
656
631
628
209
504
686
9
361
373
103
548
533
843
308
311
290
231
185
86
36
486
507
531
654
21
217
445
714
602
668
594
818
195
214
421
420
360
239
402
584
138
40
29
5
235
112
171
85
63
272
200
376
8
491
287
585
158
742
858
690
890
58
470
521
505
519
414
447
520
485
797
660
561
935
942
990
887
992
869
1021
117
12
67
340
478
289
699
665
556
593
876
978
526
182
150
320
164
24
229
39
124
302
581
535
456
576
123
440
669
500
653
1066
758
922
871
160
1
72
211
28
119
13
97
89
394
441
213
448
435
190
490
467
288
650
663
811
779
734
30
127
79
3
299
168
43
301
331
45
238
219
370
667
271
80
643
687
374
691
781
357
773
738
661
907
963
140
134
74
303
317
459
293
508
264
390
587
463
530
573
152
135
244
606
439
132
240
345
203
514
495
609
718
782
796
154
471
564
221
444
537
205
366
428
494
529
446
475
391
432
583
783
728
622
750
679
1036
431
477
518
619
353
497
674
637
856
838
905
22
170
136
248
222
93
84
250
359
383
215
291
354
325
339
417
260
294
128
298
328
582
541
148
59
208
191
305
75
149
489
284
466
306
199
218
341
50
139
442
263
566
7
54
52
652
327
313
157
38
600
455
482
545
831
603
133
252
399
109
111
184
55
234
57
146
145
245
351
705
706
716
844
826
116
318
233
53
352
389
449
627
404
332
473
499
597
598
307
570
549
707
715
721
778
768
710
872
837
895
827
863
102
4
286
275
151
98
387
562
368
610
816
762
46
236
343
479
342
433
397
382
269
547
415
337
16
601
588
775
90
187
223
464
10
165
551
614
642
677
640
712
114
104
126
261
87
515
820
717
931
78
487
181
65
527
33
377
118
83
6
156
230
509
670
586
484
242
232
161
256
202
312
437
137
122
833
416
592
540
452
336
645
731
206
167
224
418
392
220
381
18
292
193
281
20
34
68
44
212
348
216
1097
962
953
874
934
886
798
790
683
324
620
523
703
830
621
1111
950
901
892
926
1054
700
692
763
795
579
941
912
949
1025
936
1029
832
900
688
664
1001
923
970
961
947
965
903
1027
1060
937
106
711
522
27
709
1105
821
543
554
1312
378
1139
932
1035
756
803
632
1115
967
729
419
297
427
1092
1049
995
1019
1144
769
987
630
641
1015
985
1048
918
1104
69
1033
608
980
1040
997
1041
1039
1084
1082
1016
958
675
732
842
906
787
720
752
634
945
968
959
951
977
981
823
999
908
1063
1179
719
678
201
546
1173
434
793
1103
1003
1073
815
777
723
774
1081
188
1428
1132
1235
1562
1744
1205
1271
1275
1243
1314
1324
1108
1402
1516
1683
1352
1466
1369
1447
1400
393
1193
1225
1280
1247
1368
1385
1455
1313
638
1064
1248
800
1338
1240
1519
1265
1148
1288
1161
1211
1175
108
1380
1405
1569
1133
1195
1277
1298
1318
1276
1358
1446
1306
1387
939
1285
1202
1664
1300
966
1186
1218
1561
1310
1230
915
1327
1301
1517
1584
1474
375
1533
1335
1408
805
259
1251
1862
1768
1687
1955
1883
1869
1851
1686
1603
1156
101
155
1834
1852
1855
1850
1927
1929
2027
1736
1785
1629
1821
1901
1766
1650
1675
1823
1860
1657
1868
1812
1803
1789
1748
1787
1933
1894
1465
1608
1685
1682
1611
1863
1910
1709
1579
1541
1702
1767
1635
1734
1540
1614
1672
1753
1972
1781
1599
1879
1829
1944
1715
1481
1547
1800
1692
1809
1548
1712
1905
1844
2023
1805
1939
2026
1970
2073
1853
1662
1689
1791
1917
1430
1728
1722
1477
1717
1866
1737
1948
1849
1725
1472
1570
1658
1854
143
1504
1788
1366
1282
88
899
1518
1981
1221
1454
1771
1448
1076
1580
1489
1904
1624
1723
1721
1835
1827
1985
1535
1838
1653
1831
1885
1700
1946
1991
1856
1846
2050
1735
1784
2064
852
1598
1597
1818
1899
1304
1473
1145
173
617
194
1242
1098
1362
1303
1386
1484
1510
975
1087
813
48
335
1146
1350
1559
1558
671
1593
646
1578
15
792
175
736
316
178
749
1486
438
1241
1319
300
1229
1461
1612
1212
1056
1096
1167
1268
371
243
1222
1452
1272
71
321
1119
1192
228
1051
846
964
759
1093
555
1396
1427
1450
1226
1007
757
544
1469
984
1620
1757
1388
1514
1674
810
1479
1177
825
1336
1451
249
1174
96
1284
1464
1302
1322
1420
1384
898
960
1456
1552
595
1503
1436
1501
1496
1619
1585
1292
1289
1422
1411
563
1254
1232
840
1068
1414
788
1786
1438
1539
1397
1545
1617
1643
1367
1342
1679
1297
1483
1424
1354
1485
1377
1499
1459
1493
1255
1391
1360
1401
1217
1568
1615
1281
1453
1059
1353
1373
1043
1440
1478
1513
1413
1591
1394
1361
1544
1553
1706
1743
1317
1320
1279
1330
1267
1429
1523
1404
1520
1521
1573
1309
1528
1417
1024
1044
1204
1333
1357
1233
1506
1557
1468
1488
1550
1296
1713
1129
1346
1398
1482
1613
1571
1508
1418
1344
1332
1555
1594
1042
1410
1502
1283
1471
1595
1307
1375
1439
1443
1480
1606
1500
1425
1490
1431
1525
730
1191
1011
850
1071
1445
1355
1371
1399
1511
1372
1184
1435
1542
1638
1563
1131
1215
1442
1244
1323
1392
1406
1575
1592
1337
1189
1463
1529
1236
1602
388
1124
1416
32
189
183
408
1269
1117
472
867
268
834
814
956
1143
1116
976
406
1130
1299
1168
702
422
1220
1000
1135
1155
851
1160
776
1223
1118
982
746
722
754
1062
857
1032
1151
919
662
916
771
659
748
49
14
1181
1264
864
1107
1138
1213
649
957
955
755
917
1109
943
130
1100
761
921
607
1057
1002
689
532
567
177
979
1260
363
1206
270
1141
1055
989
1020
1121
1080
285
897
870
913
983
881
94
131
801
1026
1074
141
994
465
1114
726
1208
933
430
972
1136
904
279
1246
174
17
405
996
1065
1031
1376
697
1053
1088
1237
1069
398
1196
1112
1200
1158
1238
1152
1266
1126
1162
1128
1099
1253
1091
925
1256
1315
1153
1171
1178
1159
1270
1219
1125
1187
920
1164
1070
1102
1176
1094
1137
682
911
1147
817
938
1004
1072
1018
1182
986
1058
1089
1113
1008
1079
1134
928
1294
1061
1231
948
789
666
885
824
1006
969
1166
1207
909
1101
930
927
1127
1010
1190
1383
988
1172
1224
1258
1250
836
1149
1262
891
944
924
971
1530
1749
2097
1982
2060
1645
1526
611
1444
1475
1628
1738
1678
91
737
2
1348
1476
1858
2114
2122
1934
647
2275
1925
1576
1915
1549
1574
1714
998
2085
1984
1843
2161
713
2024
2052
1745
1889
2205
1740
1936
1631
1627
1754
1752
1460
1833
2047
2163
2149
1163
2139
1867
1923
1665
1690
1567
1699
1180
1522
2131
1930
2036
2130
2128
323
1994
2098
1903
1758
1773
1763
1648
1814
1761
1331
1498
1554
2104
1655
1842
2159
2206
1993
1924
1859
1582
2194
2106
1914
1777
2029
2031
2032
2002
2105
2144
2082
1769
1616
1249
1798
1646
1590
1857
2228
1667
2178
2148
121
1644
1165
1698
1378
380
929
1583
1799
1884
626
1209
1828
525
2219
2192
2260
2084
2254
1878
2175
1832
1697
1395
1724
1902
1783
1639
704
1287
1997
2007
2051
2057
2028
873
2081
2090
1890
1661
1703
1974
1888
1446
1520
451
1356
1463
1506
1497
553
1482
1297
1397
1305
366
1480
1494
1501
373
1363
584
1476
1398
1406
1425
1196
1445
1444
1475
439
475
354
1347
1431
516
1334
1461
1486
1483
1515
1526
1522
1528
1467
1477
1448
1487
1455
1469
1485
1500
1518
1503
1531
1536
552
1440
1452
1468
1523
1456
1491
1472
1457
1499
1527
1537
1530
582
1307
434
383
1434
1443
508
1413
1401
1357
1090
379
1458
587
1252
1481
472
1516
1479
1488
1517
1525
1447
1490
1496
1524
1439
1449
1513
1466
1502
1470
1508
1510
1462
1438
656
677
728
1603
1552
469
497
1651
443
759
879
1830
1848
1872
539
558
617
652
690
785
800
860
862
1707
1752
1759
1312
1541
1579
1511
1568
1594
1662
1669
1558
1635
1638
467
147
1553
1562
1601
1634
1666
435
1616
1628
1614
1617
1625
1648
429
430
431
448
454
507
525
552
564
581
820
831
1749
1826
1869
453
749
793
1687
1788
1430
1379
1403
494
540
566
574
628
634
687
689
700
767
870
1733
1740
1782
1842
1863
1546
496
691
871
1785
1877
1539
1677
470
471
493
603
608
659
1713
1730
1765
1787
1813
1473
1605
1646
1654
1674
426
518
602
623
777
855
1682
1791
1589
444
1658
423
445
464
480
526
535
553
584
648
795
1698
1735
1761
1817
1819
1854
1865
505
588
595
720
768
1723
1801
1851
524
555
586
609
1684
1691
1786
1805
1596
1649
482
530
637
641
669
744
791
868
806
1692
1737
1797
1843
1619
1663
461
484
510
515
544
616
1739
1784
1873
1424
1429
1604
1610
1412
1627
462
432
512
549
638
473
819
1798
523
542
546
567
613
626
631
655
761
811
814
816
1718
1556
1572
1576
1592
1613
1641
1642
1645
1659
436
550
653
775
1704
1766
1823
1835
1374
1509
1569
601
437
427
456
490
521
575
583
625
639
651
672
822
878
1724
735
547
1736
1747
1816
1871
752
756
877
1708
810
823
1711
1746
1799
1845
776
869
1806
743
459
1639
1602
1606
1615
1538
1573
1609
529
541
559
560
705
709
762
801
807
825
1803
573
606
619
663
701
1478
1493
1505
1545
1550
1570
1630
1512
1532
1559
592
615
618
624
645
477
487
504
554
1637
1667
433
463
481
498
1521
765
1689
1727
1754
1862
734
737
787
826
828
836
1696
1728
1590
1643
1661
1664
1672
1675
428
447
513
517
520
620
627
666
711
818
1722
1731
1838
1861
790
829
1679
1695
1729
1815
1827
1849
611
629
633
642
676
678
514
551
578
422
1548
1588
517
442
1290
1337
1296
1370
1451
1474
1489
1578
446
424
533
557
577
596
632
644
751
786
817
874
1775
1779
1867
1868
1386
499
565
712
740
782
1686
1738
1364
1587
1415
450
468
536
591
630
668
674
718
766
851
1793
1855
1432
1450
1612
425
449
1676
441
489
587
605
658
667
693
780
835
848
1697
1436
419
451
1465
495
600
683
830
1699
1773
1802
543
1384
1471
597
650
764
852
1748
483
1554
1563
1660
534
599
704
859
1763
1557
486
506
569
636
647
657
673
770
778
1824
1828
1833
1853
1655
607
519
528
545
572
741
799
821
844
1693
1743
1771
1825
1836
1864
1670
1673
1678
476
590
662
716
757
803
753
1683
1751
1774
1820
1875
1878
1565
1580
1586
503
562
582
585
593
604
635
698
781
1750
1772
1780
1834
1543
1533
1540
1566
1595
458
1575
538
543
571
612
622
660
726
750
771
1769
1866
1608
1644
440
442
589
598
708
713
1567
1582
1584
1611
1618
1626
1629
1636
1671
421
475
483
492
649
563
570
646
654
715
812
845
1760
1519
1600
1647
474
614
688
863
867
1680
1688
1732
1767
1770
1804
1534
1624
1631
1633
420
455
511
568
579
670
671
682
686
723
746
784
839
1726
1742
1776
1783
1852
1598
1593
1607
418
531
576
643
661
665
675
1705
1758
1809
1621
1376
1420
1400
1507
438
439
491
640
699
721
788
1694
1717
1744
1829
1832
1837
1560
1571
457
478
485
594
610
664
516
522
548
556
472
434
452
1551
783
865
1810
537
221
244
255
1542
1577
1623
1650
488
502
532
252
685
703
1555
1574
466
479
1620
834
842
1781
1880
220
227
230
175
177
185
199
184
187
193
210
1665
460
465
500
501
1599
1653
1668
124
128
130
1564
1514
1529
1544
1547
1549
1581
1632
1622
1652
1656
714
719
508
561
748
838
853
1757
1839
1700
1859
621
710
509
527
580
156
157
158
159
160
161
162
163
164
165
166
167
458
168
169
170
171
172
173
174
175
176
177
178
179
180
181
182
183
184
185
186
187
188
189
190
191
192
193
194
195
196
197
198
199
200
201
202
203
204
205
206
207
208
209
210
211
212
213
214
215
216
217
218
219
220
221
222
223
224
225
226
227
228
229
230
231
232
233
234
235
236
237
238
239
240
241
242
243
244
1145
245
246
247
248
249
250
251
252
253
254
255
256
257
258
259
260
261
262
263
264
265
266
267
268
269
1352
270
271
272
273
274
275
276
277
278
279
280
281
282
283
284
285
286
1676
1875
1170
2519
3151
3061
3095
3078
2992
1022
356
2227
358
910
35
1647
3060
3106
2560
2993
2917
2875
2232
2990
2804
3175
3063
3004
2252
2561
1966
3139
3120
2980
2730
2827
2893
3058
3008
2648
2710
2517
3159
3069
2840
2997
735
1045
92
1765
3512
3672
3707
3558
3565
3571
3692
3765
3756
3749
3591
3508
3639
3619
3785
3589
3750
3737
3773
7
3771
31
3683
3812
3809
2
49
3612
3505
2890
3801
3799
15
37
15
2444
3547
22
3665
13
16
30
4
20
10
14
24
30
17
40
40
13
18
23
28
21
32
45
5
33
43
11
19
39
14
19
3
47
20
11
26
41
52
4
2141
0
23
0
48
2
3795
64
22
94
109
3553
2366
1085
3519
3396
3556
3599
3419
3724
3662
3796
1964
3730
940
3179
2995
2707
3016
3621
3583
3495
3607
3627
3779
3180
3407
3417
1047
2742
2708
3710
3767
3787
3761
3549
3751
22
8
3531
3595
3673
3557
3623
10
13
3706
2610
64
3291
3380
3205
3121
3198
3082
3421
3387
3423
3278
3250
3229
3054
3183
3453
3251
3284
3369
3242
3158
3172
3238
3133
3293
3410
3525
3309
3341
3479
3461
3209
3110
3305
3292
3383
3290
3422
3043
2871
2962
3221
3223
3094
3328
3499
3536
3319
3636
3029
2503
3576
3492
3472
3546
3513
3173
2459
2154
1470
2858
2682
3255
2796
1046
2945
743
226
1524
3211
2075
1742
498
3125
2883
3112
3102
3101
3150
3129
2986
3048
3037
2979
1433
2793
3046
1916
2923
2964
1441
1668
1194
2862
3289
1772
3024
3039
3143
3332
3598
3604
3480
3316
3397
3676
3663
3490
3487
3569
3568
3648
3660
3743
3592
2925
2860
2481
3608
3541
3644
10
3614
3790
3649
3704
3736
0
3821
11
45
3585
3460
3526
23
47
29
52
25
49
3783
3708
44
3655
81
46
43
54
33
72
85
74
55
90
108
28
8
19
70
48
60
61
95
87
103
106
139
75
120
3388
1589
2775
2854
1695
791
3275
2766
1347
3366
3193
3342
3036
3165
3385
3814
3399
2368
2763
1095
3522
3643
3500
3353
3040
1492
3344
3521
1586
3469
3694
3392
3496
3520
3390
3430
3096
3412
3473
3745
3470
24
672
2559
410
3142
804
2609
3731
3788
3725
3690
3633
3584
3642
3715
3028
3577
3705
3654
3367
2897
1704
2541
1607
2876
3164
1374
2863
2690
3249
2109
3409
2907
3360
3308
3299
3189
3000
3146
2888
3009
3111
3149
3105
2660
3442
3334
3162
2969
3005
3123
3201
3313
3273
3445
3437
3462
3157
3217
3317
3357
3365
3486
3286
3356
3355
3432
3482
3220
3269
3306
3266
3348
3418
3450
3434
3271
3182
3393
3253
3415
3226
3213
3115
2020
888
2526
1403
2055
1527
3185
3192
3455
2562
3288
2337
2659
3108
2524
3130
1273
186
1864
1909
1701
3245
2850
3216
3420
3155
3364
3034
2884
1023
2386
2624
1819
1274
569
1140
1565
2919
2966
3030
868
364
745
3093
2894
2743
2977
2976
3124
2949
1931
1123
2129
2361
2160
2885
3041
3127
2887
2079
2847
2943
2934
12
3755
32
38
35
31
5
6
42
4
28
104
7
44
8
25
2808
5
3820
2268
3027
1778
2680
2235
1343
6
3729
3677
1907
2544
2187
2718
724
3596
18
3700
3770
1677
3530
2629
3638
100
147
29
19
9
3574
118
2946
141
25
43
3757
3089
3456
476
158
167
64
24
179
99
164
25
27
146
37
12
3077
1865
2631
156
153
39
12
3258
2151
865
121
40
44
41
51
599
3657
3330
2702
130
97
183
57
70
58
71
2096
1731
3808
3780
3811
131
59
113
63
2054
3532
73
173
136
171
90
3
60
62
77
172
1259
3744
69
36
93
1641
2380
138
2199
3800
35
68
9
2364
2457
2535
3551
3252
149
34
116
123
65
140
107
2618
3650
160
87
82
106
113
120
181
1913
3081
1881
2591
2491
2285
2947
2382
1774
2070
2125
1642
3502
1977
2472
2833
1992
163
58
93
3714
161
2892
751
2679
1747
1
3772
2828
367
2396
2267
2720
68
3822
80
3664
108
1556
2395
1214
880
2646
27
134
116
187
118
117
1957
2334
539
809
2270
3131
3013
56
89
3296
53
127
3782
150
129
44
151
130
178
89
6
125
134
107
124
100
103
99
3117
3074
2167
3153
169
65
50
74
3739
3331
250
39
98
3057
155
178
195
196
213
287
299
103
111
146
180
95
153
161
170
173
159
162
185
199
207
229
193
308
135
152
95
141
176
194
174
147
168
151
150
154
175
180
233
219
129
206
187
209
201
182
237
259
134
136
225
87
128
124
133
125
137
148
151
172
109
120
190
245
3679
8
7
70
3
125
1898
2155
1239
1822
2665
2439
1633
2242
2138
1050
1708
1796
3147
2164
2789
41
3807
2372
79
3646
1764
2328
2835
3002
16
3727
3395
132
96
55
105
165
145
119
5
4
14
3371
25
12
3225
141
152
147
39
13
48
1895
145
138
83
30
148
1564
2797
3092
2133
17
57
3346
2868
33
139
45
22
35
130
42
29
36
43
71
64
61
136
0
32
73
177
68
14
97
127
133
154
23
76
142
145
151
3
37
15
122
19
78
75
135
2
24
110
3154
3516
35
3695
3263
66
51
2302
3298
3578
1
57
96
127
9
41
50
132
80
18
128
2
75
3215
96
3768
49
16
3616
155
0
79
116
127
84
129
76
51
105
64
78
110
73
118
40
50
144
49
143
112
128
66
97
90
93
66
177
80
126
69
110
3067
3722
31
33
3083
124
86
6
80
100
2532
3777
17
2899
1660
568
59
3747
6
3233
54
63
55
89
45
67
99
108
42
38
107
108
41
13
118
77
53
110
3573
23
90
109
95
56
42
77
74
87
102
93
76
78
85
115
94
84
184
81
111
3170
3447
2376
3427
3338
3104
481
1693
3617
1419
3320
2543
1197
1382
2455
372
3593
3394
101
77
82
3098
3326
3548
1014
2621
2357
3687
2183
1028
282
71
96
124
98
2779
1601
3314
2467
2140
2837
3626
3136
2956
3354
3376
2719
3684
182
189
3134
3282
170
2652
3197
67
126
2656
2709
157
125
266
281
248
77
3489
143
2296
11
2985
3244
2554
3212
129
2256
2317
3148
1345
3026
142
2619
204
2304
1083
1407
1720
3160
3188
1067
2353
164
232
70
31
17
154
131
122
2342
91
83
132
98
158
30
2683
3661
2261
15
2290
138
2991
135
140
3764
11
3184
2836
2821
222
226
171
200
224
236
223
218
231
191
161
186
139
115
156
171
263
179
217
166
155
163
112
169
201
243
210
194
203
280
183
240
241
3457
268
246
3561
2715
170
198
147
181
684
183
290
188
1691
205
228
75
283
264
249
267
2752
228
1157
2874
196
21
252
313
229
166
92
184
141
3533
279
2613
215
3669
291
214
231
1680
114
286
26
258
2637
172
18
307
314
20
256
186
2119
2243
232
117
295
113
316
3050
296
274
225
61
311
305
3506
289
303
247
220
230
241
1
74
322
327
202
190
221
213
144
261
294
278
2359
2841
875
335
323
238
252
143
211
222
4040
69
35
48
4067
2
76
49
72
52
53
4058
401
4047
27
510
18
59
87
86
4069
81
85
58
51
488
502
531
508
422
4150
524
4152
68
13
19
89
41
465
458
493
4172
4180
4174
418
461
446
4168
4153
4155
534
4148
4159
527
3254
3682
2831
363
4021
14
4070
159
168
214
142
382
359
4034
391
25
9
61
28
8
220
26
63
6
99
17
276
32
66
157
526
3361
58
395
3941
3256
51
3645
88
160
94
160
175
78
130
10
208
373
239
34
53
63
4027
320
124
152
203
29
84
146
54
63
30
216
84
133
199
176
159
288
208
390
157
94
46
97
282
375
2722
230
101
78
182
162
165
186
177
104
111
202
81
247
121
5
174
238
133
140
22
137
204
172
93
197
152
187
132
65
71
153
183
102
112
116
639
4300
599
607
637
4226
610
48
174
72
131
89
219
472
274
3498
203
658
138
145
146
122
4197
123
4219
4297
4218
620
4202
4160
4298
642
640
605
608
4191
189
143
151
168
154
4221
91
108
118
4224
656
638
601
604
632
648
649
4307
4225
603
613
618
619
195
164
609
139
180
655
4213
4169
4193
489
600
4220
614
4201
430
596
4194
3972
68
4214
299
344
326
345
224
250
340
249
358
2
3803
2959
3116
3454
3762
119
162
38
251
332
366
351
312
362
272
319
336
56
144
243
104
3575
123
150
346
2712
2132
2998
3267
42
16
74
2266
3240
2834
2172
3
353
3741
347
356
175
2153
2295
400
2236
2733
180
15
285
3274
3797
148
3693
321
371
407
4028
4020
4052
114
91
137
357
384
396
408
411
414
398
4054
4029
374
394
380
402
4023
405
4038
415
3088
2813
65
174
131
76
2586
102
121
136
3754
72
20
339
378
379
381
369
354
376
4013
4063
4049
3962
3967
4018
4
20
10
56
47
75
3176
137
148
2558
4033
38
271
301
3954
3986
397
4048
4031
4065
372
3965
416
412
410
4019
4042
3938
348
350
368
3659
149
179
3398
246
272
304
288
3947
290
3968
3989
3970
256
303
3955
2951
139
158
293
4004
4009
385
518
515
4142
4143
4141
520
533
4163
1363
300
251
294
297
261
284
307
3936
3994
4066
3948
275
3946
384
401
3971
4008
4016
388
406
438
426
3990
3981
3949
3997
420
415
394
478
3995
3958
3991
4006
4000
437
445
4059
444
4055
62
476
504
497
514
484
4192
440
442
475
507
494
4171
4156
4186
4165
481
441
436
469
491
529
516
4139
4161
4140
4158
112
21
105
162
75
173
411
3758
2953
85
3934
2551
443
298
3307
1
53
122
88
113
69
3459
302
34
167
136
3956
282
215
192
3939
3944
3964
3985
4002
4005
425
3933
3953
3975
235
3999
396
400
447
3973
480
397
390
457
435
364
248
259
2781
298
253
271
188
2916
2688
3963
262
207
2078
2485
2197
246
1893
2272
1640
2898
2848
3720
2825
128
145
7
38
71
470
498
616
196
453
154
233
65
16
3609
3055
39
853
2996
4199
4217
4268
636
4333
4287
4259
676
525
511
4147
4210
454
468
462
4082
521
197
237
3653
3786
111
3497
3204
3629
6
3381
141
72
3169
88
3379
345
3919
217
3923
3907
3921
263
242
244
227
265
257
227
308
260
273
242
4252
4261
4279
547
4227
4251
665
4283
666
371
4117
3830
102
4233
4266
4244
4293
4282
678
591
4257
695
577
588
4289
668
708
4255
255
36
84
60
4240
3858
18
339
574
3871
281
4286
4262
685
675
146
137
322
285
313
258
144
334
247
140
4239
52
3401
75
54
71
2231
270
89
31
94
115
4093
103
108
349
4245
552
561
4263
592
581
567
575
589
595
558
4280
4230
4265
4285
4235
4260
4278
4294
667
4228
594
4232
4254
4269
4275
4277
4295
4182
627
647
304
308
293
325
4075
3728
106
34
312
328
279
1
110
112
98
104
335
4100
286
3696
40
102
3932
4089
3637
32
379
115
316
4098
542
369
3827
275
35
3915
319
243
342
4118
190
4111
337
4085
4121
562
341
4083
4090
4136
4129
4133
329
4092
30
40
74
4110
4077
39
42
53
10
314
560
4101
4106
539
360
302
319
4125
538
541
348
4079
4135
4114
548
557
4091
330
550
4124
309
320
318
323
324
4104
556
546
4080
483
4078
495
503
4138
4145
4188
251
353
3856
3860
3846
77
276
33
3881
3219
3605
47
91
3232
3631
3828
6
2650
0
83
60
336
27
3868
226
256
77
58
344
294
329
313
324
264
269
377
321
231
254
218
41
3824
79
2967
2608
2451
328
3474
101
3051
45
3118
2687
355
361
331
261
352
327
350
107
236
3
77
3732
3132
311
336
284
291
343
267
337
364
310
238
257
277
359
367
322
298
357
287
335
317
278
370
366
376
326
417
286
339
3935
421
3966
3984
3987
4001
606
652
402
399
428
3961
309
4011
270
84
70
58
3020
44
3208
3911
3857
3870
3625
68
3641
3924
32
3122
8
85
3668
3833
2072
3014
3810
1891
3688
3389
245
259
252
315
375
3581
318
342
78
55
266
213
3920
1458
114
59
2662
69
76
2316
2778
11
57
34
1494
2759
946
2022
3441
3977
269
3950
398
416
471
404
450
4157
4154
625
645
4170
133
654
143
44
213
244
4322
4318
4247
250
679
4316
4215
207
28
4310
686
700
699
671
4128
4317
92
4330
4335
4327
4342
227
218
211
4309
672
709
4326
52
144
191
3280
4344
634
4341
4325
612
479
241
173
4373
760
4122
689
705
288
338
4076
4324
624
163
210
4320
4351
4336
704
717
688
730
702
4196
62
3200
4311
4301
4364
231
92
4353
4321
694
720
4332
3440
403
202
292
91
246
4347
4236
664
707
4109
363
4370
4357
4352
42
554
737
4116
733
551
255
4343
644
192
4179
219
248
4359
729
773
362
714
572
4238
32
317
95
181
4177
4381
4206
643
99
88
235
4337
84
4397
332
559
4231
750
712
4367
60
169
325
275
277
309
331
324
297
3942
333
349
4032
15
45
33
59
302
343
417
140
355
38
389
27
138
197
304
46
205
3333
117
146
211
253
140
265
3805
370
361
210
4024
413
234
360
88
287
18
381
209
365
4010
386
385
4022
432
3969
3996
3960
4012
383
4014
382
4037
451
7
36
4039
3998
4057
306
31
149
4025
485
487
522
517
10
3937
423
236
52
496
456
463
221
21
29
281
100
76
164
52
3943
8
106
7
278
244
27
66
82
240
217
44
3349
132
79
103
65
121
289
3974
3959
305
3952
3988
405
295
264
3992
427
530
513
499
536
434
429
500
501
49
226
37
267
433
82
178
17
47
92
284
377
4043
4050
341
59
135
262
109
260
273
206
254
306
412
492
60
277
482
4146
258
407
519
393
352
178
134
142
170
185
74
77
96
114
235
21
4041
386
153
392
153
50
80
169
194
120
43
107
387
399
4068
103
39
406
196
114
106
54
110
101
67
98
217
161
661
166
115
4184
4187
477
4205
617
403
116
641
659
4204
4185
4208
4166
4207
602
301
24
4149
4200
4151
4173
464
4203
4223
4176
276
3979
505
535
506
380
439
474
413
63
83
3702
3922
224
232
140
61
262
239
3930
3905
3444
78
141
374
3883
365
3925
134
228
289
333
248
280
168
100
171
200
234
203
263
452
273
306
4127
326
5
92
4132
305
297
4137
4120
578
587
583
4241
3914
331
4113
271
549
220
4103
568
585
590
4249
674
138
334
202
3889
4105
4198
584
4243
4288
4270
4274
673
3982
389
4209
633
631
630
152
125
96
65
216
105
3721
221
33
296
340
4134
4130
351
332
3466
49
35
301
87
119
117
1813
3563
3826
2
116
109
131
113
4096
4123
303
4072
4115
4099
310
544
490
486
523
391
290
43
2338
2080
1515
57
3161
3062
341
354
59
1820
3378
67
235
274
249
338
266
3927
253
333
282
323
368
316
356
283
3945
3951
3957
1825
1341
97
241
3886
41
2643
3613
23
3929
283
44
76
225
132
97
55
66
2734
14
3628
66
3928
237
223
233
16
3503
3425
104
4007
387
3978
3983
210
296
255
4290
680
167
4306
409
400
214
378
4299
215
100
226
698
683
4250
155
703
690
155
292
473
4350
4267
97
4256
4334
4303
4355
687
710
748
466
320
576
307
4248
80
200
4340
788
96
314
691
70
4380
224
734
4264
86
128
337
388
4046
4035
238
64
221
148
183
80
127
195
206
915
330
240
174
4051
161
112
184
909
950
5
79
203
247
42
139
151
97
167
180
969
904
165
212
11
149
225
329
313
280
283
979
952
966
310
266
253
307
291
246
896
311
295
303
261
282
955
216
314
306
312
263
297
929
226
233
239
223
271
270
221
220
229
217
264
978
281
265
190
953
193
404
3049
137
156
86
328
201
92
4036
270
166
268
258
315
128
278
149
152
192
864
229
227
142
141
917
277
925
973
937
228
105
93
237
981
987
124
213
228
239
4053
250
104
131
145
150
181
100
244
111
118
129
105
57
409
315
227
300
20
192
85
237
107
91
109
4062
87
122
318
212
233
257
2597
111
4045
47
212
4
26
4060
269
62
119
40
4030
192
242
115
230
1
186
7
69
179
176
293
4425
4412
4383
4402
4349
86
408
3671
179
4329
187
4393
796
4426
4384
4414
4406
43
651
81
4216
626
660
635
449
4363
623
4212
4354
850
622
943
4312
806
833
921
913
808
826
835
818
843
875
879
899
4391
799
846
4315
4302
845
4345
4167
793
820
795
945
137
802
839
824
878
893
946
930
972
991
150
880
895
908
198
653
3976
884
840
900
3940
455
797
4386
4181
459
419
657
528
4369
392
195
4400
4015
279
4419
4421
803
807
834
949
869
823
857
830
883
280
268
395
4222
4189
4328
4162
4416
877
410
598
4427
863
424
791
822
938
116
148
135
108
120
146
155
163
173
902
912
156
160
170
172
196
876
103
90
81
134
101
4395
3980
132
628
216
164
204
971
932
814
887
867
189
187
872
910
188
889
936
197
4061
210
334
383
23
147
125
185
885
236
4044
109
144
3993
190
934
82
184
110
4376
4003
4392
4410
4405
805
646
4379
4407
460
4366
4424
4377
792
141
102
127
790
206
181
24
12
125
140
178
205
873
933
113
147
133
179
177
198
199
897
121
126
158
154
201
209
176
175
162
951
861
138
136
4396
4420
841
874
907
811
881
926
960
959
4417
798
4413
815
844
847
968
256
983
4518
4516
4536
4545
4489
4447
4461
4459
4554
4534
4450
4292
4102
4490
4524
4543
663
563
582
4477
4581
4529
785
4463
4445
736
4119
114
118
724
4467
66
579
321
537
292
234
120
593
697
696
4514
78
99
4073
555
111
295
4462
4108
291
4178
650
4175
4313
4394
63
4164
4195
4097
4346
393
4378
611
4144
4017
4190
4368
448
431
801
4365
825
948
975
4423
859
4403
855
906
954
784
4253
768
4095
4291
4512
317
770
4448
4440
4452
4498
4517
757
764
777
778
4442
4470
4473
4492
4488
4527
4542
4549
4565
4074
4094
4273
769
4296
4276
735
4319
4361
989
774
4435
4482
4433
4486
4474
4519
4499
4521
706
751
755
775
701
4441
749
569
4284
765
743
739
752
767
745
4438
4457
4443
4504
747
728
779
4430
4455
4439
4483
4436
4526
4560
98
716
327
311
565
580
312
763
4112
372
566
4242
315
571
759
758
4464
340
545
4453
4528
4559
723
742
782
786
4557
754
756
762
4478
4484
4508
4538
4431
4444
4434
4456
829
4505
4553
268
4271
4509
4348
4246
597
467
4390
4356
4331
4323
4404
804
837
882
994
957
976
4388
4371
4372
4411
819
821
848
851
892
923
713
738
722
726
761
781
4458
4472
4537
4506
4550
4556
4523
37
95
90
230
272
740
4451
56
300
4084
586
93
564
4258
553
4475
715
4087
719
219
682
677
570
358
82
29
4229
4237
75
753
780
4382
4418
813
849
828
942
62
4374
4385
961
621
185
891
935
309
323
302
330
218
858
90
4566
4503
81
4481
330
373
944
4429
831
962
3
37
16
167
159
332
356
322
346
338
316
157
771
4500
1012
543
911
340
300
353
344
349
355
305
331
319
4573
4571
993
573
4511
4531
4535
866
990
865
998
1018
958
832
1000
243
182
326
272
317
245
985
4304
4587
4572
4574
1006
4446
4570
4552
999
1007
1005
996
248
0
964
335
336
123
4577
992
4579
4339
1020
1002
1038
1025
224
924
257
294
168
974
4568
4602
4603
670
4522
1013
1028
1010
984
4399
4387
1017
1032
1004
4056
232
1222
1186
34
325
238
245
4585
4601
1019
711
789
1021
1058
4586
4551
1026
1054
970
997
988
1029
1044
854
4338
1039
1042
4360
1166
262
342
351
1175
222
1156
920
1155
341
236
4589
4605
1045
684
4081
1034
1040
669
744
4432
1086
1008
1065
1036
1031
1041
1202
113
1180
1218
1203
274
275
4613
4625
1035
4607
4487
731
1061
4620
1063
1082
1070
1056
827
662
1048
231
1241
1221
1167
1209
255
1052
288
1022
4619
4671
4525
1107
4362
1053
1057
1099
1128
4401
1023
868
853
1213
507
477
1092
1124
511
1225
1264
963
1276
480
500
4785
4787
4791
603
385
401
1265
346
1231
1250
1262
1223
4756
1146
1162
1184
455
538
514
518
1298
536
1111
1078
1094
493
527
548
615
1208
388
1015
1088
606
495
1256
369
4375
410
367
466
496
1073
512
570
359
609
995
1120
1158
1177
457
504
399
443
521
501
1273
1072
408
344
356
1060
1135
1142
1143
421
1217
1201
1220
376
381
1125
1247
1258
1154
1160
1172
1187
1243
1138
1122
1170
1212
1224
1229
1238
371
1206
1131
1169
1174
1197
347
1266
349
1119
1130
1255
1112
1188
384
1233
362
1141
1147
1123
1132
1199
363
1113
348
4422
428
387
372
1219
1198
1051
809
941
956
1106
1232
4398
1030
894
965
1179
1204
1062
1150
1244
1248
345
1161
1211
350
1190
1268
1260
1192
1239
355
838
1001
918
1121
1129
354
361
400
4389
4415
1267
1134
1237
1205
353
562
449
1049
1226
520
533
537
579
523
441
462
465
469
503
549
573
610
1288
494
502
554
604
471
491
419
448
450
559
519
461
596
1275
436
468
532
1299
1303
429
456
529
565
479
490
506
426
446
588
605
397
402
505
563
575
577
595
602
539
574
592
412
417
1280
1117
1289
509
1257
395
571
1110
1027
1097
444
812
191
4308
1069
1037
1071
794
982
1104
922
1087
1066
1100
1116
1050
1089
1101
1093
1055
1083
4409
817
4428
852
1014
903
130
4408
901
509
836
1047
871
967
1033
1076
1108
1077
1016
1109
1098
1095
1084
1236
1269
339
328
1171
1272
273
1126
1043
279
800
1085
296
320
88
860
193
130
98
244
105
135
338
4064
83
73
144
191
188
242
512
106
143
352
1152
370
357
1284
615
414
334
240
425
1259
117
55
82
286
234
980
259
318
1227
241
83
208
310
252
916
1157
1144
1165
919
171
163
89
207
337
398
452
438
440
564
515
251
862
219
287
350
222
1195
556
608
928
211
234
186
247
433
342
333
375
420
424
343
1149
194
870
117
79
200
276
293
308
1193
1182
358
392
888
254
453
499
550
555
593
1292
391
423
535
589
611
473
470
431
612
1285
498
411
432
447
464
524
545
576
590
1277
1287
406
580
492
407
422
435
546
600
403
415
568
572
599
474
481
467
513
586
1281
1306
583
898
348
939
1178
290
249
368
413
430
404
551
1200
986
225
977
345
416
396
1274
1314
914
301
382
114
269
292
810
357
629
95
211
842
215
343
351
364
427
905
202
1251
1270
327
209
486
405
528
542
561
374
377
1137
1159
329
1253
165
205
171
232
1163
1249
1189
1194
1261
220
1191
321
1176
153
57
136
1215
352
119
1235
484
414
460
569
585
614
1278
567
578
598
560
1210
360
378
380
816
532
940
243
886
214
304
299
1067
1105
166
947
230
285
267
126
158
131
169
931
249
1151
485
497
1349
1437
478
607
541
1341
510
1343
487
1396
1407
1441
463
476
597
1286
1326
1371
1394
1454
530
594
1310
1338
1345
1459
1460
1492
558
613
1324
525
1453
1484
409
347
298
223
242
1168
534
1279
557
437
1271
1240
531
1254
390
489
394
393
418
289
927
482
547
591
235
389
1148
445
454
1075
890
260
1433
1304
1295
1311
1329
1322
1294
1423
1183
1301
1353
1300
1315
1319
1320
544
1317
540
1336
526
1346
1535
1309
1308
1328
1293
1323
1318
365
459
1330
522
367
4760
1282
1332
1350
1354
1321
1313
1344
1399
581
1331
1263
1362
1283
1561
1583
1392
1373
1316
386
1327
1340
1335
1358
1185
1361
1591
1597
566
488
1372
1348
1351
1325
1378
1380
1342
1368
1366
1391
1360
1333
1359
1367
1369
1495
1585
1302
1387
1365
1383
1377
4812
1395
1375
601
1393
1498
1080
1381
1405
1410
1390
1640
4861
1173
1355
1411
1388
1382
1416
1291
1389
1404
1339
1414
1385
1427
1408
1419
1464
1426
1504
1422
1418
1428
1417
1435
1442
1402
1409
1421
5052
5062
129
141
148
160
4817
4952
5024
5043
5047
5049
202
208
225
240
754
873
1709
1745
1764
1777
5041
5051
5053
4963
5007
5054
5061
166
190
234
262
727
802
864
1702
1778
1790
1792
1807
4946
4998
5006
5012
5036
5071
140
169
196
216
228
235
253
256
694
763
774
857
1714
1755
1818
1858
5037
5066
5067
5070
170
183
186
204
215
218
223
245
696
717
796
837
866
1725
1841
1857
4977
207
214
233
808
813
1690
1812
4876
4950
4999
5034
134
154
5064
135
173
681
861
1734
1856
1741
1800
843
856
1681
1706
1756
1796
1811
1831
1840
5031
729
730
5014
5030
5038
5065
164
739
758
858
1685
1710
1768
1847
5029
5019
5023
150
738
188
209
237
5008
5028
5055
125
133
680
697
176
180
4877
4904
4890
4885
4933
5011
5045
142
236
769
841
1874
226
178
197
222
232
248
732
824
1846
1879
5058
4942
4955
4973
5003
4985
5042
5060
127
138
153
121
158
217
257
854
1715
1821
171
181
191
198
213
247
249
695
779
1794
846
4980
4992
5035
5039
5040
182
200
205
195
722
1701
1712
1753
1808
5057
5069
163
168
5001
5010
5020
5056
5046
5002
5016
157
143
736
174
189
5027
5033
5068
123
137
144
139
167
238
239
684
797
798
847
1716
1876
122
145
146
149
172
258
259
731
747
805
1822
1844
5017
5021
5022
5044
5059
162
192
212
219
224
241
251
702
742
772
794
833
1703
1719
1762
1795
1870
203
243
261
692
5004
5015
5048
1657
152
5018
155
156
206
229
246
707
725
773
804
809
840
849
1850
1860
706
745
755
789
1814
4811
4989
5013
5032
131
4969
724
5026
5050
5063
132
136
159
161
165
179
201
211
231
250
254
733
875
1789
760
792
832
876
1720
1721
194
242
260
679
5009
126
151
5025
815
827
850
872
1136
4681
4689
4684
4732
4734
4752
1133
4677
4708
4716
4730
4747
4762
4764
4670
4717
4723
692
787
4476
4567
4507
4558
4669
4502
4590
4599
4548
4520
4653
4466
4595
4649
4710
4593
4719
4757
4687
4696
4731
4743
4755
4691
4698
4658
4726
4758
4682
4737
4678
4746
4449
4555
4618
4628
4633
4665
4540
4650
4604
4683
4071
681
4588
4471
4541
4643
4651
4656
4675
4700
4713
746
4775
4676
4703
4763
4722
4735
4744
4706
4699
4575
4592
4718
4709
4786
4660
4724
4738
4742
4771
4697
4655
4654
4729
4657
4712
4740
4754
732
4641
4666
4721
4460
4561
4578
4663
4715
4736
4515
721
4664
4686
4770
4272
4547
4513
4688
4701
4702
4705
4748
4753
4772
4131
693
741
4580
4777
4795
4800
4827
4828
4879
4887
4888
4911
4917
4931
4939
4954
4982
4496
4680
4690
4679
4704
4804
776
4803
4692
4725
4741
4768
4814
4832
4892
4854
4562
4616
4765
4624
4647
4802
4831
4836
4884
4945
4938
4951
4970
4940
4617
4493
4695
4533
4563
4597
4745
4750
4867
4900
4841
4808
4898
4851
4546
4645
4652
4793
4820
4849
4920
4979
4881
4994
4576
4544
4582
4766
4720
4594
4661
4667
4608
4662
4672
4751
4789
4739
4788
4912
4855
4858
4798
4868
4878
4923
4953
4958
4965
4972
4984
4839
4840
4866
4880
4895
4896
4908
4906
4978
4988
4728
4799
4819
4846
4943
4960
4975
4981
4784
4824
4825
4826
4830
4914
4948
4974
4714
4727
4781
4693
4694
4863
4860
4707
4957
4976
4983
4993
4606
4569
4632
4749
4790
4797
4829
4903
4869
4843
4910
4961
4927
4971
4773
4776
4782
4842
4883
4905
4925
4935
4956
4959
4962
4997
725
4584
4774
4801
4780
4872
4873
4857
4779
4813
4886
4915
4929
4583
4614
4673
4674
4733
4685
4805
4837
4859
4794
4806
4807
4834
4845
4871
4902
4916
4934
4968
4986
4987
4996
4815
4809
4816
4823
4835
4847
4848
4893
4894
4899
4924
4964
4990
5005
4850
4852
4862
4865
4810
4648
4183
4634
4659
4596
4600
4611
4623
718
4598
4610
4627
4630
4638
4622
4636
4612
4621
4626
4629
1011
4211
1068
1114
4635
4642
1079
1064
1081
1096
1102
1103
1115
1091
1118
1127
4615
4631
4646
4644
4086
4510
766
4468
4564
4532
772
4454
4668
540
325
4609
4637
4591
4639
347
4107
4281
246
4497
4640
260
4234
4314
4479
1003
4485
4494
4539
4530
1046
1164
4792
4778
4856
4875
4853
4891
4936
4922
4897
4882
4759
4822
4833
4838
4465
4930
4941
5000
1246
4767
1181
1024
4501
4783
4821
4870
4889
4796
4818
1245
4305
1009
4711
4761
1214
856
1074
4126
4358
727
299
4088
4469
783
4491
4437
346
4495
4769
4918
4944
4901
4907
4921
4932
4913
4949
4909
4844
4919
4864
4947
4966
4967
4926
4928
4937
4874
4991
4995
1881
1882
1883
1884
1885
1886
1887
1888
1889
1890
1891
1892
1893
1894
1895
1896
1897
1898
1899
1900
1901
1902
1903
1904
1905
1906
1907
1140
1908
1909
1910
1911
1912
1913
1914
1915
1916
1139
1917
1918
1919
1920
1921
1922
1923
1242
1924
1925
1926
1927
1928
1929
1930
1931
1932
1207
1216
1933
1934
1935
1936
1937
1938
1939
1940
1941
1153
1942
1943
1944
1945
1946
1947
1234
1059
1948
1949
1950
4480
1230
1228
3873
54
123
3855
99
3178
3336
63
130
3866
3853
3890
177
187
191
116
76
78
104
184
134
57
3567
118
119
67
126
3699
172
181
165
159
157
3302
3241
2867
2909
3003
2859
2772
2938
2944
3152
2843
2911
2762
3066
2018
2941
3045
2929
3064
2658
3100
109
58
36
1795
3186
2450
3735
24
51
3666
3825
28
1013
28
1797
1426
3829
2013
3832
3257
2117
2603
1379
1636
1009
2383
1696
3545
3839
3848
3834
3852
48
49
48
51
58
15
62
47
11
49
74
129
3015
18
3836
3475
3580
2166
2492
61
3464
38
94
2961
123
114
2350
3843
26
105
103
121
95
112
127
87
96
91
92
121
103
107
106
142
1666
2773
2926
3831
2806
1861
3849
46
40
45
44
50
32
36
42
65
29
43
56
47
61
74
39
52
73
108
120
123
126
40
104
116
67
150
98
123
158
77
2972
25
53
30
50
68
124
131
130
81
107
105
110
88
100
119
138
80
149
101
56
60
151
2653
3845
38
3850
2756
117
36
135
3632
51
1505
3339
3199
38
60
4
46
3840
90
86
127
113
108
142
111
3862
135
3864
91
136
70
96
72
106
71
67
69
20
85
92
86
33
89
95
94
118
124
110
3861
3859
133
79
112
125
175
194
183
167
193
3888
120
117
122
93
173
129
179
182
3876
147
176
178
180
156
160
186
115
128
163
189
155
166
162
164
99
134
119
169
152
160
159
198
176
106
13
142
2851
3071
3126
3099
3010
3038
2981
2886
2914
2948
1718
1623
849
2822
629
2896
974
1887
1622
2853
453
536
3006
3327
3137
3259
2864
2903
3075
3279
3174
3181
3491
3443
3436
3044
3312
3343
3202
3446
3340
3310
3535
3032
3087
1710
3413
3429
3301
3471
3272
3277
3171
3230
3113
3382
3285
3109
3260
3187
3451
3107
3086
3177
3467
3431
3011
3065
2908
3196
159
2846
2920
2771
2931
1932
3056
3194
1681
3297
2913
2955
3042
3243
3439
3103
3323
3405
1733
3145
3372
3321
2989
2918
3433
3128
2974
3025
2950
3207
3300
3265
3247
3281
3270
3248
3416
3523
3477
3377
1634
3195
3210
1600
3239
2053
2999
3079
3294
3218
3167
3324
3391
3351
3358
3224
3163
3206
3315
3347
3359
3403
2590
1806
590
1034
538
524
612
1996
61
3019
2842
3033
3072
2816
3287
2988
3052
3097
3408
3203
3352
73
57
73
21
27
12
46
3806
3018
3481
651
2912
3191
3603
3386
3303
3246
3231
3524
3438
3527
3586
3691
3763
3798
1305
3426
2753
2209
2008
1949
973
2182
3468
2764
3566
3501
3544
3587
3647
3630
3718
3748
3276
3261
3234
2866
3168
3235
2844
2580
3719
3781
3237
3717
3640
45
19
3135
2540
2371
2674
655
2
51
12
34
37
53
16
1432
47
3789
56
27
26
32
53
128
46
126
119
2323
3424
3818
11
2856
636
3
3734
3819
3733
3435
5
0
13
16
27
3794
3698
3802
30
9
5
33
3515
3759
3483
3542
0
3784
7
2741
3368
3
954
3723
3681
27
20
26
19
1663
3047
3538
3012
1684
3166
3601
6
17
3
15
29
20
3766
2573
1537
2249
3090
2019
2545
1293
760
3068
1017
3140
2623
3350
1802
253
192
2403
2392
2511
1120
765
70
574
3236
3529
2378
1389
3452
3651
3606
3697
17
6
3670
3624
3674
3635
3823
2
8
7
10
3485
31
37
19
14
3842
41
22
3091
2975
30
35
79
61
3841
68
89
41
44
52
65
36
21
26
54
9
62
64
47
3667
59
69
51
52
55
50
1886
3373
2667
2904
2
3510
3335
2150
1621
1286
9
2401
2714
22
3597
43
34
39
71
72
34
37
45
18
26
75
1
24
3362
696
3017
3813
2321
3560
1234
3476
1918
31
84
69
101
42
48
62
80
85
81
93
66
28
46
87
45
8
2490
3325
17
1726
2049
2880
2801
1390
11
3844
3837
3851
3847
28
40
58
50
83
82
99
48
24
60
63
64
120
56
46
34
49
70
180
3484
14
12
17
1626
67
91
84
107
39
72
3138
3070
2906
21
1874
23
1316
330
12
2954
1328
2037
2009
3190
3085
13
1216
2602
436
1999
2426
1245
1351
23
3838
9
20
21
10
3345
3404
35
55
7
22
53
23
3222
73
54
86
98
113
90
59
30
97
114
133
115
88
111
102
72
5
3214
3658
50
2952
3774
3144
2786
3817
12
15
3675
43
51
25
25
29
24
31
37
4
14
13
16
33
29
3791
4
3815
2726
21
15
35
1
10
32
31
28
19
18
22
23
25
4
0
8
9
26
1
3701
3264
3463
3550
3752
3711
3534
3518
3709
3713
3511
3620
3579
3488
3618
3329
3402
3539
3555
3540
3602
3686
3363
3304
3582
3778
3753
3742
3740
3562
3611
3678
2092
3712
3509
3507
3295
2865
3141
3337
2307
861
3411
3059
1495
3504
2264
3458
3384
3652
3478
3816
3726
3760
3746
3494
3449
3622
3414
3570
3311
3776
3769
3804
3543
3564
3775
3528
1637
2970
2525
3318
2987
3268
2065
3634
3594
3600
3588
3514
3716
3537
879
3370
3428
3406
3493
2476
3283
1005
1169
510
3031
1961
2014
1381
1817
2701
2115
2957
2599
2963
1756
1870
1142
3023
2902
2802
3035
2677
1656
2223
2994
1940
1437
1532
2330
2857
3073
1356
1329
503
2486
2936
1577
2137
2832
1551
2452
2315
1727
2473
2191
1956
2787
1199
2826
2644
3227
3262
2587
3610
3517
991
2493
3793
1872
1183
2900
3465
2416
3792
2408
2035
2744
1776
2015
79
1365
2761
1512
3703
3656
3119
2965
2971
3554
3572
3552
3685
3738
14
50
9
3375
3400
3084
121
102
156
197
200
115
157
145
154
150
149
208
92
101
104
85
83
36
112
46
61
68
71
122
83
94
22
48
175
182
168
165
174
161
117
102
153
188
70
3374
2460
3680
88
177
199
216
3916
3898
3894
204
3879
3867
3878
3865
3912
3689
64
189
1412
36
132
199
195
143
144
3863
3872
3869
82
3904
205
204
139
209
3887
170
3896
3906
215
3910
101
2325
3114
212
3228
3900
54
3897
3909
1801
3902
3874
3893
229
185
201
3854
193
3903
3899
3156
239
245
148
3076
3877
3892
3895
3882
3559
137
208
3885
3901
3908
3590
3891
240
214
126
38
223
254
100
3322
3931
3880
218
212
1188
62
3913
2795
1
285
265
206
198
139
64
3884
55
122
207
3875
222
3926
3917
109
2341
143
3918
2937
73
3835
)


// ************************************************************************* //
