/*--------------------------------*- C++ -*----------------------------------*\
  =========                 |
  \\      /  F ield         | OpenFOAM: The Open Source CFD Toolbox
   \\    /   O peration     | Website:  https://openfoam.org
    \\  /    A nd           | Version:  12
     \\/     M anipulation  |
\*---------------------------------------------------------------------------*/
FoamFile
{
    format      ascii;
    class       volScalarField;
    location    "0.004";
    object      alphat;
}
// * * * * * * * * * * * * * * * * * * * * * * * * * * * * * * * * * * * * * //

dimensions      [1 -1 -1 0 0 0 0];

internalField   nonuniform List<scalar> 
3584
(
1.68073
1.6807
1.6807
1.6807
1.68069
1.68069
1.68068
1.68068
1.68068
1.68072
1.68078
1.68084
1.68085
1.68088
1.68108
1.68174
1.68461
1.69355
1.70712
1.71551
1.71762
1.71783
1.71784
1.71784
1.71784
1.71784
1.71784
1.71784
1.71784
1.71784
1.71784
1.71784
1.68073
1.6807
1.6807
1.68069
1.68069
1.68069
1.68068
1.68068
1.68068
1.68072
1.68078
1.68084
1.68085
1.68088
1.68108
1.68174
1.68461
1.69356
1.70713
1.71552
1.71762
1.71784
1.71784
1.71784
1.71784
1.71784
1.71784
1.71784
1.71784
1.71784
1.71784
1.71784
1.68073
1.6807
1.6807
1.6807
1.6807
1.68069
1.68069
1.68068
1.68069
1.68072
1.68078
1.68084
1.68086
1.68088
1.68108
1.68174
1.68461
1.69357
1.70714
1.71552
1.71762
1.71783
1.71784
1.71784
1.71784
1.71784
1.71784
1.71784
1.71784
1.71784
1.71784
1.71784
1.68076
1.68073
1.68073
1.68073
1.68073
1.68072
1.68072
1.68071
1.68072
1.68075
1.68081
1.68086
1.68087
1.68089
1.68109
1.68175
1.68462
1.69358
1.70715
1.71552
1.71762
1.71783
1.71783
1.71784
1.71784
1.71784
1.71784
1.71784
1.71784
1.71784
1.71784
1.71784
1.68066
1.68063
1.68063
1.68063
1.68063
1.68062
1.68062
1.68063
1.68064
1.68069
1.68076
1.68083
1.68085
1.68088
1.68108
1.68174
1.68462
1.6936
1.70717
1.71554
1.71762
1.71784
1.71784
1.71784
1.71784
1.71784
1.71784
1.71784
1.71784
1.71784
1.71785
1.71789
1.68075
1.68072
1.68072
1.68072
1.68071
1.68071
1.6807
1.6807
1.68071
1.68074
1.6808
1.68086
1.68088
1.6809
1.6811
1.68176
1.68465
1.69364
1.70721
1.71555
1.71762
1.71783
1.71784
1.71784
1.71783
1.71784
1.71784
1.71784
1.71784
1.71784
1.71781
1.71779
1.68061
1.68058
1.68058
1.68058
1.68057
1.68057
1.68057
1.68057
1.68058
1.68062
1.6807
1.68078
1.68081
1.68085
1.68106
1.68173
1.68465
1.69366
1.70724
1.71558
1.71764
1.71783
1.71783
1.71784
1.71784
1.71783
1.71785
1.71784
1.71783
1.7178
1.71785
1.71778
1.68087
1.68085
1.68085
1.68084
1.68084
1.68083
1.68082
1.68081
1.6808
1.68081
1.68083
1.68086
1.68085
1.68086
1.68106
1.68173
1.68464
1.69368
1.70726
1.71552
1.71762
1.71783
1.71784
1.71782
1.71784
1.71783
1.71785
1.71784
1.7179
1.71789
1.71783
1.71788
1.68082
1.68079
1.68078
1.68078
1.68078
1.68078
1.68078
1.68078
1.68078
1.68081
1.68085
1.68089
1.68087
1.68087
1.68104
1.6817
1.6846
1.69353
1.70681
1.71504
1.71737
1.71778
1.71782
1.71778
1.71781
1.71785
1.71768
1.71784
1.7178
1.71785
1.71783
1.71789
1.68052
1.68048
1.68047
1.68047
1.68047
1.68046
1.68046
1.68045
1.68045
1.68046
1.68051
1.68055
1.68053
1.6805
1.68057
1.68093
1.68288
1.68882
1.69673
1.70514
1.7131
1.71682
1.71751
1.71752
1.71779
1.71853
1.71789
1.71788
1.71783
1.71779
1.71786
1.71781
1.67627
1.67623
1.6762
1.67616
1.67608
1.67595
1.67573
1.67537
1.6748
1.67397
1.67291
1.67179
1.67076
1.66983
1.66859
1.66577
1.65771
1.63215
1.59402
1.60691
1.66341
1.70084
1.71265
1.71723
1.71725
1.71767
1.71804
1.71785
1.71786
1.71785
1.71784
1.7178
1.60086
1.60079
1.60068
1.60053
1.6003
1.59989
1.59923
1.59813
1.59638
1.59378
1.59027
1.58604
1.58108
1.57436
1.56237
1.53491
1.46925
1.32214
1.17804
1.22621
1.44551
1.61455
1.68709
1.71701
1.71824
1.71727
1.71781
1.71782
1.71782
1.71784
1.71783
1.71783
1.31348
1.31336
1.31317
1.31291
1.31253
1.31189
1.31088
1.30921
1.30656
1.3025
1.29667
1.2886
1.2764
1.25518
1.2141
1.13072
0.982132
0.793414
0.693076
0.809884
1.12351
1.44828
1.66142
1.71342
1.71818
1.71791
1.71764
1.71786
1.71785
1.71784
1.71783
1.71784
0.905747
0.905486
0.905337
0.905107
0.904769
0.904267
0.903455
0.902132
0.899928
0.896246
0.889987
0.879119
0.860204
0.826588
0.765262
0.665556
0.541055
0.447922
0.462559
0.610172
0.918124
1.36994
1.66203
1.71349
1.71707
1.71841
1.71796
1.71786
1.71785
1.71784
1.71786
1.71786
0.57866
0.578763
0.578691
0.578722
0.578873
0.579145
0.579593
0.580129
0.58031
0.57913
0.575095
0.565957
0.548473
0.513481
0.447868
0.357063
0.280884
0.254999
0.308291
0.504441
0.919055
1.44661
1.67565
1.7146
1.71739
1.71785
1.71803
1.71784
1.71782
1.71783
1.71786
1.71787
0.34283
0.342708
0.342551
0.342331
0.341997
0.341472
0.340675
0.339536
0.337948
0.335515
0.331174
0.322249
0.302803
0.262579
0.204394
0.15495
0.122979
0.135927
0.233146
0.476879
1.02681
1.50511
1.68842
1.71588
1.71819
1.71744
1.7179
1.71783
1.71785
1.71784
1.71782
1.71783
0.246055
0.245841
0.245706
0.2455
0.245175
0.24465
0.243826
0.242561
0.240526
0.236925
0.229584
0.213444
0.181354
0.137309
0.100893
0.0766928
0.0801763
0.120175
0.226474
0.557057
1.11441
1.5447
1.69438
1.71704
1.71751
1.71808
1.71769
1.71784
1.71785
1.71784
1.71783
1.71782
0.193172
0.194775
0.194423
0.19389
0.193083
0.191984
0.190547
0.18856
0.185193
0.178293
0.163243
0.135038
0.0984507
0.0726678
0.0573272
0.0604524
0.08565
0.129197
0.26044
0.648
1.17191
1.5723
1.69744
1.71598
1.71727
1.71828
1.71775
1.71786
1.71783
1.71784
1.71785
1.71785
0.157774
0.157494
0.15722
0.156769
0.155977
0.154674
0.152495
0.148628
0.140977
0.125119
0.0980218
0.0691909
0.051394
0.0420068
0.044622
0.0652664
0.0796478
0.136065
0.323707
0.734622
1.22336
1.59257
1.6997
1.71559
1.71812
1.7176
1.71802
1.71784
1.71784
1.71783
1.71784
1.71785
0.119454
0.119082
0.118656
0.11796
0.116724
0.114412
0.109937
0.101064
0.0845353
0.0611526
0.0419542
0.0329383
0.0296894
0.0325498
0.0480183
0.0551619
0.085699
0.156807
0.391023
0.797027
1.27302
1.61207
1.70278
1.71711
1.71789
1.71755
1.7179
1.71782
1.71785
1.71784
1.71783
1.71783
0.0753304
0.074772
0.0740739
0.0728867
0.0706875
0.066482
0.0585956
0.0457903
0.0315587
0.0222838
0.0200764
0.0205524
0.0247219
0.0381682
0.0410123
0.065071
0.102839
0.178257
0.429239
0.854401
1.33442
1.62723
1.70428
1.71708
1.71741
1.71819
1.71767
1.71783
1.71784
1.71785
1.71784
1.71784
0.0361605
0.0355406
0.0346112
0.0329845
0.0300429
0.0251248
0.0187515
0.0134637
0.0112925
0.0123714
0.0155656
0.0208686
0.0311476
0.0344172
0.0540141
0.084295
0.117637
0.188889
0.478053
0.908955
1.39608
1.64486
1.70577
1.71583
1.71799
1.71814
1.71791
1.71787
1.71783
1.71784
1.71784
1.71784
0.0115578
0.0110289
0.0102947
0.00917534
0.00766984
0.0061982
0.00553014
0.00615628
0.00859976
0.012655
0.0208857
0.0261463
0.0296073
0.0509558
0.0756858
0.0957111
0.123211
0.197156
0.526242
0.984528
1.45175
1.65762
1.70747
1.71635
1.71798
1.71755
1.71794
1.71787
1.71784
1.71784
1.71784
1.71784
0.00220901
0.0021526
0.00210468
0.00214357
0.0024281
0.00322341
0.00501446
0.00759335
0.0121635
0.0186126
0.0194311
0.0285707
0.0516382
0.0716036
0.0830287
0.0988673
0.126817
0.211086
0.590388
1.06621
1.5046
1.66967
1.71003
1.71767
1.71757
1.71762
1.71774
1.71781
1.71784
1.71784
1.71784
1.71784
1.69509e-06
0.000377316
0.0013969
0.00317879
0.0057768
0.00869434
0.0115507
0.0151718
0.0192211
0.0214163
0.0250044
0.0383699
0.0578523
0.0720574
0.0851342
0.100132
0.12708
0.233244
0.64532
1.1404
1.54388
1.67921
1.71109
1.71708
1.71789
1.71812
1.71782
1.71782
1.71784
1.71784
1.71784
1.71784
1.49699e-07
6.5051e-05
0.000227387
0.000621385
0.00136787
0.00269773
0.00500399
0.00905169
0.0138387
0.0172313
0.0213216
0.0346003
0.0557817
0.0725987
0.0861276
0.101285
0.130398
0.246399
0.710293
1.2279
1.57983
1.68761
1.71205
1.71625
1.71803
1.71809
1.71793
1.71786
1.71784
1.71784
1.71784
1.71784
1.32285e-07
5.53537e-05
0.000182065
0.00048048
0.00107438
0.00223273
0.00429887
0.00755285
0.0116451
0.0149775
0.0187686
0.0312016
0.0544387
0.0721995
0.0870609
0.102916
0.143341
0.277329
0.755692
1.29376
1.60907
1.69437
1.71301
1.71661
1.71775
1.71776
1.71788
1.71784
1.71784
1.71784
1.71784
1.71784
1.11744e-07
4.82318e-05
0.000161333
0.00041671
0.000909629
0.00185797
0.00358765
0.00639686
0.0101186
0.0136392
0.016913
0.0271758
0.0514209
0.0718707
0.087926
0.107093
0.147024
0.285043
0.822747
1.36155
1.63502
1.69993
1.71381
1.71711
1.71768
1.71764
1.71779
1.71781
1.71783
1.71784
1.71784
1.71784
9.47601e-08
4.26386e-05
0.000146596
0.000374675
0.000810338
0.00163108
0.00310803
0.00556125
0.00903195
0.012764
0.0160323
0.0238992
0.0471451
0.0706239
0.0884945
0.110163
0.150303
0.292592
0.873318
1.422
1.65389
1.70475
1.71448
1.71794
1.71787
1.71777
1.71784
1.71784
1.71783
1.71784
1.71784
1.71784
7.63037e-08
3.69227e-05
0.000132477
0.000336238
0.000723326
0.00144791
0.00275049
0.00492104
0.00808892
0.0118406
0.0153584
0.0223485
0.0430953
0.0668277
0.0887971
0.111616
0.163034
0.312501
0.905334
1.47
1.66999
1.70958
1.71496
1.71752
1.71802
1.71796
1.71789
1.71786
1.71784
1.71784
1.71784
1.71784
6.44876e-08
3.28618e-05
0.000122448
0.000309654
0.000663816
0.00132161
0.00250762
0.00450028
0.00746313
0.0110961
0.014662
0.0218057
0.0413905
0.0635029
0.0843271
0.110525
0.16519
0.313564
0.938778
1.51195
1.68427
1.71122
1.71525
1.71717
1.71778
1.71793
1.71785
1.71783
1.71784
1.71784
1.71784
1.71784
5.49366e-08
2.94224e-05
0.000114036
0.000287801
0.000615388
0.00121735
0.00229127
0.0040871
0.00678025
0.0101673
0.0137749
0.0214323
0.0404875
0.0627311
0.0818452
0.107641
0.168094
0.327918
0.979968
1.55077
1.69394
1.71255
1.71556
1.71736
1.71759
1.71788
1.71783
1.71783
1.71784
1.71784
1.71784
1.71785
5.96518e-08
3.03615e-05
0.000114744
0.000286474
0.000604807
0.00117973
0.00218599
0.00383412
0.00625074
0.00924494
0.0128005
0.0209671
0.0403508
0.0631325
0.0801842
0.102504
0.168438
0.344801
1.03005
1.5869
1.70156
1.71361
1.71622
1.71766
1.71789
1.71784
1.71784
1.71784
1.71784
1.71784
1.71784
1.71793
7.18527e-08
3.3261e-05
0.000119581
0.000294535
0.000612428
0.00117569
0.00213746
0.00366905
0.00585535
0.00857098
0.0121189
0.0208858
0.0402104
0.0611137
0.0770901
0.0964875
0.164814
0.354745
1.08448
1.61867
1.70717
1.71444
1.71675
1.71783
1.71804
1.71779
1.71785
1.71784
1.71784
1.71784
1.71784
1.71842
9.04367e-08
3.7204e-05
0.00012664
0.000307604
0.000629683
0.00118947
0.00212216
0.00356638
0.00557068
0.00807739
0.0119813
0.0225383
0.0423531
0.0619081
0.076185
0.0919177
0.160326
0.368511
1.13491
1.64539
1.71088
1.71524
1.71652
1.71766
1.71775
1.71783
1.71785
1.71784
1.71784
1.71784
1.71784
1.71895
1.02199e-07
3.93952e-05
0.000130923
0.000316727
0.000645456
0.00121268
0.00214433
0.00355615
0.0054867
0.00806919
0.0130878
0.0262969
0.0479714
0.0689522
0.0827769
0.098504
0.157643
0.378988
1.18706
1.66742
1.71341
1.71623
1.71664
1.71765
1.7177
1.71789
1.71783
1.71784
1.71784
1.71784
1.71784
1.71951
1.52786e-07
4.73054e-05
0.000145952
0.000347581
0.000698312
0.00129672
0.00226333
0.00370433
0.00570195
0.00888576
0.0170185
0.035803
0.0620189
0.0860153
0.102804
0.122306
0.161636
0.40207
1.23532
1.68601
1.71488
1.71615
1.71701
1.71772
1.71792
1.71782
1.71784
1.71784
1.71784
1.71784
1.71784
1.72012
1.86343e-07
5.14695e-05
0.000153573
0.000361953
0.000717702
0.00131125
0.00224292
0.0036023
0.00557655
0.00942601
0.0197953
0.0415752
0.0696278
0.0927691
0.11112
0.139378
0.184957
0.43658
1.28314
1.70009
1.7157
1.71611
1.71724
1.71783
1.71789
1.71782
1.71785
1.71784
1.71784
1.71784
1.71785
1.72077
2.40855e-07
5.71405e-05
0.000164505
0.000385326
0.000759047
0.00137652
0.00233536
0.00377216
0.00625283
0.0123604
0.0273864
0.0525967
0.0811594
0.103795
0.121496
0.157792
0.210708
0.47194
1.33593
1.70958
1.71624
1.71632
1.71716
1.71778
1.71777
1.71786
1.71784
1.71784
1.71784
1.71784
1.71785
1.72147
4.95333e-07
7.37429e-05
0.000197032
0.000455273
0.00088615
0.00159199
0.00270235
0.00458174
0.00880847
0.0199504
0.0432586
0.0764417
0.111675
0.138624
0.158642
0.193484
0.267106
0.517867
1.38329
1.71536
1.71666
1.71653
1.71725
1.71774
1.71779
1.71783
1.71784
1.71784
1.71784
1.71784
1.71785
1.72222
7.01474e-07
8.27181e-05
0.000215982
0.000499635
0.000973864
0.00176117
0.00308309
0.00575119
0.0126232
0.0292232
0.0585135
0.0964193
0.136155
0.168421
0.193502
0.228527
0.337623
0.582688
1.41979
1.71829
1.71691
1.71681
1.71736
1.71777
1.71785
1.71782
1.71784
1.71784
1.71784
1.71784
1.71786
1.72301
1.10688e-06
9.47914e-05
0.000240335
0.000553585
0.00107461
0.00197327
0.00374306
0.0082222
0.0199449
0.0440506
0.0800923
0.123627
0.168551
0.208462
0.23409
0.276839
0.399501
0.674926
1.44804
1.71873
1.71722
1.71697
1.71751
1.71781
1.71787
1.71783
1.71784
1.71784
1.71784
1.71784
1.71786
1.72385
1.82928e-06
0.000108502
0.000266416
0.000610725
0.00119355
0.00234288
0.00521934
0.0131251
0.0315544
0.0639723
0.108038
0.159981
0.217837
0.27025
0.288097
0.346448
0.469332
0.84178
1.51431
1.71874
1.71742
1.71729
1.71761
1.71778
1.71783
1.71785
1.71784
1.71784
1.71784
1.71784
1.71787
1.72472
3.15184e-06
0.000123883
0.000295154
0.000684281
0.00142855
0.00333516
0.00880654
0.0226051
0.0499164
0.091896
0.144203
0.204209
0.27178
0.321138
0.352297
0.402757
0.567427
1.07115
1.63061
1.71872
1.71755
1.71754
1.71762
1.71778
1.71782
1.71785
1.71784
1.71784
1.71784
1.71784
1.71788
1.72563
6.42681e-06
0.000144411
0.000344923
0.000863149
0.00218172
0.00615885
0.0168055
0.0400585
0.0802506
0.136263
0.201136
0.273204
0.345966
0.391449
0.410298
0.464624
0.714098
1.37691
1.69721
1.71875
1.71779
1.71766
1.71768
1.71779
1.71784
1.71785
1.71784
1.71784
1.71784
1.71784
1.71789
1.72656
1.1718e-05
0.000163615
0.000428463
0.00128431
0.00398881
0.0118623
0.0304636
0.0660837
0.122267
0.194332
0.273067
0.357096
0.427737
0.471272
0.456915
0.536401
0.999638
1.61627
1.71939
1.71874
1.71789
1.71776
1.71774
1.71781
1.71784
1.71784
1.71784
1.71784
1.71784
1.71784
1.7179
1.72751
1.94263e-05
0.000183387
0.000605953
0.00222607
0.00751555
0.021251
0.0504236
0.102004
0.177761
0.266916
0.357588
0.447123
0.547928
0.525127
0.514607
0.687225
1.43326
1.71139
1.72206
1.71872
1.71796
1.71782
1.71781
1.71783
1.71783
1.71784
1.71784
1.71784
1.71784
1.71784
1.71791
1.72845
3.18233e-05
0.000211059
0.00101286
0.00414151
0.0135465
0.0357374
0.0792192
0.151171
0.248827
0.350852
0.443266
0.557009
0.648347
0.56664
0.536804
1.19993
1.69765
1.7247
1.72071
1.7187
1.71802
1.71786
1.71783
1.71784
1.71784
1.71784
1.71784
1.71784
1.71784
1.71784
1.71793
1.72938
6.10682e-05
0.000264832
0.00193149
0.00778726
0.023482
0.0577141
0.120902
0.218244
0.336438
0.44148
0.526727
0.685509
0.73277
0.503362
1.05176
1.72271
1.7309
1.72297
1.71989
1.7186
1.71805
1.71789
1.71785
1.71784
1.71784
1.71784
1.71784
1.71784
1.71784
1.71784
1.71794
1.73027
0.000160715
0.000385204
0.00371618
0.0139383
0.0391167
0.0910866
0.181142
0.306177
0.432618
0.518851
0.641891
0.786428
0.628614
0.953579
1.71154
1.74503
1.72751
1.72162
1.71946
1.7185
1.71807
1.7179
1.71786
1.71784
1.71784
1.71784
1.71784
1.71784
1.71784
1.71784
1.71795
1.73112
5.28478e-05
0.000705226
0.00564945
0.0221189
0.061724
0.139696
0.263331
0.408287
0.511205
0.604007
0.736341
0.854115
0.79843
1.50758
1.76879
1.73897
1.72604
1.72126
1.71929
1.71847
1.71809
1.71792
1.71786
1.71785
1.71784
1.71784
1.71784
1.71784
1.71784
1.71784
1.71797
1.73191
7.67093e-05
0.00129027
0.00977778
0.0360956
0.0964716
0.207342
0.362464
0.497094
0.580314
0.659953
0.780628
0.636401
0.986811
1.71317
1.76144
1.73488
1.72498
1.72096
1.71923
1.71844
1.71809
1.71794
1.71787
1.71785
1.71784
1.71784
1.71784
1.71784
1.71784
1.71784
1.71798
1.73264
0.000111738
0.00233718
0.016045
0.0558846
0.142309
0.287271
0.452124
0.573045
0.63884
0.680322
0.540953
0.588285
1.25444
1.77293
1.75572
1.73381
1.72471
1.72084
1.71916
1.71842
1.71809
1.71795
1.71788
1.71785
1.71785
1.71784
1.71784
1.71784
1.71784
1.71784
1.71799
1.7333
0.000158144
0.00394292
0.0243698
0.0804332
0.194693
0.361246
0.532751
0.639237
0.698297
0.660516
0.433527
0.6244
1.44973
1.78295
1.75318
1.73273
1.72443
1.72078
1.71915
1.71842
1.71809
1.71795
1.71789
1.71786
1.71785
1.71784
1.71784
1.71784
1.71784
1.71784
1.71801
1.73387
0.000218029
0.00619451
0.0345268
0.107979
0.244944
0.429763
0.60154
0.69123
0.745578
0.598567
0.389812
0.663007
1.53315
1.78402
1.75144
1.73236
1.7243
1.72075
1.71914
1.71841
1.71809
1.71796
1.7179
1.71786
1.71785
1.71784
1.71784
1.71784
1.71784
1.71784
1.71801
1.73436
0.000296669
0.00889237
0.0443805
0.13214
0.292316
0.481915
0.641211
0.724311
0.7613
0.542464
0.363357
0.683841
1.56861
1.78375
1.75074
1.73221
1.72429
1.72074
1.71914
1.71842
1.7181
1.71796
1.7179
1.71787
1.71785
1.71784
1.71784
1.71784
1.71784
1.71784
1.71802
1.73475
0.000325366
0.0105059
0.0512645
0.146488
0.307066
0.499861
0.661713
0.744467
0.7704
0.540537
0.345958
0.668842
1.5691
1.78314
1.75049
1.73215
1.72428
1.72074
1.71915
1.71844
1.71812
1.71798
1.71791
1.71787
1.71785
1.71785
1.71784
1.71784
1.71784
1.71784
1.71803
1.73505
0.000250764
0.00847333
0.0427014
0.130018
0.286064
0.487379
0.664559
0.755229
0.776915
0.592185
0.33652
0.600688
1.5189
1.78115
1.75072
1.73223
1.72434
1.72083
1.71923
1.71849
1.71815
1.71799
1.71791
1.71787
1.71785
1.71785
1.71784
1.71784
1.71784
1.71784
1.71803
1.73527
0.000191737
0.00675269
0.0330141
0.101665
0.24123
0.442705
0.644788
0.758221
0.780788
0.679941
0.348858
0.525279
1.43381
1.78128
1.75326
1.73332
1.72486
1.72109
1.71938
1.71858
1.7182
1.71802
1.71792
1.71787
1.71786
1.71785
1.71784
1.71784
1.71784
1.71784
1.71804
1.73539
0.00014725
0.00553777
0.0257125
0.0783051
0.190285
0.377899
0.594802
0.751355
0.794589
0.799056
0.40403
0.454719
1.29032
1.77663
1.75594
1.73439
1.72536
1.72136
1.71953
1.71868
1.71826
1.71804
1.71792
1.71787
1.71785
1.71785
1.71784
1.71784
1.71784
1.71784
1.71804
1.73541
0.000112589
0.00464529
0.020221
0.0602125
0.1477
0.305375
0.522513
0.720539
0.80707
0.824923
0.587828
0.401597
1.01161
1.75201
1.76006
1.73598
1.72598
1.72166
1.71971
1.71878
1.71831
1.71805
1.71792
1.71787
1.71785
1.71785
1.71784
1.71784
1.71784
1.71784
1.71803
1.73534
8.45789e-05
0.00374632
0.0156052
0.0455458
0.112187
0.239969
0.437037
0.657117
0.801439
0.820042
0.801685
0.475966
0.707368
1.64777
1.76407
1.73778
1.72668
1.72199
1.71989
1.71888
1.71836
1.71805
1.71792
1.71787
1.71785
1.71785
1.71784
1.71784
1.71784
1.71784
1.71803
1.73517
6.53361e-05
0.00256654
0.0112158
0.0331444
0.0826398
0.181914
0.350375
0.570904
0.758239
0.812354
0.823698
0.812736
0.562868
1.35754
1.7724
1.74234
1.72811
1.72262
1.72016
1.71902
1.71841
1.71805
1.71792
1.71787
1.71785
1.71785
1.71784
1.71784
1.71784
1.71784
1.71803
1.73491
4.74954e-05
0.0015308
0.00754527
0.0230269
0.0581593
0.130418
0.261477
0.457603
0.670791
0.78994
0.81047
0.954776
0.656676
0.952867
1.76808
1.75149
1.73054
1.72336
1.72054
1.7192
1.71842
1.71806
1.71793
1.71787
1.71785
1.71785
1.71784
1.71784
1.71784
1.71784
1.71802
1.73457
0.000313393
0.000891319
0.00503601
0.0159281
0.0407913
0.0925445
0.189834
0.347595
0.550652
0.723745
0.780285
0.90703
1.08961
0.782962
1.62283
1.77118
1.73526
1.72479
1.72111
1.71946
1.71843
1.71807
1.71793
1.71788
1.71785
1.71785
1.71784
1.71784
1.71784
1.71784
1.71801
1.73416
0.00019054
0.000479534
0.00332028
0.0107322
0.0278034
0.0638567
0.133598
0.25348
0.426033
0.614431
0.729211
0.838719
1.04696
0.72703
1.17125
1.79803
1.74729
1.72744
1.72229
1.71978
1.71847
1.71809
1.71794
1.71788
1.71786
1.71785
1.71784
1.71784
1.71784
1.71784
1.718
1.73368
7.92176e-05
0.000290498
0.00194388
0.00662942
0.0180626
0.0430292
0.0927778
0.182057
0.320726
0.494355
0.648917
0.773124
0.972598
1.08515
0.640876
1.62867
1.76907
1.73324
1.72445
1.72003
1.71857
1.71812
1.71795
1.71788
1.71786
1.71785
1.71784
1.71784
1.71784
1.71784
1.71799
1.73315
4.10602e-05
0.00020916
0.00108941
0.00383003
0.0111902
0.0281743
0.0633074
0.128753
0.236182
0.384317
0.544592
0.690378
0.880378
1.02445
0.894168
0.790155
1.77007
1.74524
1.7278
1.72043
1.71877
1.71819
1.71797
1.71789
1.71786
1.71785
1.71784
1.71784
1.71784
1.71784
1.71798
1.73257
2.87429e-05
0.000178447
0.000690549
0.00226193
0.0068115
0.0180992
0.042759
0.0907881
0.173465
0.295774
0.444898
0.598776
0.782999
0.932613
0.88247
0.649493
1.17651
1.76047
1.73266
1.72123
1.71903
1.71827
1.718
1.71789
1.71786
1.71785
1.71784
1.71784
1.71784
1.71784
1.71797
1.73197
2.28749e-05
0.000166142
0.000523205
0.00148504
0.00424368
0.0115488
0.0285923
0.0637735
0.127665
0.228035
0.360917
0.510819
0.679179
0.8251
0.845056
0.825364
0.715591
1.65366
1.73984
1.72275
1.71944
1.71839
1.71803
1.7179
1.71786
1.71785
1.71784
1.71784
1.71784
1.71784
1.71796
1.73135
1.84833e-05
0.000158895
0.000448825
0.00111702
0.00281803
0.00735386
0.018693
0.0438887
0.0927412
0.173956
0.288211
0.424753
0.575081
0.704641
0.770065
0.774814
0.685133
1.31265
1.74431
1.72424
1.71985
1.71851
1.71805
1.71791
1.71786
1.71785
1.71784
1.71784
1.71784
1.71784
1.71795
1.73072
1.54494e-05
0.00015354
0.0004137
0.000957588
0.0021402
0.00505496
0.012501
0.0302946
0.0676901
0.134379
0.233532
0.356726
0.48966
0.60569
0.670705
0.72243
0.826759
1.04207
1.74503
1.72516
1.72013
1.71859
1.71807
1.71791
1.71786
1.71785
1.71784
1.71784
1.71784
1.71784
1.71794
1.7301
1.2986e-05
0.000148721
0.000391107
0.000879648
0.00182416
0.00386832
0.00879868
0.0209512
0.0484876
0.101944
0.187165
0.297978
0.419227
0.526249
0.587117
0.646571
0.76768
0.832739
1.74463
1.72581
1.72032
1.71862
1.71808
1.71791
1.71786
1.71785
1.71784
1.71784
1.71784
1.71784
1.71793
1.72949
1.03161e-05
0.000143106
0.000369927
0.000827421
0.00165623
0.0032546
0.00669748
0.0149277
0.0345295
0.0759359
0.147318
0.244934
0.353632
0.452391
0.513081
0.580391
0.71927
0.784746
1.74634
1.72652
1.72049
1.71866
1.71809
1.71791
1.71786
1.71785
1.71784
1.71784
1.71784
1.71784
1.71792
1.72889
8.8338e-06
0.000139288
0.000357347
0.000799694
0.00158132
0.00299377
0.00571927
0.0117079
0.0260343
0.0584448
0.11953
0.208124
0.308479
0.399905
0.456756
0.527143
0.665418
0.823198
1.75112
1.72781
1.72075
1.71871
1.7181
1.7179
1.71785
1.71785
1.71784
1.71784
1.71784
1.71784
1.71791
1.72831
7.63258e-06
0.000135912
0.000346913
0.000779695
0.00153988
0.00287696
0.00527579
0.01004
0.0209311
0.0465463
0.0986178
0.180063
0.276053
0.365406
0.418362
0.468159
0.630641
0.83645
1.76015
1.72966
1.72105
1.71878
1.71811
1.71791
1.71786
1.71784
1.71784
1.71784
1.71784
1.71784
1.7179
1.72775
6.1586e-06
0.000131144
0.000332527
0.000751999
0.00148889
0.00277726
0.00500805
0.00907255
0.0175381
0.0372083
0.0799182
0.152912
0.244536
0.333398
0.395005
0.43946
0.607816
0.841083
1.77404
1.73208
1.7214
1.7189
1.71812
1.7179
1.71785
1.71784
1.71784
1.71784
1.71784
1.71784
1.71789
1.72723
5.28045e-06
0.000128166
0.000325461
0.000743662
0.00148806
0.00280768
0.0050922
0.00907599
0.0165912
0.0328761
0.0693476
0.136099
0.222755
0.307596
0.370549
0.428661
0.598491
0.830568
1.78499
1.73458
1.72175
1.71901
1.71815
1.7179
1.71785
1.71785
1.71784
1.71784
1.71784
1.71784
1.71789
1.72672
5.00447e-06
0.000127696
0.000326594
0.000755005
0.00152953
0.00291857
0.00532593
0.00943961
0.0168106
0.031748
0.0643122
0.125736
0.207251
0.286839
0.351335
0.429692
0.592614
0.830451
1.79793
1.73696
1.72198
1.71912
1.7182
1.71791
1.71784
1.71785
1.71784
1.71784
1.71784
1.71784
1.71788
1.72625
7.21123e-06
0.000136796
0.000352419
0.000809692
0.00163558
0.00310628
0.00561905
0.00979027
0.0169375
0.0311152
0.0624195
0.121563
0.198731
0.271078
0.337093
0.442728
0.597664
0.833432
1.7897
1.73943
1.7222
1.71916
1.71826
1.71791
1.71786
1.71785
1.71784
1.71784
1.71784
1.71784
1.71788
1.7258
9.87906e-06
0.000145382
0.000381482
0.00087645
0.00178017
0.00340061
0.00618506
0.0108097
0.0186152
0.0333134
0.0642297
0.121618
0.195856
0.265506
0.343765
0.459244
0.613948
0.83142
1.78259
1.74178
1.72236
1.7192
1.71829
1.71792
1.71785
1.71785
1.71784
1.71784
1.71784
1.71784
1.71788
1.72537
1.17243e-05
0.000151317
0.000402485
0.000927483
0.00189217
0.00362738
0.00662687
0.0116985
0.0206192
0.038088
0.073823
0.133532
0.202912
0.270529
0.354976
0.472385
0.626027
0.831972
1.79997
1.74428
1.72263
1.71924
1.71832
1.71792
1.71784
1.71784
1.71784
1.71784
1.71784
1.71784
1.71787
1.72497
1.34537e-05
0.000157326
0.000424947
0.00098675
0.00203228
0.00393672
0.00730625
0.0132256
0.023741
0.0441892
0.0866479
0.156118
0.226701
0.289546
0.36893
0.48024
0.635628
0.839053
1.80003
1.74605
1.72312
1.71941
1.71836
1.71792
1.71786
1.71784
1.71784
1.71784
1.71784
1.71784
1.71787
1.72459
1.49078e-05
0.000163478
0.000447149
0.00104944
0.00218631
0.00429609
0.00811144
0.0147631
0.0268222
0.0520615
0.103772
0.179343
0.24708
0.300415
0.378415
0.485508
0.639245
0.856561
1.79998
1.74864
1.7239
1.7197
1.71842
1.71791
1.71784
1.71786
1.71785
1.71784
1.71784
1.71784
1.71786
1.72422
1.64356e-05
0.000170452
0.000470573
0.00111748
0.00236236
0.0047347
0.00908635
0.016991
0.0318697
0.0625173
0.121814
0.200148
0.25712
0.305681
0.38071
0.483911
0.639032
0.879027
1.79998
1.7539
1.72508
1.71997
1.71845
1.71795
1.71783
1.71786
1.71784
1.71785
1.71784
1.71784
1.71786
1.72388
1.78243e-05
0.000178136
0.000491949
0.00119207
0.00260977
0.00541378
0.0104845
0.0192301
0.0366096
0.0747049
0.143237
0.210971
0.260684
0.30902
0.377988
0.470954
0.632326
0.908882
1.80001
1.75746
1.72657
1.72022
1.7185
1.71797
1.71787
1.71783
1.71784
1.71784
1.71783
1.71784
1.71786
1.72354
2.10755e-05
0.000185229
0.000511882
0.00127367
0.0027467
0.00567539
0.0113978
0.0222162
0.0441689
0.0894005
0.15486
0.213209
0.261339
0.308994
0.366412
0.451806
0.615164
0.927066
1.80005
1.75713
1.72822
1.72048
1.71853
1.71789
1.71788
1.71784
1.71785
1.71784
1.71784
1.71784
1.71786
1.72322
4.42134e-05
0.000270481
0.000968323
0.00221509
0.00417341
0.00697585
0.0127624
0.0247689
0.0482488
0.0916165
0.153341
0.210967
0.25942
0.300156
0.349228
0.427016
0.593273
0.921686
1.78245
1.76798
1.73076
1.7208
1.71853
1.71788
1.7178
1.71788
1.71784
1.71783
1.71785
1.71784
1.71786
1.72291
0.00226478
0.00233372
0.00277526
0.00363403
0.00510052
0.0080673
0.0139073
0.023918
0.0427097
0.0826677
0.138775
0.197349
0.246895
0.28746
0.335861
0.404131
0.560429
0.901782
1.73361
1.79338
1.73422
1.72116
1.71854
1.71807
1.7178
1.71785
1.71784
1.71785
1.71784
1.71784
1.71785
1.72261
0.0117236
0.0118643
0.0122694
0.0132715
0.0151251
0.0183665
0.0237336
0.0320436
0.0462689
0.0741682
0.125838
0.175567
0.224218
0.269974
0.315978
0.380529
0.520406
0.874206
1.6826
1.7848
1.73727
1.72167
1.71855
1.71806
1.7179
1.7178
1.71784
1.71786
1.71784
1.71784
1.71785
1.72232
0.0363981
0.0365789
0.0371009
0.0382237
0.0401909
0.043276
0.0478924
0.0547732
0.065631
0.0844728
0.11675
0.163939
0.2043
0.242582
0.288893
0.351486
0.48539
0.833898
1.57725
1.78032
1.74091
1.72217
1.71856
1.71774
1.71787
1.71784
1.71785
1.71783
1.71783
1.71784
1.71785
1.72205
0.0756088
0.0757734
0.0762992
0.0773935
0.079334
0.0823833
0.0866852
0.0924968
0.100592
0.112901
0.132069
0.160304
0.19281
0.226172
0.263517
0.32463
0.448785
0.778921
1.46274
1.76795
1.74297
1.72267
1.71857
1.71778
1.71777
1.71793
1.71788
1.71782
1.71784
1.71784
1.71785
1.72177
0.119682
0.119884
0.120381
0.12135
0.123087
0.12587
0.129863
0.13494
0.140917
0.148318
0.15844
0.172265
0.189757
0.21295
0.245069
0.298374
0.411293
0.72453
1.35496
1.76823
1.74828
1.72322
1.71849
1.7182
1.71782
1.71796
1.71782
1.71786
1.71785
1.71784
1.71785
1.72151
0.157994
0.158252
0.158729
0.1597
0.16121
0.16384
0.167534
0.172202
0.177302
0.182193
0.187266
0.193253
0.200394
0.210612
0.233849
0.287733
0.386648
0.664629
1.24156
1.73682
1.74187
1.72342
1.71855
1.71812
1.718
1.71774
1.71771
1.71787
1.71784
1.71784
1.71785
1.72125
0.192058
0.19231
0.19272
0.193566
0.194735
0.196624
0.199117
0.202311
0.205886
0.209432
0.212827
0.216895
0.222584
0.232236
0.250438
0.292345
0.387477
0.615783
1.13032
1.66852
1.74138
1.72373
1.71852
1.71765
1.7178
1.71754
1.71789
1.71781
1.71783
1.71783
1.71785
1.721
0.246177
0.246226
0.246308
0.246538
0.246888
0.247596
0.248658
0.250255
0.25223
0.254317
0.25662
0.259542
0.264273
0.27224
0.290277
0.327906
0.397724
0.615179
1.04772
1.59375
1.74174
1.72398
1.71831
1.71779
1.71759
1.71765
1.71809
1.71783
1.71783
1.71784
1.71784
1.72076
0.342879
0.342991
0.343196
0.343556
0.344215
0.345286
0.346999
0.349529
0.352846
0.356358
0.35916
0.361364
0.364995
0.373542
0.390311
0.4265
0.499307
0.658204
1.05428
1.5369
1.76614
1.72304
1.71834
1.71821
1.71804
1.71814
1.71775
1.7179
1.71784
1.71784
1.71784
1.72052
0.578579
0.57867
0.578928
0.579395
0.580406
0.582026
0.584816
0.589134
0.59541
0.603298
0.611398
0.618116
0.623813
0.630693
0.646711
0.682587
0.743606
0.895173
1.19891
1.56689
1.76079
1.7218
1.71812
1.71806
1.71814
1.71816
1.7175
1.71781
1.71785
1.71784
1.71784
1.72028
0.905854
0.905935
0.906079
0.906408
0.907045
0.908216
0.910263
0.913745
0.919327
0.927797
0.939306
0.952766
0.966964
0.983319
1.00667
1.04445
1.10883
1.24196
1.44662
1.6605
1.78258
1.72537
1.71793
1.71769
1.71749
1.71752
1.71791
1.71777
1.71784
1.71783
1.71784
1.72005
1.31337
1.31353
1.3136
1.31376
1.31414
1.31465
1.31581
1.31759
1.32074
1.32548
1.33258
1.34198
1.35362
1.36679
1.38367
1.41011
1.45531
1.51889
1.60934
1.69508
1.73122
1.72913
1.71783
1.71809
1.71763
1.71738
1.71823
1.71786
1.71784
1.71784
1.71784
1.71984
1.60083
1.6009
1.60101
1.60111
1.60137
1.60179
1.60259
1.60383
1.60602
1.60931
1.61432
1.621
1.62949
1.63967
1.64964
1.65927
1.67146
1.68792
1.70681
1.71872
1.72357
1.72209
1.71845
1.71789
1.71829
1.71821
1.71782
1.71791
1.71783
1.71784
1.71784
1.71961
1.67629
1.67635
1.67645
1.6766
1.67693
1.67739
1.67826
1.67964
1.682
1.68557
1.69088
1.69741
1.70417
1.70968
1.71312
1.71511
1.71593
1.71709
1.7182
1.71917
1.71946
1.71908
1.71844
1.71795
1.71779
1.71833
1.71747
1.71787
1.71782
1.71783
1.71784
1.71938
1.68055
1.68061
1.68071
1.68088
1.68118
1.68169
1.68256
1.68401
1.68635
1.68998
1.69513
1.70152
1.70807
1.71327
1.7162
1.71731
1.71763
1.71778
1.71792
1.71805
1.71809
1.71805
1.71803
1.71793
1.71785
1.71739
1.71779
1.71777
1.71789
1.71783
1.71785
1.7192
1.68085
1.6809
1.68101
1.68118
1.68148
1.68199
1.68287
1.68432
1.68667
1.69028
1.69542
1.70181
1.70838
1.71359
1.71652
1.71758
1.71781
1.71783
1.71784
1.71786
1.71787
1.71788
1.71789
1.71787
1.71785
1.71785
1.71805
1.71781
1.71786
1.71786
1.71784
1.71899
1.68089
1.68095
1.68105
1.68123
1.68153
1.68205
1.68292
1.68437
1.68673
1.69036
1.69551
1.70192
1.7085
1.71371
1.71662
1.71765
1.71784
1.71782
1.71781
1.71781
1.71782
1.71785
1.71786
1.71786
1.71784
1.71784
1.71784
1.71789
1.71776
1.71786
1.71784
1.71873
1.68063
1.68069
1.68079
1.68097
1.68127
1.68178
1.68266
1.68411
1.68647
1.69011
1.69526
1.70168
1.70827
1.71354
1.71647
1.71754
1.7178
1.71784
1.71785
1.71785
1.71785
1.71784
1.71784
1.71784
1.71784
1.71784
1.71784
1.71783
1.71788
1.71781
1.71782
1.71858
1.68077
1.68083
1.68093
1.68111
1.68141
1.68192
1.68279
1.68425
1.6866
1.69023
1.69538
1.70178
1.70836
1.71358
1.7165
1.71757
1.71781
1.71784
1.71784
1.71784
1.71784
1.71784
1.71784
1.71784
1.71784
1.71784
1.71784
1.71784
1.71784
1.71785
1.71786
1.7184
1.68068
1.68074
1.68084
1.68101
1.68131
1.68183
1.6827
1.68415
1.68651
1.69013
1.69528
1.70169
1.70827
1.71352
1.71646
1.71754
1.71779
1.71782
1.71783
1.71783
1.71783
1.71784
1.71784
1.71784
1.71784
1.71784
1.71784
1.71784
1.71784
1.71784
1.71783
1.71812
1.68079
1.68085
1.68095
1.68112
1.68142
1.68194
1.68281
1.68426
1.68661
1.69024
1.69538
1.70178
1.70836
1.71359
1.71653
1.7176
1.71783
1.71786
1.71785
1.71785
1.71784
1.71783
1.71783
1.71784
1.71784
1.71784
1.71784
1.71784
1.71784
1.71784
1.71784
1.71792
1.68075
1.68081
1.68091
1.68109
1.68139
1.6819
1.68277
1.68423
1.68658
1.6902
1.69535
1.70175
1.70833
1.71356
1.7165
1.71757
1.71781
1.71784
1.71785
1.71784
1.71784
1.71784
1.71784
1.71784
1.71784
1.71784
1.71784
1.71784
1.71784
1.71784
1.71784
1.719
1.68075
1.68081
1.68091
1.68109
1.68139
1.6819
1.68277
1.68422
1.68657
1.6902
1.69534
1.70174
1.70833
1.71355
1.71649
1.71757
1.71781
1.71784
1.71784
1.71784
1.71784
1.71784
1.71784
1.71784
1.71784
1.71784
1.71784
1.71784
1.71784
1.71784
1.71785
1.72103
1.68075
1.68081
1.68091
1.68108
1.68139
1.6819
1.68277
1.68422
1.68657
1.6902
1.69534
1.70174
1.70832
1.71355
1.71649
1.71757
1.71781
1.71784
1.71784
1.71784
1.71784
1.71784
1.71784
1.71784
1.71784
1.71784
1.71784
1.71784
1.71784
1.71784
1.71785
1.72115
)
;

boundaryField
{
    QUAD_bdy____1
    {
        type            empty;
    }
    QUAD_bdy____2
    {
        type            empty;
    }
    QUAD_bdy____3
    {
        type            calculated;
        value           nonuniform List<scalar> 
32
(
1.68073
1.6807
1.6807
1.6807
1.6807
1.68069
1.68069
1.68068
1.68069
1.68072
1.68078
1.68085
1.68086
1.68088
1.68108
1.68174
1.68461
1.69356
1.70713
1.71552
1.71763
1.71784
1.71784
1.71784
1.71784
1.71784
1.71784
1.71784
1.71784
1.71784
1.71784
1.71784
)
;
    }
    QUAD_bdy____4
    {
        type            calculated;
        value           nonuniform List<scalar> 
32
(
1.68075
1.68081
1.68091
1.68109
1.68139
1.6819
1.68278
1.68423
1.68658
1.6902
1.69535
1.70174
1.70833
1.71356
1.7165
1.71757
1.71781
1.71784
1.71784
1.71784
1.71784
1.71784
1.71784
1.71784
1.71784
1.71784
1.71784
1.71784
1.71784
1.71784
1.71786
1.72115
)
;
    }
    QUAD_bdy____5
    {
        type            compressible::alphatWallFunction;
        Prt             0.85;
        value           nonuniform List<scalar> 
64
(
0
0
0
0
0
0
0
0
0
0
0
0
0
0
0
0
0
0
0
0
0
0
0
0
0
0
3.36842e-06
8.12942e-06
1.44331e-05
2.21833e-05
3.17029e-05
4.37962e-05
4.81372e-05
3.67754e-05
2.75652e-05
2.03987e-05
1.4572e-05
9.5896e-06
5.91935e-06
2.20386e-06
0
0
0
0
0
0
0
0
0
0
0
0
0
0
0
0
0
0
0
0
0
0
0
0
)
;
    }
    QUAD_bdy____6
    {
        type            calculated;
        value           nonuniform List<scalar> 
112
(
1.71784
1.71784
1.71784
1.71784
1.71789
1.71779
1.71778
1.71788
1.71789
1.71781
1.7178
1.71783
1.71784
1.71786
1.71787
1.71783
1.71782
1.71785
1.71785
1.71783
1.71784
1.71784
1.71784
1.71784
1.71784
1.71784
1.71784
1.71784
1.71784
1.71784
1.71784
1.71785
4.17103
4.17103
4.17103
4.17103
4.17103
4.17103
4.17103
4.17103
4.17103
4.17103
4.17103
4.17103
4.17103
4.17103
4.17103
4.17103
4.17103
4.17103
4.17103
4.17103
4.17103
4.17103
4.17103
4.17103
4.17103
4.17103
4.17103
4.17103
4.17103
4.17103
4.17103
4.17103
4.17103
4.17103
4.17103
4.17103
4.17103
4.17103
4.17103
4.17103
4.17103
4.17103
4.17103
4.17103
4.17103
4.17103
4.17103
4.17103
4.17103
4.17103
4.17103
4.17103
4.17103
4.17103
4.17103
4.17103
4.17103
4.17103
4.17103
4.17103
4.17104
4.17103
4.17102
4.17104
4.17104
4.17101
4.17103
4.17107
4.17102
4.17099
4.17108
4.17107
4.17094
4.17106
4.17113
4.17094
4.17103
4.17103
4.17103
4.17103
)
;
    }
}


// ************************************************************************* //
