/*--------------------------------*- C++ -*----------------------------------*\
| =========                 |                                                 |
| \\      /  F ield         | OpenFOAM: The Open Source CFD Toolbox           |
|  \\    /   O peration     | Version:  2312                                  |
|   \\  /    A nd           | Website:  www.openfoam.com                      |
|    \\/     M anipulation  |                                                 |
\*---------------------------------------------------------------------------*/
FoamFile
{
    version     2.0;
    format      ascii;
    arch        "LSB;label=64;scalar=64";
    class       volScalarField;
    location    "0.5";
    object      N2;
}
// * * * * * * * * * * * * * * * * * * * * * * * * * * * * * * * * * * * * * //

dimensions      [0 0 0 0 0 0 0];

internalField   nonuniform List<scalar> 
4000
(
0.00113295
0.00367876
0.00654536
0.00976802
0.0133835
0.0174298
0.021946
0.0269717
0.032546
0.0387075
0.0454926
0.0529352
0.0610655
0.0699093
0.0794866
0.0898113
0.10089
0.112722
0.125297
0.138598
0.152599
0.167264
0.182553
0.198413
0.214788
0.231616
0.248828
0.266354
0.28412
0.302052
0.320074
0.338113
0.356097
0.373958
0.391632
0.409058
0.42618
0.442951
0.459326
0.475266
0.49074
0.505721
0.520188
0.534126
0.547522
0.560372
0.572672
0.584425
0.595634
0.606307
0.616455
0.626089
0.635222
0.643695
0.651714
0.659297
0.66646
0.673221
0.679597
0.685605
0.691264
0.69659
0.7016
0.706312
0.71074
0.714903
0.718816
0.722497
0.725964
0.729239
0.732346
0.735301
0.738113
0.740786
0.743325
0.745731
0.748004
0.750146
0.752157
0.754039
0.755794
0.757423
0.758928
0.760312
0.761578
0.762729
0.763771
0.764707
0.765542
0.766282
0.766934
0.767504
0.767998
0.768424
0.768787
0.769096
0.769357
0.769575
0.769773
0.769934
0.00112441
0.00365111
0.00649657
0.0096962
0.0132867
0.0173061
0.0217933
0.0267879
0.0323292
0.0384557
0.0452042
0.052609
0.0607006
0.0695052
0.0790432
0.089329
0.10037
0.112165
0.124705
0.137975
0.151946
0.166586
0.181853
0.197696
0.214058
0.230877
0.248087
0.265614
0.283387
0.301329
0.319367
0.337426
0.355434
0.373322
0.391025
0.408483
0.425641
0.442447
0.458859
0.474837
0.490349
0.505367
0.519872
0.533845
0.547277
0.56016
0.572493
0.584275
0.595513
0.606214
0.616387
0.626044
0.635199
0.64369
0.651726
0.659324
0.6665
0.673273
0.679659
0.685677
0.691343
0.696676
0.701692
0.706408
0.71084
0.715006
0.718921
0.722604
0.726072
0.729348
0.732455
0.735409
0.73822
0.740893
0.74343
0.745833
0.748104
0.750242
0.75225
0.754129
0.755879
0.757503
0.759003
0.760382
0.761643
0.762789
0.763825
0.764755
0.765585
0.76632
0.766967
0.767531
0.768021
0.768442
0.768802
0.769107
0.769365
0.76958
0.769775
0.769935
0.00111371
0.00361624
0.00643425
0.00960297
0.0131591
0.0171409
0.0215873
0.0265381
0.0320328
0.0381101
0.0448072
0.0521585
0.0601951
0.0689435
0.0784249
0.0886541
0.099639
0.11138
0.123868
0.137088
0.151014
0.165613
0.180844
0.196656
0.212995
0.229796
0.246995
0.264519
0.282295
0.300248
0.318303
0.336385
0.354423
0.372346
0.39009
0.407593
0.424799
0.441657
0.458122
0.474156
0.489724
0.5048
0.519361
0.533391
0.546878
0.559814
0.572198
0.58403
0.595315
0.60606
0.616274
0.62597
0.63516
0.643684
0.65175
0.659374
0.666574
0.673367
0.679772
0.685806
0.691487
0.696831
0.701857
0.706582
0.711021
0.715191
0.71911
0.722794
0.726264
0.72954
0.732647
0.7356
0.738409
0.741079
0.743612
0.746011
0.748276
0.750408
0.752409
0.75428
0.756022
0.757638
0.759129
0.760498
0.761749
0.762885
0.763911
0.764832
0.765652
0.766378
0.767016
0.767573
0.768055
0.768469
0.768823
0.769123
0.769376
0.769588
0.769779
0.769936
0.00110169
0.00357717
0.00636461
0.009499
0.013017
0.0169568
0.0213577
0.0262594
0.0317018
0.0377238
0.0443627
0.0516534
0.0596273
0.0683116
0.077728
0.087892
0.0988123
0.11049
0.122917
0.136079
0.149952
0.164502
0.179689
0.195464
0.211772
0.228551
0.245734
0.263251
0.281028
0.29899
0.317062
0.335169
0.353239
0.371201
0.38899
0.406543
0.423804
0.440722
0.45725
0.473348
0.488983
0.504126
0.518754
0.532851
0.546404
0.559405
0.571852
0.583744
0.595085
0.605884
0.616149
0.625893
0.635127
0.643691
0.651793
0.659451
0.66668
0.6735
0.679928
0.685982
0.691681
0.69704
0.702078
0.706812
0.711259
0.715434
0.719356
0.723042
0.726512
0.729789
0.732895
0.735847
0.738653
0.741319
0.743846
0.746238
0.748496
0.750619
0.752611
0.754471
0.756202
0.757806
0.759285
0.760641
0.76188
0.763003
0.764017
0.764925
0.765734
0.766448
0.767076
0.767623
0.768096
0.768502
0.768848
0.769142
0.76939
0.769597
0.769784
0.769937
0.00109003
0.00353933
0.0062972
0.00939833
0.0128791
0.0167777
0.0211332
0.0259856
0.0313748
0.03734
0.0439189
0.0511467
0.0590554
0.0676727
0.0770209
0.0871163
0.0979684
0.109579
0.121942
0.135042
0.148856
0.163353
0.178492
0.194226
0.2105
0.227253
0.244418
0.261925
0.279701
0.297671
0.315759
0.33389
0.351992
0.369994
0.387829
0.405435
0.422753
0.439733
0.456326
0.472494
0.488199
0.503414
0.518115
0.532284
0.545908
0.558979
0.571493
0.58345
0.594854
0.605712
0.616033
0.625828
0.63511
0.643719
0.651861
0.659554
0.666816
0.673665
0.680118
0.686195
0.691911
0.697286
0.702337
0.707081
0.711535
0.715715
0.71964
0.723327
0.726797
0.730072
0.733177
0.736127
0.73893
0.74159
0.744111
0.746495
0.748743
0.750856
0.752836
0.754684
0.756402
0.757992
0.759456
0.760799
0.762022
0.763132
0.764131
0.765025
0.76582
0.766523
0.767138
0.767675
0.768138
0.768536
0.768875
0.769162
0.769403
0.769606
0.769789
0.769939
0.00107892
0.00350328
0.0062331
0.00930274
0.0127484
0.0166079
0.0209204
0.0257258
0.0310641
0.0369748
0.0434957
0.0506625
0.0585076
0.0670591
0.0763402
0.0863679
0.0971522
0.108696
0.120994
0.134032
0.147788
0.162231
0.177322
0.193014
0.209253
0.225978
0.243123
0.26062
0.278393
0.296369
0.314472
0.332626
0.35076
0.3688
0.386681
0.404338
0.421714
0.438756
0.455415
0.471651
0.487428
0.502716
0.51749
0.531732
0.545428
0.55857
0.571153
0.583177
0.594645
0.605563
0.61594
0.625788
0.635117
0.643769
0.651951
0.659681
0.666976
0.673854
0.680333
0.686431
0.692166
0.697556
0.702619
0.707372
0.711832
0.716016
0.719943
0.72363
0.727099
0.730373
0.733476
0.736423
0.739221
0.741876
0.74439
0.746765
0.749002
0.751104
0.753071
0.754905
0.756609
0.758184
0.759633
0.76096
0.762168
0.763262
0.764246
0.765126
0.765908
0.766597
0.767201
0.767726
0.76818
0.768569
0.768901
0.769181
0.769417
0.769615
0.769794
0.76994
0.00106877
0.00347037
0.0061746
0.00921553
0.0126291
0.016453
0.0207261
0.0254884
0.0307798
0.0366398
0.0431067
0.0502164
0.0580016
0.0664911
0.0757085
0.0856715
0.0963912
0.107871
0.120106
0.133084
0.146783
0.161174
0.176218
0.191868
0.208073
0.22477
0.241896
0.259381
0.277151
0.295132
0.313249
0.331425
0.349588
0.367665
0.38559
0.403297
0.420728
0.43783
0.454554
0.470857
0.486703
0.502061
0.516907
0.53122
0.544988
0.558199
0.57085
0.582939
0.594469
0.605447
0.61588
0.62578
0.635142
0.643838
0.652061
0.659827
0.667154
0.67406
0.680563
0.686681
0.692434
0.697837
0.702911
0.707671
0.712136
0.716324
0.720251
0.723938
0.727405
0.730677
0.733778
0.736721
0.739514
0.742163
0.744668
0.747034
0.749261
0.75135
0.753304
0.755125
0.756813
0.758373
0.759807
0.761118
0.762311
0.763389
0.764358
0.765224
0.765992
0.766669
0.767262
0.767776
0.76822
0.768601
0.768925
0.7692
0.769431
0.769624
0.769799
0.769942
0.00105957
0.00344054
0.00612161
0.00913661
0.0125212
0.016313
0.0205506
0.0252739
0.0305229
0.0363371
0.0427549
0.0498124
0.0575428
0.0659753
0.075134
0.0850373
0.0956968
0.107117
0.119294
0.132216
0.145862
0.160203
0.175202
0.190813
0.206985
0.223656
0.240763
0.258237
0.276004
0.293989
0.312118
0.330315
0.348505
0.366618
0.384583
0.402338
0.419822
0.43698
0.453764
0.470131
0.486043
0.501469
0.516382
0.530764
0.544598
0.557876
0.57059
0.582741
0.594331
0.605365
0.615852
0.625802
0.635187
0.643926
0.652186
0.659986
0.667342
0.674274
0.680799
0.686936
0.692704
0.69812
0.703202
0.707969
0.712438
0.716627
0.720555
0.72424
0.727705
0.730974
0.734072
0.737011
0.739799
0.742441
0.744938
0.747294
0.74951
0.751588
0.753529
0.755335
0.757009
0.758554
0.759972
0.761268
0.762446
0.763509
0.764465
0.765317
0.766072
0.766737
0.767318
0.767823
0.768258
0.768631
0.768949
0.769217
0.769443
0.769632
0.769803
0.769943
0.00105137
0.00341398
0.00607444
0.00906639
0.0124253
0.0161885
0.0203945
0.0250832
0.0302944
0.0360677
0.0424415
0.0494523
0.0571334
0.0655145
0.0746201
0.0844692
0.0950741
0.10644
0.118563
0.131434
0.145031
0.159327
0.174285
0.18986
0.206001
0.222648
0.239738
0.257201
0.274964
0.292954
0.311095
0.329311
0.347527
0.365672
0.383676
0.401474
0.419007
0.436218
0.453059
0.469485
0.485458
0.500946
0.515923
0.530367
0.544264
0.557603
0.570377
0.582585
0.59423
0.605315
0.615851
0.625846
0.635251
0.644028
0.652323
0.660153
0.667536
0.674491
0.681035
0.687189
0.692969
0.698395
0.703485
0.708257
0.712729
0.716919
0.720845
0.724529
0.727991
0.731258
0.734352
0.737287
0.74007
0.742704
0.745194
0.74754
0.749745
0.751811
0.753739
0.755532
0.757192
0.758723
0.760127
0.761408
0.762571
0.763621
0.764563
0.765402
0.766145
0.766799
0.767371
0.767866
0.768293
0.768659
0.76897
0.769233
0.769455
0.76964
0.769807
0.769944
0.00104412
0.00339048
0.00603273
0.0090043
0.0123405
0.0160785
0.0202567
0.0249149
0.0300927
0.0358299
0.0421649
0.0491343
0.0567717
0.0651071
0.0741655
0.0839663
0.0945224
0.105839
0.117915
0.130739
0.144292
0.158547
0.173468
0.189011
0.205124
0.22175
0.238824
0.256278
0.274039
0.292033
0.310184
0.328418
0.346658
0.364832
0.382871
0.40071
0.418288
0.435548
0.45244
0.46892
0.484949
0.500495
0.515529
0.530031
0.543985
0.557379
0.570207
0.582467
0.594161
0.605294
0.615874
0.62591
0.63533
0.64414
0.652465
0.660322
0.667729
0.674703
0.681265
0.687432
0.693224
0.698658
0.703754
0.708529
0.713003
0.717193
0.721118
0.724799
0.728258
0.731522
0.734613
0.737544
0.740321
0.742948
0.74543
0.747767
0.749962
0.752016
0.753933
0.755713
0.75736
0.758877
0.760268
0.761536
0.762686
0.763723
0.764652
0.76548
0.766212
0.766856
0.767418
0.767905
0.768325
0.768684
0.76899
0.769248
0.769465
0.769647
0.769811
0.769945
0.00103778
0.00336992
0.00599624
0.00895001
0.0122664
0.0159823
0.0201363
0.0247677
0.0299164
0.035622
0.0419231
0.0488563
0.0564554
0.0647507
0.0737676
0.0835259
0.094039
0.105313
0.117347
0.13013
0.143644
0.157863
0.172751
0.188265
0.204354
0.220961
0.238021
0.255467
0.273226
0.291224
0.309386
0.327635
0.345897
0.364098
0.38217
0.400045
0.417663
0.434967
0.451906
0.468435
0.484515
0.500112
0.515198
0.529751
0.543756
0.5572
0.570077
0.582383
0.594121
0.605296
0.615914
0.625986
0.635418
0.644258
0.652609
0.660489
0.667916
0.674908
0.681483
0.687662
0.693463
0.698904
0.704004
0.708782
0.713256
0.717445
0.721369
0.725047
0.728503
0.731764
0.734852
0.737778
0.74055
0.743171
0.745645
0.747973
0.750159
0.752203
0.754108
0.755877
0.757512
0.759017
0.760395
0.761651
0.762789
0.763814
0.764732
0.76555
0.766272
0.766907
0.767461
0.76794
0.768354
0.768707
0.769007
0.769261
0.769475
0.769653
0.769815
0.769946
0.00103227
0.00335208
0.00596457
0.0089029
0.0122021
0.015899
0.0200319
0.0246402
0.0297637
0.035442
0.0417136
0.0486154
0.0561814
0.0644419
0.0734228
0.0831442
0.0936199
0.104857
0.116854
0.129601
0.143082
0.157269
0.172129
0.187618
0.203686
0.220276
0.237324
0.254763
0.272521
0.290523
0.308694
0.326958
0.345239
0.363465
0.381566
0.399474
0.417128
0.434472
0.451452
0.468025
0.484149
0.499792
0.514924
0.529523
0.543573
0.557061
0.56998
0.582327
0.594104
0.605314
0.615967
0.626069
0.63551
0.644375
0.652749
0.660649
0.668093
0.675099
0.681687
0.687875
0.693683
0.699129
0.704233
0.709012
0.713486
0.717674
0.721596
0.725271
0.728725
0.731983
0.735067
0.737989
0.740755
0.74337
0.745837
0.748158
0.750334
0.752369
0.754264
0.756023
0.757647
0.759141
0.760508
0.761753
0.76288
0.763895
0.764803
0.765611
0.766325
0.766952
0.767498
0.767971
0.768379
0.768727
0.769023
0.769273
0.769483
0.769659
0.769818
0.769947
0.00102754
0.00333677
0.00593741
0.0088625
0.0121469
0.0158275
0.0199424
0.0245309
0.0296328
0.0352876
0.0415341
0.048409
0.0559465
0.0641773
0.0731273
0.082817
0.0932607
0.104465
0.116431
0.129148
0.142599
0.15676
0.171595
0.187063
0.203113
0.219689
0.236727
0.254161
0.271918
0.289924
0.308104
0.326381
0.34468
0.362927
0.381053
0.398991
0.416677
0.434055
0.451072
0.467683
0.483846
0.499529
0.514701
0.52934
0.543429
0.556955
0.569911
0.582293
0.594103
0.605345
0.616026
0.626156
0.635603
0.644489
0.652882
0.660799
0.668257
0.675275
0.681872
0.688068
0.693882
0.699332
0.704438
0.709218
0.713692
0.717878
0.721797
0.72547
0.728921
0.732177
0.735258
0.738175
0.740937
0.743546
0.746007
0.74832
0.750489
0.752515
0.754401
0.75615
0.757765
0.759249
0.760607
0.761842
0.76296
0.763966
0.764865
0.765665
0.766371
0.766991
0.767531
0.767998
0.768401
0.768744
0.769036
0.769283
0.76949
0.769663
0.76982
0.769948
0.00102354
0.0033238
0.0059144
0.00882827
0.0121002
0.015767
0.0198666
0.0244384
0.029522
0.0351571
0.0413822
0.0482344
0.0557479
0.0639535
0.0728774
0.0825403
0.0929569
0.104135
0.116073
0.128765
0.142192
0.156329
0.171144
0.186594
0.202629
0.219193
0.236224
0.253653
0.27141
0.28942
0.307607
0.325896
0.34421
0.362477
0.380625
0.398587
0.416301
0.433709
0.450758
0.467401
0.483599
0.499315
0.514522
0.529195
0.543317
0.556876
0.569863
0.582276
0.594114
0.605382
0.616088
0.62624
0.635691
0.644596
0.653005
0.660935
0.668405
0.675432
0.682038
0.68824
0.694058
0.699511
0.704618
0.709399
0.713872
0.718057
0.721973
0.725644
0.729092
0.732345
0.735423
0.738337
0.741095
0.743699
0.746153
0.74846
0.750622
0.752641
0.75452
0.75626
0.757867
0.759343
0.760692
0.761919
0.763028
0.764026
0.764919
0.765711
0.766411
0.767024
0.767559
0.768022
0.768419
0.768759
0.769048
0.769292
0.769496
0.769668
0.769822
0.769948
0.00102021
0.003313
0.00589524
0.00879978
0.0120614
0.0157166
0.0198035
0.0243614
0.0294299
0.0350485
0.0412559
0.0480892
0.0555828
0.0637675
0.0726697
0.0823105
0.0927046
0.10386
0.115776
0.128446
0.141853
0.155972
0.17077
0.186205
0.202228
0.218783
0.235807
0.253233
0.27099
0.289003
0.307198
0.325496
0.343824
0.362107
0.380273
0.398257
0.415995
0.433427
0.450503
0.467174
0.4834
0.499146
0.514381
0.529083
0.543233
0.556819
0.569832
0.58227
0.594131
0.605422
0.616148
0.626318
0.635773
0.644692
0.653114
0.661055
0.668534
0.67557
0.682182
0.688389
0.69421
0.699665
0.704773
0.709554
0.714026
0.718209
0.722124
0.725792
0.729238
0.732488
0.735564
0.738475
0.741228
0.743828
0.746278
0.748579
0.750735
0.752748
0.754619
0.756353
0.757953
0.759421
0.760763
0.761983
0.763086
0.764078
0.764963
0.76575
0.766444
0.767053
0.767583
0.768041
0.768435
0.768772
0.769058
0.769299
0.769502
0.769671
0.769824
0.769949
0.0010175
0.00330423
0.00587968
0.00877665
0.0120298
0.0156757
0.0197523
0.0242989
0.029355
0.0349603
0.0411534
0.0479714
0.0554488
0.0636165
0.0725012
0.082124
0.0925
0.103637
0.115536
0.128189
0.141579
0.155683
0.170467
0.18589
0.201903
0.218451
0.23547
0.252893
0.270651
0.288667
0.306867
0.325174
0.343513
0.361809
0.379992
0.397993
0.41575
0.433204
0.450301
0.466995
0.483245
0.499014
0.514273
0.528998
0.543171
0.556779
0.569814
0.582271
0.594152
0.60546
0.616203
0.626388
0.635845
0.644776
0.653208
0.661159
0.668645
0.675687
0.682303
0.688513
0.694337
0.699794
0.704903
0.709683
0.714154
0.718336
0.722248
0.725914
0.729358
0.732607
0.73568
0.738588
0.741338
0.743935
0.74638
0.748677
0.750828
0.752835
0.754702
0.75643
0.758023
0.759486
0.760822
0.762036
0.763133
0.764119
0.765
0.765782
0.766472
0.767076
0.767602
0.768057
0.768448
0.768782
0.769066
0.769305
0.769506
0.769674
0.769826
0.769949
0.00101538
0.00329735
0.00586748
0.0087585
0.012005
0.0156436
0.0197122
0.0242499
0.0292964
0.0348912
0.0410731
0.0478792
0.0553439
0.0634985
0.0723694
0.0819782
0.09234
0.103463
0.115348
0.127987
0.141365
0.155457
0.170231
0.185645
0.20165
0.218192
0.235207
0.252629
0.270387
0.288406
0.306611
0.324925
0.343272
0.361579
0.379774
0.397789
0.415562
0.433032
0.450147
0.466859
0.483127
0.498914
0.514192
0.528935
0.543126
0.556752
0.569803
0.582276
0.594172
0.605494
0.61625
0.626447
0.635905
0.644846
0.653286
0.661243
0.668735
0.675781
0.682401
0.688614
0.69444
0.699897
0.705006
0.709786
0.714257
0.718437
0.722348
0.726012
0.729454
0.732701
0.735772
0.738678
0.741426
0.744019
0.746461
0.748755
0.750902
0.752905
0.754766
0.75649
0.758079
0.759537
0.760869
0.762078
0.763171
0.764153
0.765029
0.765807
0.766493
0.767094
0.767617
0.76807
0.768458
0.76879
0.769072
0.76931
0.769509
0.769676
0.769827
0.76995
0.00101381
0.00329228
0.00585848
0.00874511
0.0119868
0.0156199
0.0196825
0.0242137
0.0292531
0.0348403
0.0410139
0.0478111
0.0552666
0.0634114
0.0722723
0.0818708
0.0922221
0.103335
0.115209
0.127839
0.141207
0.155291
0.170057
0.185464
0.201464
0.218002
0.235014
0.252435
0.270193
0.288214
0.306423
0.324742
0.343096
0.361411
0.379615
0.397641
0.415425
0.432907
0.450035
0.46676
0.483042
0.498843
0.514134
0.528892
0.543096
0.556734
0.569797
0.582282
0.594189
0.605521
0.616285
0.62649
0.635954
0.644901
0.653346
0.661308
0.668804
0.675853
0.682476
0.68869
0.694517
0.699975
0.705084
0.709864
0.714333
0.718512
0.722422
0.726085
0.729526
0.732771
0.735841
0.738745
0.741491
0.744082
0.746522
0.748812
0.750956
0.752956
0.754815
0.756535
0.758121
0.759575
0.760903
0.762109
0.763199
0.764177
0.765051
0.765826
0.766509
0.767108
0.767629
0.768079
0.768466
0.768796
0.769077
0.769313
0.769512
0.769678
0.769828
0.76995
0.00101277
0.0032889
0.00585249
0.00873621
0.0119746
0.0156042
0.0196629
0.0241898
0.0292245
0.0348066
0.0409748
0.0477663
0.0552156
0.063354
0.0722084
0.0818001
0.0921446
0.10325
0.115118
0.127741
0.141104
0.155182
0.169943
0.185345
0.201342
0.217877
0.234888
0.252308
0.270066
0.288089
0.3063
0.324622
0.342981
0.361301
0.379512
0.397544
0.415335
0.432826
0.449962
0.466697
0.482987
0.498797
0.514098
0.528864
0.543077
0.556723
0.569795
0.582287
0.5942
0.605539
0.616309
0.62652
0.635988
0.644939
0.653387
0.661352
0.66885
0.675902
0.682525
0.688741
0.694569
0.700027
0.705136
0.709915
0.714384
0.718563
0.722472
0.726133
0.729573
0.732818
0.735887
0.73879
0.741534
0.744124
0.746562
0.748851
0.750993
0.752991
0.754847
0.756565
0.758148
0.7596
0.760926
0.76213
0.763217
0.764193
0.765065
0.765838
0.76652
0.767117
0.767636
0.768085
0.768471
0.7688
0.76908
0.769316
0.769514
0.769679
0.769829
0.76995
0.00101225
0.00328721
0.00584949
0.00873175
0.0119686
0.0155964
0.0196531
0.0241779
0.0292103
0.0347899
0.0409554
0.047744
0.0551904
0.0633256
0.0721767
0.0817651
0.0921063
0.103209
0.115073
0.127693
0.141053
0.155128
0.169886
0.185287
0.201282
0.217815
0.234825
0.252245
0.270004
0.288027
0.306239
0.324563
0.342924
0.361247
0.379461
0.397497
0.415292
0.432786
0.449927
0.466665
0.48296
0.498775
0.51408
0.52885
0.543068
0.556718
0.569794
0.58229
0.594207
0.605548
0.616322
0.626535
0.636006
0.644958
0.653408
0.661374
0.668874
0.675926
0.682551
0.688767
0.694594
0.700053
0.705162
0.709941
0.71441
0.718588
0.722496
0.726157
0.729597
0.732841
0.73591
0.738812
0.741556
0.744145
0.746582
0.74887
0.751011
0.753008
0.754863
0.75658
0.758162
0.759613
0.760937
0.76214
0.763226
0.764202
0.765072
0.765844
0.766525
0.767121
0.76764
0.768089
0.768474
0.768802
0.769081
0.769317
0.769514
0.76968
0.769829
0.76995
0.00101225
0.00328721
0.00584949
0.00873175
0.0119686
0.0155964
0.0196531
0.0241779
0.0292103
0.0347899
0.0409554
0.047744
0.0551904
0.0633256
0.0721767
0.0817651
0.0921063
0.103209
0.115073
0.127693
0.141053
0.155128
0.169886
0.185287
0.201282
0.217815
0.234825
0.252245
0.270004
0.288027
0.306239
0.324563
0.342924
0.361247
0.379461
0.397497
0.415292
0.432786
0.449927
0.466665
0.48296
0.498775
0.51408
0.52885
0.543068
0.556718
0.569794
0.58229
0.594207
0.605548
0.616322
0.626535
0.636006
0.644958
0.653408
0.661374
0.668874
0.675926
0.682551
0.688767
0.694594
0.700053
0.705162
0.709941
0.71441
0.718588
0.722496
0.726157
0.729597
0.732841
0.73591
0.738812
0.741556
0.744145
0.746582
0.74887
0.751011
0.753008
0.754863
0.75658
0.758162
0.759613
0.760937
0.76214
0.763226
0.764202
0.765072
0.765844
0.766525
0.767121
0.76764
0.768089
0.768474
0.768802
0.769081
0.769317
0.769514
0.76968
0.769829
0.76995
0.00101277
0.0032889
0.00585249
0.00873621
0.0119746
0.0156042
0.0196629
0.0241898
0.0292245
0.0348066
0.0409748
0.0477663
0.0552156
0.063354
0.0722083
0.0818001
0.0921446
0.10325
0.115118
0.127741
0.141104
0.155182
0.169943
0.185345
0.201342
0.217877
0.234888
0.252308
0.270066
0.288089
0.3063
0.324622
0.342981
0.361301
0.379512
0.397544
0.415335
0.432826
0.449962
0.466697
0.482987
0.498797
0.514098
0.528864
0.543077
0.556723
0.569795
0.582287
0.5942
0.605539
0.616309
0.62652
0.635988
0.644939
0.653387
0.661352
0.66885
0.675902
0.682525
0.688741
0.694568
0.700027
0.705136
0.709915
0.714384
0.718563
0.722472
0.726133
0.729573
0.732818
0.735887
0.73879
0.741534
0.744124
0.746562
0.748851
0.750993
0.75299
0.754847
0.756565
0.758148
0.7596
0.760926
0.76213
0.763217
0.764193
0.765065
0.765838
0.76652
0.767117
0.767636
0.768085
0.768471
0.7688
0.76908
0.769316
0.769514
0.769679
0.769829
0.76995
0.00101381
0.00329228
0.00585848
0.0087451
0.0119868
0.0156199
0.0196825
0.0242137
0.0292531
0.0348402
0.0410139
0.0478111
0.0552666
0.0634114
0.0722723
0.0818708
0.0922221
0.103335
0.115209
0.127839
0.141207
0.155291
0.170057
0.185464
0.201464
0.218002
0.235014
0.252435
0.270193
0.288214
0.306423
0.324742
0.343096
0.361411
0.379615
0.397641
0.415425
0.432907
0.450035
0.46676
0.483042
0.498843
0.514134
0.528892
0.543096
0.556734
0.569797
0.582282
0.594189
0.605521
0.616285
0.62649
0.635954
0.644901
0.653346
0.661308
0.668804
0.675853
0.682475
0.68869
0.694517
0.699975
0.705084
0.709864
0.714333
0.718512
0.722422
0.726085
0.729525
0.732771
0.735841
0.738745
0.741491
0.744082
0.746522
0.748812
0.750956
0.752956
0.754815
0.756535
0.758121
0.759575
0.760903
0.762109
0.763199
0.764177
0.765051
0.765826
0.766509
0.767108
0.767629
0.768079
0.768466
0.768796
0.769077
0.769313
0.769512
0.769678
0.769828
0.76995
0.00101538
0.00329735
0.00586748
0.0087585
0.012005
0.0156436
0.0197122
0.0242499
0.0292964
0.0348912
0.0410731
0.0478792
0.0553439
0.0634984
0.0723694
0.0819782
0.09234
0.103463
0.115348
0.127987
0.141365
0.155457
0.170231
0.185645
0.20165
0.218192
0.235207
0.252629
0.270387
0.288406
0.306611
0.324925
0.343272
0.361579
0.379774
0.397789
0.415562
0.433032
0.450147
0.466859
0.483127
0.498914
0.514192
0.528935
0.543126
0.556752
0.569803
0.582276
0.594172
0.605494
0.61625
0.626447
0.635905
0.644846
0.653286
0.661243
0.668735
0.675781
0.682401
0.688614
0.69444
0.699897
0.705006
0.709786
0.714256
0.718437
0.722348
0.726012
0.729454
0.732701
0.735772
0.738678
0.741426
0.744019
0.746461
0.748755
0.750902
0.752905
0.754766
0.75649
0.758079
0.759537
0.760868
0.762078
0.763171
0.764152
0.765029
0.765807
0.766493
0.767094
0.767617
0.76807
0.768458
0.76879
0.769072
0.76931
0.769509
0.769676
0.769827
0.76995
0.0010175
0.00330423
0.00587968
0.00877664
0.0120298
0.0156757
0.0197523
0.0242989
0.029355
0.0349603
0.0411534
0.0479714
0.0554488
0.0636165
0.0725012
0.082124
0.0925
0.103637
0.115536
0.128189
0.141579
0.155683
0.170467
0.18589
0.201903
0.218451
0.23547
0.252893
0.270651
0.288667
0.306867
0.325174
0.343513
0.361809
0.379992
0.397993
0.41575
0.433204
0.450301
0.466995
0.483245
0.499014
0.514273
0.528998
0.543171
0.556779
0.569814
0.582271
0.594152
0.60546
0.616203
0.626388
0.635845
0.644776
0.653208
0.661158
0.668645
0.675687
0.682303
0.688513
0.694337
0.699794
0.704903
0.709683
0.714154
0.718336
0.722248
0.725914
0.729358
0.732607
0.73568
0.738588
0.741338
0.743935
0.74638
0.748677
0.750828
0.752835
0.754701
0.75643
0.758023
0.759486
0.760822
0.762036
0.763133
0.764119
0.765
0.765782
0.766472
0.767076
0.767602
0.768057
0.768448
0.768782
0.769066
0.769305
0.769506
0.769674
0.769826
0.769949
0.00102021
0.003313
0.00589524
0.00879978
0.0120614
0.0157166
0.0198035
0.0243614
0.0294298
0.0350485
0.0412559
0.0480892
0.0555828
0.0637674
0.0726697
0.0823104
0.0927046
0.10386
0.115776
0.128446
0.141853
0.155972
0.17077
0.186205
0.202228
0.218783
0.235807
0.253233
0.27099
0.289003
0.307198
0.325496
0.343824
0.362107
0.380273
0.398257
0.415995
0.433427
0.450503
0.467174
0.4834
0.499146
0.514381
0.529083
0.543233
0.556819
0.569832
0.58227
0.594131
0.605422
0.616148
0.626318
0.635773
0.644692
0.653114
0.661055
0.668534
0.67557
0.682182
0.688388
0.69421
0.699665
0.704773
0.709554
0.714026
0.718209
0.722124
0.725791
0.729237
0.732488
0.735563
0.738475
0.741228
0.743828
0.746278
0.748579
0.750735
0.752748
0.754619
0.756353
0.757953
0.759421
0.760763
0.761983
0.763086
0.764077
0.764963
0.76575
0.766444
0.767053
0.767583
0.768041
0.768435
0.768772
0.769058
0.769299
0.769502
0.769671
0.769824
0.769949
0.00102354
0.0033238
0.0059144
0.00882827
0.0121002
0.015767
0.0198666
0.0244384
0.029522
0.035157
0.0413822
0.0482344
0.0557479
0.0639535
0.0728773
0.0825403
0.0929569
0.104135
0.116073
0.128765
0.142192
0.156329
0.171144
0.186594
0.202629
0.219193
0.236224
0.253653
0.27141
0.28942
0.307607
0.325896
0.34421
0.362477
0.380625
0.398587
0.416301
0.433709
0.450758
0.467401
0.483599
0.499315
0.514522
0.529195
0.543317
0.556876
0.569863
0.582276
0.594114
0.605382
0.616088
0.62624
0.635691
0.644596
0.653005
0.660935
0.668404
0.675432
0.682038
0.68824
0.694058
0.699511
0.704618
0.709399
0.713872
0.718057
0.721973
0.725644
0.729092
0.732345
0.735423
0.738337
0.741094
0.743699
0.746153
0.74846
0.750622
0.752641
0.754519
0.75626
0.757867
0.759343
0.760692
0.761919
0.763028
0.764026
0.764919
0.765711
0.766411
0.767024
0.767559
0.768022
0.768419
0.768759
0.769048
0.769292
0.769496
0.769668
0.769822
0.769948
0.00102754
0.00333676
0.00593741
0.00886249
0.0121469
0.0158275
0.0199424
0.0245309
0.0296328
0.0352876
0.0415341
0.048409
0.0559465
0.0641773
0.0731272
0.082817
0.0932607
0.104465
0.116431
0.129148
0.142599
0.15676
0.171595
0.187063
0.203113
0.219689
0.236727
0.254161
0.271918
0.289924
0.308104
0.326381
0.34468
0.362927
0.381053
0.398991
0.416677
0.434055
0.451072
0.467683
0.483846
0.499529
0.514701
0.52934
0.543429
0.556955
0.569911
0.582293
0.594103
0.605345
0.616026
0.626155
0.635603
0.644489
0.652882
0.660799
0.668256
0.675275
0.681872
0.688068
0.693882
0.699332
0.704438
0.709218
0.713692
0.717878
0.721797
0.72547
0.728921
0.732176
0.735257
0.738175
0.740937
0.743546
0.746007
0.74832
0.750489
0.752515
0.754401
0.75615
0.757765
0.759249
0.760607
0.761842
0.76296
0.763966
0.764865
0.765665
0.766371
0.766991
0.767531
0.767998
0.768401
0.768744
0.769036
0.769283
0.76949
0.769663
0.76982
0.769948
0.00103227
0.00335207
0.00596457
0.0089029
0.0122021
0.015899
0.0200319
0.0246402
0.0297637
0.0354419
0.0417136
0.0486154
0.0561813
0.0644419
0.0734227
0.0831441
0.0936199
0.104857
0.116853
0.129601
0.143082
0.157269
0.172129
0.187618
0.203686
0.220276
0.237324
0.254763
0.272521
0.290523
0.308694
0.326958
0.345239
0.363465
0.381566
0.399474
0.417128
0.434472
0.451452
0.468025
0.484149
0.499792
0.514924
0.529523
0.543573
0.557061
0.56998
0.582327
0.594104
0.605314
0.615966
0.626069
0.63551
0.644375
0.652749
0.660649
0.668093
0.675099
0.681687
0.687875
0.693683
0.699129
0.704233
0.709012
0.713486
0.717674
0.721596
0.725271
0.728725
0.731983
0.735067
0.737989
0.740755
0.74337
0.745837
0.748158
0.750334
0.752369
0.754264
0.756022
0.757647
0.759141
0.760508
0.761753
0.76288
0.763895
0.764803
0.765611
0.766325
0.766952
0.767498
0.767971
0.768379
0.768727
0.769023
0.769273
0.769483
0.769659
0.769818
0.769947
0.00103777
0.00336992
0.00599623
0.00895
0.0122664
0.0159823
0.0201363
0.0247677
0.0299164
0.035622
0.0419231
0.0488562
0.0564554
0.0647507
0.0737676
0.0835259
0.094039
0.105313
0.117347
0.13013
0.143644
0.157863
0.172751
0.188265
0.204354
0.220961
0.238021
0.255467
0.273226
0.291224
0.309386
0.327635
0.345897
0.364098
0.38217
0.400045
0.417663
0.434967
0.451906
0.468435
0.484515
0.500112
0.515198
0.529752
0.543756
0.5572
0.570077
0.582383
0.594121
0.605296
0.615914
0.625986
0.635418
0.644258
0.652609
0.660489
0.667916
0.674907
0.681483
0.687662
0.693463
0.698904
0.704004
0.708782
0.713256
0.717445
0.721369
0.725047
0.728503
0.731764
0.734852
0.737778
0.74055
0.743171
0.745645
0.747973
0.750159
0.752203
0.754108
0.755877
0.757512
0.759017
0.760395
0.761651
0.762789
0.763814
0.764732
0.76555
0.766272
0.766907
0.767461
0.76794
0.768354
0.768707
0.769007
0.769261
0.769475
0.769653
0.769815
0.769946
0.00104412
0.00339047
0.00603272
0.0090043
0.0123405
0.0160785
0.0202567
0.0249148
0.0300927
0.0358298
0.0421648
0.0491342
0.0567717
0.0651071
0.0741654
0.0839662
0.0945223
0.105839
0.117915
0.130739
0.144292
0.158547
0.173468
0.189011
0.205124
0.22175
0.238824
0.256278
0.274039
0.292033
0.310185
0.328418
0.346658
0.364832
0.382871
0.40071
0.418288
0.435548
0.45244
0.46892
0.484949
0.500495
0.515529
0.530031
0.543985
0.557379
0.570207
0.582468
0.594162
0.605294
0.615874
0.62591
0.63533
0.64414
0.652465
0.660322
0.667729
0.674703
0.681265
0.687432
0.693224
0.698658
0.703754
0.708529
0.713003
0.717193
0.721118
0.724799
0.728258
0.731522
0.734613
0.737543
0.74032
0.742948
0.74543
0.747767
0.749962
0.752016
0.753933
0.755713
0.75736
0.758877
0.760268
0.761536
0.762686
0.763723
0.764652
0.76548
0.766212
0.766856
0.767418
0.767905
0.768325
0.768684
0.76899
0.769248
0.769465
0.769647
0.769811
0.769945
0.00105137
0.00341397
0.00607444
0.00906638
0.0124253
0.0161884
0.0203945
0.0250832
0.0302944
0.0360677
0.0424415
0.0494523
0.0571334
0.0655144
0.0746201
0.0844692
0.0950741
0.10644
0.118563
0.131434
0.145031
0.159327
0.174285
0.18986
0.206001
0.222648
0.239738
0.257201
0.274964
0.292955
0.311095
0.329311
0.347527
0.365672
0.383676
0.401474
0.419007
0.436218
0.453059
0.469485
0.485458
0.500946
0.515923
0.530367
0.544264
0.557603
0.570377
0.582585
0.59423
0.605315
0.615851
0.625846
0.635251
0.644028
0.652323
0.660153
0.667536
0.674491
0.681035
0.687189
0.692969
0.698395
0.703485
0.708257
0.712729
0.716919
0.720845
0.724529
0.72799
0.731257
0.734352
0.737287
0.740069
0.742704
0.745193
0.74754
0.749745
0.751811
0.753739
0.755532
0.757192
0.758723
0.760127
0.761408
0.762571
0.763621
0.764563
0.765402
0.766145
0.766799
0.767371
0.767866
0.768293
0.768659
0.76897
0.769233
0.769455
0.76964
0.769807
0.769944
0.00105957
0.00344053
0.0061216
0.00913661
0.0125212
0.0163129
0.0205506
0.0252739
0.0305229
0.0363371
0.0427549
0.0498124
0.0575428
0.0659752
0.075134
0.0850372
0.0956968
0.107117
0.119294
0.132215
0.145862
0.160203
0.175202
0.190813
0.206985
0.223656
0.240763
0.258237
0.276004
0.293989
0.312118
0.330315
0.348506
0.366618
0.384583
0.402338
0.419822
0.43698
0.453765
0.470131
0.486043
0.501469
0.516382
0.530764
0.544598
0.557876
0.57059
0.582742
0.594331
0.605365
0.615852
0.625802
0.635187
0.643926
0.652186
0.659986
0.667342
0.674274
0.680799
0.686936
0.692704
0.69812
0.703202
0.707969
0.712438
0.716627
0.720555
0.72424
0.727704
0.730974
0.734072
0.737011
0.739799
0.742441
0.744938
0.747294
0.74951
0.751588
0.753528
0.755335
0.757009
0.758554
0.759972
0.761268
0.762446
0.763509
0.764464
0.765317
0.766072
0.766737
0.767318
0.767823
0.768258
0.768631
0.768949
0.769217
0.769443
0.769632
0.769803
0.769943
0.00106877
0.00347037
0.0061746
0.00921553
0.0126291
0.0164529
0.0207261
0.0254884
0.0307798
0.0366398
0.0431067
0.0502163
0.0580016
0.066491
0.0757084
0.0856715
0.0963911
0.107871
0.120106
0.133084
0.146783
0.161174
0.176218
0.191868
0.208073
0.22477
0.241896
0.259381
0.277151
0.295132
0.313249
0.331425
0.349588
0.367665
0.38559
0.403297
0.420729
0.43783
0.454554
0.470857
0.486703
0.502061
0.516907
0.531221
0.544988
0.558199
0.57085
0.582939
0.594469
0.605447
0.61588
0.62578
0.635142
0.643838
0.652061
0.659827
0.667154
0.67406
0.680563
0.686681
0.692434
0.697837
0.702911
0.707671
0.712136
0.716324
0.720251
0.723938
0.727405
0.730677
0.733778
0.736721
0.739514
0.742162
0.744668
0.747034
0.749261
0.75135
0.753304
0.755124
0.756813
0.758373
0.759807
0.761118
0.76231
0.763389
0.764358
0.765224
0.765992
0.766669
0.767262
0.767776
0.76822
0.768601
0.768925
0.7692
0.769431
0.769624
0.769799
0.769942
0.00107892
0.00350328
0.0062331
0.00930274
0.0127484
0.0166079
0.0209204
0.0257258
0.0310641
0.0369748
0.0434957
0.0506625
0.0585076
0.0670591
0.0763402
0.0863679
0.0971523
0.108696
0.120994
0.134032
0.147788
0.162231
0.177322
0.193014
0.209253
0.225978
0.243124
0.26062
0.278393
0.296369
0.314472
0.332627
0.35076
0.3688
0.386681
0.404338
0.421714
0.438756
0.455415
0.471651
0.487428
0.502716
0.51749
0.531732
0.545429
0.558571
0.571154
0.583177
0.594645
0.605563
0.61594
0.625788
0.635117
0.643769
0.651952
0.659682
0.666976
0.673854
0.680333
0.686431
0.692166
0.697556
0.702619
0.707372
0.711832
0.716016
0.719943
0.72363
0.727099
0.730373
0.733476
0.736423
0.739221
0.741876
0.74439
0.746765
0.749002
0.751104
0.753071
0.754905
0.756609
0.758184
0.759633
0.76096
0.762168
0.763262
0.764246
0.765126
0.765908
0.766597
0.767201
0.767726
0.76818
0.768569
0.768901
0.769181
0.769417
0.769615
0.769794
0.76994
0.00109003
0.00353933
0.00629721
0.00939835
0.0128792
0.0167777
0.0211332
0.0259856
0.0313748
0.03734
0.0439189
0.0511468
0.0590555
0.0676728
0.077021
0.0871164
0.0979685
0.109579
0.121942
0.135042
0.148856
0.163353
0.178492
0.194227
0.2105
0.227253
0.244418
0.261925
0.279701
0.297671
0.315759
0.333891
0.351992
0.369994
0.387829
0.405435
0.422754
0.439733
0.456327
0.472494
0.488199
0.503414
0.518115
0.532284
0.545908
0.558979
0.571493
0.58345
0.594854
0.605712
0.616033
0.625828
0.63511
0.643719
0.651861
0.659554
0.666816
0.673665
0.680119
0.686195
0.691911
0.697287
0.702337
0.707081
0.711535
0.715715
0.71964
0.723327
0.726797
0.730072
0.733177
0.736127
0.73893
0.74159
0.744111
0.746495
0.748743
0.750856
0.752836
0.754684
0.756402
0.757992
0.759456
0.760799
0.762022
0.763132
0.764131
0.765025
0.76582
0.766523
0.767138
0.767675
0.768138
0.768536
0.768875
0.769162
0.769403
0.769606
0.769789
0.769939
0.00110169
0.00357719
0.00636463
0.00949903
0.0130171
0.0169569
0.0213577
0.0262595
0.0317019
0.0377239
0.0443628
0.0516535
0.0596275
0.0683118
0.0777281
0.0878922
0.0988125
0.11049
0.122918
0.13608
0.149952
0.164502
0.179689
0.195464
0.211772
0.228551
0.245734
0.263251
0.281028
0.29899
0.317062
0.335169
0.353239
0.371202
0.38899
0.406544
0.423805
0.440722
0.45725
0.473348
0.488983
0.504126
0.518755
0.532851
0.546404
0.559405
0.571852
0.583744
0.595085
0.605884
0.616149
0.625893
0.635127
0.643691
0.651794
0.659451
0.66668
0.6735
0.679928
0.685983
0.691681
0.69704
0.702078
0.706812
0.711259
0.715434
0.719356
0.723042
0.726512
0.729789
0.732895
0.735847
0.738653
0.741319
0.743846
0.746238
0.748496
0.750619
0.752611
0.754471
0.756202
0.757806
0.759285
0.760641
0.76188
0.763003
0.764017
0.764925
0.765734
0.766448
0.767076
0.767623
0.768096
0.768502
0.768848
0.769142
0.76939
0.769597
0.769784
0.769937
0.00111371
0.00361626
0.00643428
0.00960303
0.0131592
0.017141
0.0215874
0.0265382
0.0320329
0.0381103
0.0448074
0.0521587
0.0601954
0.0689438
0.0784252
0.0886544
0.0996393
0.11138
0.123869
0.137089
0.151015
0.165614
0.180844
0.196657
0.212995
0.229797
0.246995
0.264519
0.282295
0.300248
0.318303
0.336385
0.354423
0.372347
0.39009
0.407593
0.424799
0.441657
0.458123
0.474156
0.489725
0.5048
0.519361
0.533391
0.546878
0.559815
0.572198
0.584031
0.595315
0.60606
0.616274
0.62597
0.63516
0.643684
0.65175
0.659374
0.666574
0.673367
0.679772
0.685806
0.691487
0.696831
0.701857
0.706582
0.711021
0.715191
0.71911
0.722794
0.726264
0.72954
0.732647
0.7356
0.738409
0.741079
0.743612
0.746011
0.748276
0.750408
0.752409
0.75428
0.756022
0.757638
0.759129
0.760498
0.761749
0.762886
0.763912
0.764832
0.765652
0.766378
0.767016
0.767573
0.768055
0.76847
0.768823
0.769123
0.769376
0.769588
0.769779
0.769936
0.00112442
0.00365114
0.00649663
0.00969629
0.0132868
0.0173062
0.0217935
0.0267881
0.0323294
0.038456
0.0452046
0.0526094
0.0607011
0.0695056
0.0790437
0.0893295
0.10037
0.112165
0.124706
0.137975
0.151947
0.166587
0.181853
0.197696
0.214059
0.230878
0.248087
0.265615
0.283387
0.30133
0.319368
0.337426
0.355434
0.373322
0.391026
0.408484
0.425641
0.442448
0.458859
0.474837
0.490349
0.505367
0.519872
0.533845
0.547277
0.56016
0.572493
0.584276
0.595513
0.606214
0.616387
0.626044
0.635199
0.64369
0.651726
0.659324
0.6665
0.673273
0.679659
0.685677
0.691343
0.696676
0.701692
0.706408
0.71084
0.715006
0.718921
0.722604
0.726072
0.729348
0.732455
0.735409
0.73822
0.740893
0.74343
0.745833
0.748104
0.750242
0.75225
0.754129
0.755879
0.757503
0.759004
0.760382
0.761643
0.762789
0.763825
0.764755
0.765585
0.76632
0.766967
0.767531
0.768021
0.768442
0.768802
0.769107
0.769365
0.76958
0.769775
0.769935
0.00113296
0.00367879
0.00654541
0.0097681
0.0133836
0.0174299
0.0219462
0.0269719
0.0325463
0.0387078
0.0454929
0.0529355
0.0610659
0.0699097
0.079487
0.0898118
0.10089
0.112722
0.125297
0.138598
0.152599
0.167265
0.182553
0.198413
0.214788
0.231616
0.248828
0.266354
0.28412
0.302052
0.320074
0.338113
0.356097
0.373958
0.391632
0.409058
0.426181
0.442951
0.459326
0.475266
0.49074
0.505721
0.520188
0.534126
0.547522
0.560372
0.572672
0.584425
0.595634
0.606307
0.616455
0.62609
0.635222
0.643695
0.651714
0.659297
0.66646
0.673221
0.679597
0.685606
0.691264
0.69659
0.701601
0.706312
0.71074
0.714903
0.718816
0.722497
0.725964
0.72924
0.732346
0.735301
0.738113
0.740787
0.743326
0.745731
0.748004
0.750146
0.752157
0.75404
0.755794
0.757423
0.758928
0.760312
0.761578
0.76273
0.763771
0.764707
0.765542
0.766283
0.766934
0.767504
0.767998
0.768424
0.768787
0.769096
0.769357
0.769575
0.769773
0.769934
)
;

boundaryField
{
    fuel
    {
        type            fixedValue;
        value           uniform 0;
    }
    air
    {
        type            fixedValue;
        value           uniform 0.77;
    }
    outlet
    {
        type            inletOutlet;
        inletValue      uniform 1;
        value           nonuniform List<scalar> 
200
(
0.00113295
0.00367876
0.00654536
0.00976802
0.0133835
0.0174298
0.021946
0.0269717
0.032546
0.0387075
0.0454926
0.0529352
0.0610655
0.0699093
0.0794866
0.0898113
0.10089
0.112722
0.125297
0.138598
0.152599
0.167264
0.182553
0.198413
0.214788
0.231616
0.248828
0.266354
0.28412
0.302052
0.320074
0.338113
0.356097
0.373958
0.391632
0.409058
0.42618
0.442951
0.459326
0.475266
0.49074
0.505721
0.520188
0.534126
0.547522
0.560372
0.572672
0.584425
0.595634
0.606307
0.616455
0.626089
0.635222
0.643695
0.651714
0.659297
0.66646
0.673221
0.679597
0.685605
0.691264
0.69659
0.7016
0.706312
0.71074
0.714903
0.718816
0.722497
0.725964
0.729239
0.732346
0.735301
0.738113
0.740786
0.743325
0.745731
0.748004
0.750146
0.752157
0.754039
0.755794
0.757423
0.758928
0.760312
0.761578
0.762729
0.763771
0.764707
0.765542
0.766282
0.766934
0.767504
0.767998
0.768424
0.768787
0.769096
0.769357
0.769575
0.769773
0.769934
0.00113296
0.00367879
0.00654541
0.0097681
0.0133836
0.0174299
0.0219462
0.0269719
0.0325463
0.0387078
0.0454929
0.0529355
0.0610659
0.0699097
0.079487
0.0898118
0.10089
0.112722
0.125297
0.138598
0.152599
0.167265
0.182553
0.198413
0.214788
0.231616
0.248828
0.266354
0.28412
0.302052
0.320074
0.338113
0.356097
0.373958
0.391632
0.409058
0.426181
0.442951
0.459326
0.475266
0.49074
0.505721
0.520188
0.534126
0.547522
0.560372
0.572672
0.584425
0.595634
0.606307
0.616455
0.62609
0.635222
0.643695
0.651714
0.659297
0.66646
0.673221
0.679597
0.685606
0.691264
0.69659
0.701601
0.706312
0.71074
0.714903
0.718816
0.722497
0.725964
0.72924
0.732346
0.735301
0.738113
0.740787
0.743326
0.745731
0.748004
0.750146
0.752157
0.75404
0.755794
0.757423
0.758928
0.760312
0.761578
0.76273
0.763771
0.764707
0.765542
0.766283
0.766934
0.767504
0.767998
0.768424
0.768787
0.769096
0.769357
0.769575
0.769773
0.769934
)
;
    }
    frontAndBack
    {
        type            empty;
    }
}


// ************************************************************************* //
