/*--------------------------------*- C++ -*----------------------------------*\
| =========                 |                                                 |
| \\      /  F ield         | OpenFOAM: The Open Source CFD Toolbox           |
|  \\    /   O peration     | Version:  2312                                  |
|   \\  /    A nd           | Website:  www.openfoam.com                      |
|    \\/     M anipulation  |                                                 |
\*---------------------------------------------------------------------------*/
FoamFile
{
    version     2.0;
    format      ascii;
    arch        "LSB;label=64;scalar=64";
    class       volScalarField;
    location    "0.5";
    object      T;
}
// * * * * * * * * * * * * * * * * * * * * * * * * * * * * * * * * * * * * * //

dimensions      [0 0 0 1 0 0 0];

internalField   nonuniform List<scalar> 
4000
(
801.924
806.112
810.677
815.649
821.056
826.928
833.295
840.186
847.631
855.658
864.295
873.569
883.504
894.125
905.453
917.509
930.309
943.869
958.202
973.317
989.222
1005.93
1023.45
1041.81
1061
1081.04
1101.93
1123.65
1146.22
1169.62
1193.85
1218.89
1244.75
1271.4
1298.83
1327.03
1355.96
1385.61
1415.95
1446.95
1478.58
1510.81
1543.59
1576.88
1610.65
1644.84
1679.41
1714.3
1749.47
1784.84
1820.38
1856.01
1891.69
1926.87
1961.96
1996.89
2031.61
2066.03
2100.09
2133.71
2166.77
2199.11
2230.49
2260.55
2288.66
2313.86
2334.36
2347.21
2347.27
2325.62
2279.02
2218.57
2150.59
2078.75
2005.2
1931.23
1857.63
1784.94
1713.51
1643.64
1575.56
1509.51
1445.67
1384.24
1325.4
1269.33
1216.17
1166.05
1119.09
1075.35
1034.88
997.683
963.731
932.936
905.186
880.344
858.249
838.717
821.566
806.562
801.914
806.082
810.625
815.574
820.958
826.805
833.147
840.012
847.43
855.43
864.038
873.284
883.19
893.782
905.082
917.109
929.881
943.414
957.72
972.81
988.69
1005.37
1022.87
1041.21
1060.39
1080.41
1101.28
1122.99
1145.54
1168.94
1193.16
1218.2
1244.06
1270.72
1298.15
1326.36
1355.3
1384.97
1415.33
1446.36
1478.02
1510.28
1543.1
1576.43
1610.25
1644.48
1679.1
1714.05
1749.27
1784.71
1820.3
1856.01
1891.74
1927
1962.16
1997.15
2031.93
2066.43
2100.56
2134.25
2167.37
2199.77
2231.21
2261.3
2289.42
2314.58
2334.96
2347.53
2347.05
2324.41
2277.2
2216.37
2148.14
2076.13
2002.46
1928.4
1854.75
1782.01
1710.56
1640.68
1572.61
1506.58
1442.79
1381.43
1322.68
1266.71
1213.68
1163.71
1116.92
1073.36
1033.08
996.092
962.347
931.761
904.216
879.575
857.673
838.324
821.343
806.493
801.902
806.043
810.558
815.475
820.825
826.637
832.942
839.768
847.146
855.104
863.671
872.873
882.736
893.284
904.539
916.522
929.25
942.739
957.002
972.05
987.89
1004.53
1021.99
1040.29
1059.44
1079.43
1100.27
1121.95
1144.49
1167.86
1192.07
1217.11
1242.96
1269.61
1297.06
1325.27
1354.24
1383.93
1414.32
1445.39
1477.09
1509.4
1542.28
1575.68
1609.56
1643.88
1678.58
1713.62
1748.94
1784.48
1820.18
1856
1891.85
1927.23
1962.51
1997.63
2032.54
2067.16
2101.41
2135.22
2168.47
2200.98
2232.51
2262.68
2290.81
2315.9
2336.04
2348.12
2346.68
2322.28
2274
2212.51
2143.86
2071.56
1997.7
1923.51
1849.77
1776.99
1705.52
1635.66
1567.65
1501.7
1438.03
1376.82
1318.25
1262.5
1209.72
1160.03
1113.53
1070.29
1030.34
993.691
960.288
930.037
902.819
878.487
856.874
837.789
821.043
806.401
801.888
806
810.481
815.363
820.674
826.446
832.707
839.488
846.819
854.729
863.246
872.397
882.208
892.703
903.905
915.834
928.508
941.944
956.155
971.152
986.942
1003.54
1020.95
1039.2
1058.3
1078.26
1099.06
1120.71
1143.22
1166.57
1190.76
1215.78
1241.62
1268.28
1295.73
1323.96
1352.94
1382.66
1413.09
1444.2
1475.96
1508.33
1541.28
1574.76
1608.74
1643.15
1677.97
1713.12
1748.56
1784.23
1820.08
1856.04
1892.05
1927.58
1963.02
1998.31
2033.38
2068.16
2102.59
2136.56
2169.96
2202.62
2234.27
2264.52
2292.67
2317.65
2337.48
2348.9
2346.2
2319.5
2269.85
2207.5
2138.3
2065.65
1991.55
1917.21
1843.38
1770.56
1699.1
1629.29
1561.37
1495.56
1432.06
1371.07
1312.77
1257.32
1204.87
1155.53
1109.42
1066.58
1027.05
990.824
957.837
927.993
901.165
877.202
855.93
837.155
820.688
806.292
801.875
805.956
810.406
815.252
820.525
826.255
832.472
839.206
846.488
854.346
862.81
871.906
881.661
892.099
903.243
915.114
927.73
941.108
955.261
970.201
985.937
1002.48
1019.84
1038.04
1057.09
1077
1097.76
1119.38
1141.85
1165.17
1189.34
1214.35
1240.18
1266.83
1294.29
1322.53
1351.54
1381.29
1411.76
1442.92
1474.74
1507.18
1540.21
1573.79
1607.86
1642.4
1677.33
1712.62
1748.2
1784.03
1820.03
1856.16
1892.34
1928.05
1963.68
1999.15
2034.41
2069.39
2104.01
2138.17
2171.74
2204.56
2236.36
2266.68
2294.84
2319.69
2339.16
2349.81
2345.64
2316.32
2265.09
2201.76
2131.94
2058.89
1984.53
1910.03
1836.12
1763.27
1691.84
1622.11
1554.33
1488.7
1425.43
1364.71
1306.72
1251.63
1199.57
1150.66
1104.99
1062.61
1023.55
987.789
955.26
925.856
899.445
875.871
854.955
836.502
820.322
806.18
801.862
805.914
810.332
815.144
820.38
826.07
832.244
838.933
846.166
853.974
862.385
871.426
881.125
891.505
902.591
914.402
926.959
940.278
954.372
969.255
984.934
1001.42
1018.73
1036.88
1055.88
1075.74
1096.46
1118.04
1140.48
1163.77
1187.91
1212.9
1238.73
1265.38
1292.84
1321.1
1350.13
1379.91
1410.43
1441.64
1473.52
1506.04
1539.16
1572.83
1607.02
1641.67
1676.74
1712.17
1747.91
1783.9
1820.07
1856.38
1892.74
1928.64
1964.46
2000.14
2035.6
2070.78
2105.6
2139.96
2173.72
2206.71
2238.63
2269.05
2297.2
2321.89
2340.96
2350.77
2345.03
2312.91
2260.01
2195.66
2125.18
2051.72
1977.1
1902.44
1828.45
1755.59
1684.21
1614.59
1546.96
1481.54
1418.53
1358.12
1300.48
1245.78
1194.14
1145.68
1100.48
1058.59
1020.02
984.734
952.671
923.713
897.722
874.537
853.977
835.847
819.954
806.067
801.849
805.875
810.264
815.044
820.246
825.898
832.032
838.678
845.866
853.626
861.986
870.975
880.62
890.945
901.973
913.728
926.226
939.487
953.524
968.35
983.973
1000.41
1017.66
1035.76
1054.71
1074.53
1095.2
1116.74
1139.15
1162.42
1186.54
1211.51
1237.33
1263.98
1291.45
1319.72
1348.77
1378.59
1409.15
1440.42
1472.37
1504.97
1538.17
1571.95
1606.25
1641.02
1676.23
1711.8
1747.7
1783.86
1820.21
1856.71
1893.22
1929.32
1965.34
2001.22
2036.89
2072.28
2107.3
2141.85
2175.8
2208.95
2241
2271.49
2299.63
2324.15
2342.78
2351.72
2344.34
2309.42
2254.83
2189.44
2118.33
2044.45
1969.58
1894.78
1820.72
1747.87
1676.56
1607.06
1539.6
1474.41
1411.68
1351.59
1294.32
1240.02
1188.81
1140.81
1096.08
1054.67
1016.58
981.775
950.17
921.646
896.061
873.253
853.037
835.216
819.6
805.959
801.838
805.839
810.201
814.952
820.122
825.74
831.838
838.444
845.59
853.306
861.619
870.56
880.154
890.427
901.403
913.103
925.547
938.753
952.736
967.507
983.078
999.455
1016.66
1034.71
1053.62
1073.39
1094.03
1115.53
1137.91
1161.15
1185.25
1210.21
1236.02
1262.67
1290.15
1318.43
1347.51
1377.37
1407.97
1439.3
1471.31
1503.99
1537.28
1571.16
1605.57
1640.47
1675.81
1711.53
1747.59
1783.91
1820.44
1857.12
1893.78
1930.07
1966.29
2002.37
2038.24
2073.82
2109.04
2143.77
2177.9
2211.2
2243.38
2273.92
2302.04
2326.37
2344.55
2352.61
2343.59
2305.92
2249.71
2183.32
2111.59
2037.33
1962.22
1887.29
1813.19
1740.35
1669.12
1599.75
1532.48
1467.53
1405.08
1345.32
1288.41
1234.5
1183.72
1136.17
1091.9
1050.96
1013.33
978.975
947.803
919.691
894.492
872.039
852.148
834.62
819.265
805.856
801.828
805.807
810.145
814.869
820.011
825.598
831.662
838.233
845.341
853.017
861.288
870.185
879.733
889.958
900.885
912.536
924.93
938.085
952.017
966.739
982.261
998.59
1015.75
1033.76
1052.62
1072.35
1092.95
1114.43
1136.77
1159.99
1184.07
1209.02
1234.83
1261.48
1288.96
1317.27
1346.38
1376.27
1406.91
1438.29
1470.38
1503.13
1536.51
1570.48
1605
1640.02
1675.49
1711.36
1747.56
1784.05
1820.75
1857.6
1894.39
1930.86
1967.27
2003.54
2039.6
2075.37
2110.77
2145.68
2179.96
2213.4
2245.68
2276.27
2304.33
2328.44
2346.15
2353.27
2342.58
2302.39
2244.69
2177.41
2105.12
2030.52
1955.2
1880.17
1806.03
1733.22
1662.08
1592.85
1525.76
1461.04
1398.87
1339.42
1282.87
1229.34
1178.97
1131.84
1088.01
1047.5
1010.31
976.375
945.608
917.879
893.037
870.914
851.324
834.067
818.955
805.761
801.819
805.778
810.094
814.795
819.911
825.471
831.505
838.044
845.119
852.758
860.992
869.849
879.356
889.539
900.422
912.028
924.376
937.486
951.373
966.05
981.528
997.814
1014.93
1032.9
1051.72
1071.42
1091.99
1113.43
1135.75
1158.95
1183.02
1207.96
1233.76
1260.41
1287.91
1316.23
1345.37
1375.29
1405.98
1437.42
1469.56
1502.38
1535.85
1569.92
1604.54
1639.68
1675.27
1711.27
1747.62
1784.25
1821.11
1858.13
1895.03
1931.68
1968.26
2004.7
2040.93
2076.88
2112.44
2147.51
2181.94
2215.5
2247.86
2278.47
2306.44
2330.29
2347.43
2353.48
2340.82
2298.67
2239.78
2171.76
2099.01
2024.12
1948.64
1873.51
1799.36
1726.59
1655.53
1586.44
1519.54
1455.04
1393.13
1333.99
1277.77
1224.6
1174.61
1127.87
1084.44
1044.34
1007.54
973.998
943.602
916.223
891.708
869.886
850.571
833.562
818.672
805.674
801.81
805.752
810.049
814.729
819.823
825.358
831.366
837.878
844.922
852.53
860.731
869.553
879.023
889.169
900.013
911.579
923.887
936.956
950.803
965.44
980.878
997.127
1014.21
1032.14
1050.93
1070.59
1091.13
1112.55
1134.85
1158.03
1182.09
1207.02
1232.82
1259.48
1286.98
1315.33
1344.49
1374.44
1405.18
1436.66
1468.87
1501.76
1535.3
1569.46
1604.18
1639.42
1675.13
1711.25
1747.73
1784.5
1821.51
1858.68
1895.68
1932.49
1969.23
2005.83
2042.22
2078.32
2114.03
2149.25
2183.8
2217.46
2249.88
2280.48
2308.36
2331.91
2348.45
2353.37
2338.66
2294.95
2235.09
2166.47
2093.34
2018.22
1942.6
1867.42
1793.26
1720.53
1649.57
1580.61
1513.88
1449.59
1387.93
1329.06
1273.15
1220.31
1170.67
1124.29
1081.22
1041.49
1005.05
971.857
941.796
914.732
890.511
868.961
849.893
833.108
818.416
805.596
801.803
805.729
810.01
814.672
819.745
825.26
831.245
837.732
844.751
852.331
860.503
869.294
878.733
888.845
899.655
911.187
923.46
936.493
950.304
964.906
980.311
996.526
1013.57
1031.47
1050.23
1069.87
1090.39
1111.78
1134.06
1157.23
1181.28
1206.2
1232
1258.67
1286.19
1314.55
1343.73
1373.72
1404.49
1436.03
1468.29
1501.24
1534.86
1569.09
1603.9
1639.24
1675.05
1711.29
1747.88
1784.78
1821.92
1859.23
1896.33
1933.27
1970.15
2006.89
2043.43
2079.66
2115.51
2150.85
2185.51
2219.26
2251.73
2282.31
2310.07
2333.33
2349.28
2353.09
2336.39
2291.39
2230.75
2161.64
2088.2
2012.88
1937.15
1861.92
1787.76
1715.09
1644.21
1575.38
1508.81
1444.72
1383.28
1324.67
1269.03
1216.49
1167.15
1121.1
1078.36
1038.95
1002.84
969.955
940.191
913.407
889.448
868.139
849.29
832.704
818.19
805.526
801.797
805.71
809.976
814.622
819.679
825.175
831.141
837.606
844.603
852.159
860.306
869.071
878.482
888.566
899.347
910.848
923.091
936.094
949.875
964.446
979.821
996.008
1013.03
1030.9
1049.64
1069.25
1089.74
1111.12
1133.39
1156.54
1180.58
1205.51
1231.31
1257.98
1285.51
1313.89
1343.09
1373.11
1403.92
1435.5
1467.81
1500.82
1534.5
1568.81
1603.7
1639.12
1675.03
1711.36
1748.07
1785.08
1822.34
1859.77
1896.94
1934.01
1971.01
2007.88
2044.54
2080.89
2116.86
2152.3
2187.05
2220.87
2253.38
2283.94
2311.58
2334.57
2349.97
2352.76
2334.25
2288.17
2226.85
2157.31
2083.61
2008.14
1932.32
1857.05
1782.91
1710.28
1639.48
1570.76
1504.35
1440.43
1379.19
1320.8
1265.41
1213.13
1164.07
1118.3
1075.85
1036.73
1000.9
968.289
938.785
912.248
888.518
867.419
848.763
832.35
817.991
805.465
801.792
805.693
809.947
814.58
819.622
825.102
831.051
837.499
844.476
852.013
860.138
868.881
878.269
888.328
899.085
910.561
922.778
935.755
949.51
964.056
979.406
995.568
1012.56
1030.41
1049.13
1068.72
1089.2
1110.56
1132.82
1155.96
1180
1204.92
1230.72
1257.4
1284.94
1313.33
1342.56
1372.61
1403.45
1435.07
1467.42
1500.49
1534.22
1568.59
1603.55
1639.05
1675.04
1711.46
1748.26
1785.37
1822.73
1860.27
1897.51
1934.68
1971.79
2008.77
2045.53
2081.99
2118.05
2153.59
2188.42
2222.3
2254.83
2285.37
2312.91
2335.65
2350.56
2352.46
2332.36
2285.33
2223.44
2153.54
2079.62
2004.01
1928.12
1852.83
1778.69
1706.11
1635.39
1566.77
1500.48
1436.71
1375.65
1317.46
1262.28
1210.23
1161.41
1115.89
1073.69
1034.81
999.227
966.854
937.575
911.249
887.716
866.8
848.309
832.045
817.82
805.413
801.788
805.679
809.922
814.544
819.574
825.042
830.977
837.41
844.371
851.891
859.998
868.722
878.091
888.13
898.866
910.321
922.516
935.472
949.205
963.73
979.059
995.202
1012.18
1030.01
1048.71
1068.28
1088.75
1110.1
1132.34
1155.48
1179.51
1204.43
1230.24
1256.92
1284.47
1312.88
1342.13
1372.2
1403.07
1434.72
1467.11
1500.22
1534.01
1568.43
1603.45
1639.02
1675.08
1711.58
1748.45
1785.65
1823.09
1860.72
1898.02
1935.28
1972.49
2009.55
2046.4
2082.95
2119.1
2154.7
2189.6
2223.53
2256.08
2286.59
2314.04
2336.57
2351.06
2352.2
2330.74
2282.91
2220.52
2150.32
2076.21
2000.49
1924.55
1849.23
1775.11
1702.57
1631.91
1563.38
1497.21
1433.57
1372.66
1314.64
1259.64
1207.79
1159.17
1113.85
1071.86
1033.2
997.818
965.644
936.554
910.407
887.04
866.277
847.926
831.789
817.676
805.369
801.784
805.668
809.902
814.515
819.535
824.992
830.916
837.337
844.285
851.791
859.884
868.593
877.946
887.969
898.688
910.125
922.304
935.242
948.958
963.465
978.778
994.904
1011.86
1029.68
1048.36
1067.93
1088.38
1109.72
1131.96
1155.09
1179.12
1204.04
1229.85
1256.54
1284.1
1312.52
1341.79
1371.88
1402.77
1434.45
1466.87
1500.02
1533.85
1568.32
1603.39
1639.01
1675.13
1711.69
1748.63
1785.9
1823.41
1861.11
1898.46
1935.8
1973.08
2010.22
2047.14
2083.76
2119.97
2155.64
2190.59
2224.56
2257.12
2287.61
2314.99
2337.33
2351.48
2351.98
2329.4
2280.9
2218.11
2147.66
2073.4
1997.59
1921.59
1846.27
1772.15
1699.65
1629.05
1560.59
1494.51
1430.99
1370.2
1312.32
1257.47
1205.78
1157.33
1112.18
1070.36
1031.87
996.661
964.65
935.716
909.715
886.485
865.848
847.612
831.578
817.557
805.332
801.781
805.659
809.887
814.493
819.505
824.953
830.868
837.279
844.218
851.713
859.794
868.491
877.832
887.842
898.548
909.972
922.137
935.062
948.764
963.258
978.558
994.671
1011.62
1029.42
1048.1
1067.65
1088.1
1109.43
1131.66
1154.79
1178.82
1203.74
1229.55
1256.24
1283.81
1312.24
1341.52
1371.63
1402.54
1434.24
1466.7
1499.87
1533.73
1568.24
1603.35
1639.01
1675.18
1711.79
1748.78
1786.1
1823.68
1861.44
1898.82
1936.22
1973.56
2010.76
2047.74
2084.42
2120.68
2156.4
2191.39
2225.38
2257.96
2288.43
2315.75
2337.94
2351.81
2351.81
2328.33
2279.3
2216.19
2145.54
2071.16
1995.28
1919.25
1843.91
1769.81
1697.33
1626.78
1558.39
1492.37
1428.94
1368.25
1310.48
1255.75
1204.19
1155.87
1110.86
1069.18
1030.82
995.747
963.865
935.054
909.169
886.047
865.509
847.363
831.411
817.464
805.304
801.779
805.653
809.875
814.476
819.482
824.925
830.833
837.237
844.168
851.655
859.728
868.416
877.748
887.749
898.445
909.859
922.014
934.929
948.621
963.105
978.395
994.5
1011.44
1029.23
1047.9
1067.45
1087.89
1109.22
1131.44
1154.57
1178.6
1203.52
1229.33
1256.03
1283.6
1312.04
1341.33
1371.45
1402.38
1434.09
1466.57
1499.77
1533.65
1568.19
1603.33
1639.02
1675.22
1711.87
1748.9
1786.26
1823.88
1861.68
1899.11
1936.55
1973.93
2011.17
2048.2
2084.91
2121.21
2156.97
2191.99
2226
2258.59
2289.05
2316.31
2338.4
2352.07
2351.68
2327.53
2278.1
2214.76
2143.97
2069.49
1993.56
1917.51
1842.16
1768.07
1695.61
1625.09
1556.74
1490.79
1427.42
1366.81
1309.12
1254.48
1203.01
1154.79
1109.88
1068.3
1030.05
995.069
963.283
934.563
908.764
885.722
865.257
847.179
831.288
817.395
805.282
801.778
805.648
809.868
814.465
819.467
824.906
830.809
837.209
844.135
851.616
859.684
868.367
877.692
887.687
898.377
909.785
921.933
934.841
948.527
963.005
978.288
994.387
1011.32
1029.11
1047.77
1067.32
1087.75
1109.08
1131.3
1154.43
1178.45
1203.37
1229.19
1255.89
1283.46
1311.91
1341.2
1371.33
1402.27
1434
1466.49
1499.7
1533.6
1568.16
1603.32
1639.03
1675.26
1711.93
1748.99
1786.37
1824.02
1861.85
1899.3
1936.77
1974.18
2011.45
2048.5
2085.24
2121.57
2157.35
2192.39
2226.42
2259.01
2289.46
2316.69
2338.71
2352.23
2351.6
2327
2277.31
2213.81
2142.92
2068.39
1992.42
1916.35
1841
1766.91
1694.47
1623.97
1555.66
1489.74
1426.41
1365.85
1308.21
1253.63
1202.23
1154.07
1109.23
1067.72
1029.53
994.62
962.898
934.238
908.496
885.506
865.091
847.057
831.206
817.349
805.268
801.777
805.646
809.864
814.459
819.46
824.896
830.798
837.195
844.118
851.597
859.663
868.342
877.665
887.657
898.343
909.748
921.893
934.798
948.48
962.955
978.235
994.331
1011.26
1029.05
1047.71
1067.25
1087.68
1109.01
1131.23
1154.35
1178.38
1203.3
1229.11
1255.82
1283.4
1311.84
1341.14
1371.27
1402.22
1433.95
1466.45
1499.67
1533.58
1568.14
1603.31
1639.04
1675.27
1711.96
1749.03
1786.43
1824.09
1861.93
1899.4
1936.88
1974.3
2011.59
2048.65
2085.41
2121.75
2157.54
2192.59
2226.63
2259.22
2289.66
2316.88
2338.86
2352.32
2351.55
2326.74
2276.92
2213.33
2142.4
2067.84
1991.86
1915.78
1840.42
1766.34
1693.91
1623.42
1555.12
1489.22
1425.91
1365.38
1307.77
1253.22
1201.84
1153.72
1108.91
1067.43
1029.28
994.398
962.706
934.076
908.362
885.399
865.008
846.996
831.165
817.326
805.261
801.777
805.646
809.864
814.459
819.46
824.896
830.798
837.195
844.118
851.597
859.663
868.342
877.665
887.657
898.343
909.748
921.893
934.798
948.48
962.955
978.235
994.331
1011.26
1029.05
1047.71
1067.25
1087.68
1109.01
1131.23
1154.35
1178.38
1203.3
1229.11
1255.82
1283.4
1311.84
1341.14
1371.27
1402.22
1433.95
1466.45
1499.67
1533.58
1568.14
1603.31
1639.04
1675.27
1711.96
1749.03
1786.43
1824.09
1861.93
1899.4
1936.88
1974.3
2011.59
2048.65
2085.41
2121.75
2157.54
2192.59
2226.63
2259.22
2289.66
2316.88
2338.86
2352.32
2351.55
2326.74
2276.92
2213.33
2142.4
2067.84
1991.86
1915.78
1840.42
1766.34
1693.91
1623.42
1555.12
1489.22
1425.91
1365.38
1307.77
1253.22
1201.84
1153.72
1108.91
1067.43
1029.28
994.398
962.706
934.076
908.362
885.399
865.008
846.996
831.165
817.326
805.261
801.778
805.648
809.868
814.465
819.467
824.906
830.809
837.209
844.135
851.616
859.684
868.367
877.692
887.687
898.377
909.785
921.933
934.841
948.527
963.005
978.288
994.387
1011.32
1029.11
1047.77
1067.32
1087.75
1109.08
1131.3
1154.43
1178.45
1203.37
1229.19
1255.89
1283.46
1311.91
1341.2
1371.33
1402.27
1434
1466.49
1499.7
1533.6
1568.16
1603.32
1639.03
1675.26
1711.93
1748.99
1786.37
1824.02
1861.85
1899.3
1936.77
1974.18
2011.45
2048.5
2085.24
2121.57
2157.35
2192.39
2226.42
2259.01
2289.46
2316.69
2338.71
2352.23
2351.6
2327
2277.31
2213.81
2142.92
2068.39
1992.42
1916.35
1841
1766.91
1694.47
1623.97
1555.66
1489.74
1426.41
1365.85
1308.21
1253.63
1202.23
1154.07
1109.23
1067.72
1029.53
994.62
962.898
934.238
908.496
885.506
865.091
847.057
831.206
817.349
805.268
801.779
805.653
809.875
814.476
819.482
824.925
830.833
837.237
844.168
851.655
859.728
868.416
877.748
887.749
898.445
909.859
922.014
934.929
948.621
963.105
978.395
994.5
1011.44
1029.23
1047.9
1067.45
1087.89
1109.22
1131.44
1154.57
1178.6
1203.52
1229.33
1256.03
1283.6
1312.04
1341.33
1371.45
1402.38
1434.09
1466.57
1499.77
1533.65
1568.19
1603.33
1639.02
1675.22
1711.87
1748.9
1786.26
1823.88
1861.68
1899.11
1936.55
1973.93
2011.17
2048.19
2084.91
2121.21
2156.97
2191.99
2226
2258.59
2289.05
2316.31
2338.4
2352.06
2351.68
2327.53
2278.1
2214.76
2143.97
2069.49
1993.56
1917.51
1842.16
1768.07
1695.61
1625.09
1556.74
1490.79
1427.42
1366.81
1309.12
1254.48
1203.01
1154.79
1109.88
1068.3
1030.05
995.069
963.283
934.563
908.764
885.722
865.257
847.179
831.288
817.395
805.282
801.781
805.659
809.887
814.493
819.505
824.953
830.868
837.279
844.218
851.713
859.794
868.491
877.832
887.842
898.548
909.972
922.137
935.062
948.764
963.258
978.557
994.671
1011.62
1029.42
1048.1
1067.65
1088.1
1109.43
1131.66
1154.79
1178.82
1203.74
1229.55
1256.24
1283.81
1312.24
1341.52
1371.63
1402.54
1434.24
1466.7
1499.87
1533.73
1568.24
1603.35
1639.01
1675.18
1711.79
1748.78
1786.1
1823.68
1861.44
1898.82
1936.22
1973.56
2010.76
2047.74
2084.41
2120.68
2156.4
2191.39
2225.38
2257.96
2288.43
2315.74
2337.94
2351.81
2351.81
2328.33
2279.3
2216.19
2145.54
2071.16
1995.28
1919.25
1843.91
1769.81
1697.33
1626.78
1558.39
1492.37
1428.94
1368.25
1310.48
1255.75
1204.19
1155.87
1110.86
1069.18
1030.82
995.747
963.865
935.054
909.169
886.047
865.509
847.363
831.411
817.464
805.304
801.784
805.668
809.902
814.515
819.535
824.992
830.916
837.337
844.285
851.791
859.884
868.593
877.946
887.969
898.688
910.125
922.304
935.242
948.957
963.465
978.778
994.904
1011.86
1029.68
1048.36
1067.93
1088.38
1109.72
1131.96
1155.09
1179.12
1204.04
1229.85
1256.54
1284.1
1312.52
1341.79
1371.88
1402.77
1434.45
1466.87
1500.02
1533.85
1568.32
1603.39
1639.01
1675.13
1711.69
1748.63
1785.89
1823.41
1861.11
1898.46
1935.8
1973.08
2010.22
2047.14
2083.76
2119.97
2155.64
2190.59
2224.56
2257.12
2287.61
2314.99
2337.33
2351.48
2351.98
2329.4
2280.9
2218.11
2147.66
2073.4
1997.59
1921.59
1846.27
1772.15
1699.65
1629.05
1560.59
1494.51
1430.99
1370.2
1312.32
1257.47
1205.78
1157.33
1112.18
1070.36
1031.87
996.661
964.65
935.716
909.715
886.485
865.848
847.612
831.578
817.557
805.332
801.788
805.679
809.922
814.544
819.574
825.042
830.977
837.41
844.371
851.891
859.998
868.722
878.091
888.13
898.866
910.321
922.516
935.472
949.205
963.73
979.059
995.202
1012.18
1030.01
1048.71
1068.28
1088.75
1110.1
1132.34
1155.48
1179.51
1204.43
1230.24
1256.92
1284.47
1312.88
1342.13
1372.2
1403.07
1434.72
1467.11
1500.22
1534.01
1568.43
1603.45
1639.02
1675.08
1711.58
1748.45
1785.65
1823.09
1860.72
1898.02
1935.28
1972.49
2009.55
2046.4
2082.95
2119.09
2154.7
2189.6
2223.53
2256.08
2286.59
2314.04
2336.56
2351.06
2352.2
2330.74
2282.9
2220.52
2150.32
2076.21
2000.49
1924.55
1849.23
1775.11
1702.57
1631.91
1563.38
1497.21
1433.57
1372.66
1314.64
1259.64
1207.79
1159.17
1113.85
1071.86
1033.2
997.818
965.644
936.554
910.407
887.04
866.277
847.926
831.789
817.676
805.369
801.792
805.693
809.947
814.58
819.622
825.102
831.051
837.499
844.476
852.013
860.138
868.881
878.269
888.328
899.085
910.561
922.778
935.755
949.509
964.056
979.405
995.568
1012.56
1030.41
1049.13
1068.72
1089.2
1110.56
1132.82
1155.96
1180
1204.92
1230.72
1257.4
1284.94
1313.33
1342.56
1372.61
1403.45
1435.07
1467.42
1500.48
1534.22
1568.59
1603.55
1639.05
1675.04
1711.46
1748.26
1785.37
1822.73
1860.27
1897.51
1934.68
1971.79
2008.77
2045.53
2081.99
2118.05
2153.58
2188.42
2222.3
2254.83
2285.36
2312.91
2335.64
2350.56
2352.46
2332.36
2285.33
2223.44
2153.54
2079.62
2004.01
1928.12
1852.83
1778.69
1706.11
1635.39
1566.77
1500.48
1436.71
1375.65
1317.46
1262.28
1210.23
1161.41
1115.89
1073.69
1034.81
999.227
966.854
937.575
911.249
887.716
866.8
848.309
832.045
817.82
805.413
801.797
805.71
809.975
814.622
819.679
825.175
831.14
837.606
844.603
852.159
860.306
869.071
878.482
888.566
899.347
910.848
923.091
936.094
949.875
964.446
979.821
996.008
1013.03
1030.9
1049.64
1069.25
1089.74
1111.12
1133.39
1156.54
1180.58
1205.51
1231.31
1257.98
1285.51
1313.88
1343.09
1373.11
1403.92
1435.5
1467.81
1500.82
1534.5
1568.81
1603.7
1639.12
1675.03
1711.36
1748.07
1785.08
1822.34
1859.77
1896.94
1934.01
1971.01
2007.88
2044.53
2080.89
2116.85
2152.3
2187.05
2220.87
2253.37
2283.94
2311.58
2334.57
2349.97
2352.76
2334.25
2288.16
2226.85
2157.31
2083.61
2008.14
1932.32
1857.05
1782.91
1710.28
1639.48
1570.76
1504.35
1440.43
1379.19
1320.8
1265.41
1213.13
1164.07
1118.3
1075.85
1036.73
1000.9
968.289
938.785
912.248
888.518
867.419
848.763
832.35
817.991
805.465
801.803
805.729
810.009
814.672
819.745
825.26
831.245
837.732
844.751
852.331
860.503
869.294
878.733
888.845
899.655
911.186
923.46
936.493
950.304
964.906
980.31
996.526
1013.57
1031.47
1050.23
1069.87
1090.39
1111.78
1134.06
1157.23
1181.28
1206.2
1232
1258.67
1286.19
1314.55
1343.73
1373.72
1404.49
1436.03
1468.29
1501.24
1534.86
1569.09
1603.9
1639.24
1675.05
1711.29
1747.88
1784.78
1821.92
1859.23
1896.33
1933.27
1970.15
2006.89
2043.42
2079.66
2115.51
2150.84
2185.51
2219.25
2251.72
2282.31
2310.06
2333.33
2349.27
2353.08
2336.39
2291.39
2230.75
2161.63
2088.19
2012.88
1937.15
1861.92
1787.76
1715.09
1644.21
1575.38
1508.81
1444.72
1383.28
1324.67
1269.03
1216.49
1167.15
1121.1
1078.36
1038.95
1002.84
969.955
940.191
913.407
889.448
868.139
849.29
832.704
818.189
805.526
801.81
805.752
810.049
814.729
819.822
825.358
831.366
837.878
844.922
852.53
860.731
869.553
879.023
889.169
900.013
911.579
923.887
936.956
950.803
965.44
980.878
997.126
1014.21
1032.14
1050.93
1070.59
1091.13
1112.55
1134.85
1158.03
1182.09
1207.02
1232.82
1259.48
1286.98
1315.33
1344.49
1374.44
1405.18
1436.66
1468.87
1501.76
1535.3
1569.46
1604.18
1639.42
1675.13
1711.25
1747.73
1784.5
1821.51
1858.68
1895.68
1932.49
1969.22
2005.83
2042.22
2078.32
2114.03
2149.24
2183.8
2217.46
2249.88
2280.48
2308.35
2331.91
2348.45
2353.37
2338.66
2294.95
2235.09
2166.47
2093.34
2018.22
1942.6
1867.42
1793.26
1720.53
1649.57
1580.61
1513.88
1449.59
1387.93
1329.06
1273.15
1220.31
1170.67
1124.29
1081.22
1041.49
1005.05
971.857
941.796
914.732
890.511
868.961
849.893
833.108
818.416
805.596
801.819
805.778
810.094
814.795
819.911
825.471
831.505
838.044
845.119
852.758
860.992
869.849
879.356
889.539
900.422
912.028
924.376
937.486
951.373
966.05
981.528
997.814
1014.93
1032.9
1051.72
1071.42
1091.99
1113.43
1135.75
1158.95
1183.02
1207.96
1233.76
1260.41
1287.91
1316.23
1345.37
1375.29
1405.98
1437.42
1469.56
1502.38
1535.85
1569.92
1604.54
1639.67
1675.27
1711.27
1747.61
1784.25
1821.11
1858.13
1895.03
1931.68
1968.26
2004.7
2040.93
2076.88
2112.44
2147.51
2181.94
2215.5
2247.86
2278.46
2306.44
2330.29
2347.43
2353.48
2340.82
2298.67
2239.78
2171.76
2099.01
2024.12
1948.64
1873.51
1799.36
1726.59
1655.53
1586.44
1519.54
1455.04
1393.13
1333.99
1277.77
1224.6
1174.61
1127.87
1084.44
1044.34
1007.54
973.998
943.602
916.223
891.708
869.886
850.571
833.562
818.672
805.674
801.828
805.807
810.145
814.869
820.011
825.598
831.662
838.233
845.341
853.016
861.288
870.185
879.733
889.958
900.885
912.536
924.93
938.085
952.017
966.739
982.261
998.59
1015.75
1033.76
1052.62
1072.35
1092.95
1114.43
1136.77
1159.99
1184.07
1209.02
1234.83
1261.48
1288.96
1317.27
1346.38
1376.26
1406.91
1438.29
1470.37
1503.13
1536.51
1570.48
1605
1640.02
1675.49
1711.36
1747.56
1784.05
1820.75
1857.6
1894.39
1930.86
1967.27
2003.54
2039.59
2075.37
2110.76
2145.68
2179.96
2213.4
2245.68
2276.27
2304.33
2328.44
2346.14
2353.27
2342.58
2302.39
2244.69
2177.41
2105.12
2030.52
1955.2
1880.16
1806.03
1733.22
1662.07
1592.85
1525.76
1461.04
1398.87
1339.42
1282.87
1229.34
1178.97
1131.84
1088.01
1047.5
1010.31
976.375
945.608
917.879
893.037
870.914
851.324
834.067
818.955
805.761
801.838
805.839
810.201
814.952
820.122
825.74
831.837
838.444
845.59
853.305
861.619
870.56
880.154
890.427
901.403
913.103
925.547
938.753
952.735
967.507
983.078
999.454
1016.66
1034.71
1053.62
1073.39
1094.03
1115.53
1137.91
1161.15
1185.25
1210.21
1236.02
1262.67
1290.15
1318.43
1347.51
1377.37
1407.97
1439.3
1471.31
1503.99
1537.28
1571.16
1605.57
1640.47
1675.81
1711.53
1747.59
1783.91
1820.44
1857.12
1893.78
1930.07
1966.29
2002.37
2038.24
2073.82
2109.03
2143.77
2177.89
2211.2
2243.37
2273.92
2302.03
2326.36
2344.55
2352.6
2343.59
2305.92
2249.71
2183.32
2111.59
2037.33
1962.22
1887.29
1813.19
1740.35
1669.12
1599.75
1532.48
1467.53
1405.08
1345.32
1288.41
1234.5
1183.72
1136.17
1091.9
1050.96
1013.33
978.975
947.803
919.691
894.492
872.039
852.148
834.62
819.265
805.856
801.849
805.875
810.264
815.044
820.246
825.898
832.032
838.678
845.866
853.625
861.986
870.975
880.62
890.945
901.973
913.727
926.226
939.487
953.524
968.35
983.973
1000.41
1017.66
1035.76
1054.71
1074.53
1095.2
1116.74
1139.15
1162.41
1186.54
1211.51
1237.33
1263.98
1291.45
1319.72
1348.77
1378.59
1409.15
1440.42
1472.37
1504.97
1538.17
1571.95
1606.24
1641.02
1676.23
1711.8
1747.7
1783.86
1820.21
1856.71
1893.22
1929.32
1965.34
2001.22
2036.89
2072.28
2107.3
2141.85
2175.79
2208.94
2241
2271.49
2299.63
2324.15
2342.78
2351.72
2344.34
2309.41
2254.83
2189.44
2118.33
2044.45
1969.58
1894.78
1820.72
1747.87
1676.56
1607.06
1539.6
1474.41
1411.68
1351.59
1294.32
1240.02
1188.81
1140.81
1096.08
1054.67
1016.58
981.775
950.17
921.646
896.061
873.253
853.037
835.216
819.6
805.959
801.862
805.914
810.332
815.144
820.38
826.07
832.244
838.933
846.166
853.974
862.385
871.426
881.125
891.505
902.591
914.402
926.959
940.278
954.372
969.255
984.934
1001.42
1018.73
1036.88
1055.88
1075.74
1096.46
1118.04
1140.48
1163.77
1187.91
1212.9
1238.73
1265.38
1292.84
1321.1
1350.13
1379.91
1410.43
1441.64
1473.52
1506.04
1539.16
1572.83
1607.02
1641.67
1676.74
1712.17
1747.91
1783.9
1820.07
1856.38
1892.74
1928.64
1964.46
2000.14
2035.6
2070.78
2105.6
2139.95
2173.72
2206.7
2238.63
2269.04
2297.2
2321.89
2340.96
2350.77
2345.03
2312.91
2260.01
2195.65
2125.18
2051.72
1977.1
1902.44
1828.45
1755.59
1684.21
1614.59
1546.96
1481.54
1418.53
1358.12
1300.48
1245.78
1194.14
1145.68
1100.48
1058.59
1020.02
984.734
952.671
923.713
897.722
874.537
853.977
835.847
819.954
806.067
801.875
805.956
810.406
815.252
820.525
826.255
832.472
839.206
846.488
854.346
862.81
871.906
881.661
892.099
903.243
915.114
927.73
941.108
955.261
970.201
985.937
1002.48
1019.84
1038.04
1057.09
1077
1097.76
1119.38
1141.85
1165.17
1189.34
1214.35
1240.18
1266.83
1294.29
1322.53
1351.54
1381.29
1411.76
1442.92
1474.74
1507.18
1540.21
1573.79
1607.86
1642.39
1677.33
1712.62
1748.2
1784.03
1820.03
1856.16
1892.34
1928.05
1963.68
1999.15
2034.41
2069.39
2104.01
2138.17
2171.74
2204.56
2236.35
2266.68
2294.84
2319.69
2339.16
2349.81
2345.64
2316.32
2265.09
2201.76
2131.94
2058.89
1984.53
1910.03
1836.12
1763.27
1691.84
1622.11
1554.33
1488.7
1425.43
1364.71
1306.72
1251.63
1199.57
1150.66
1104.99
1062.61
1023.55
987.789
955.261
925.857
899.445
875.871
854.955
836.502
820.322
806.18
801.888
806
810.481
815.363
820.674
826.446
832.707
839.488
846.819
854.729
863.246
872.397
882.208
892.703
903.905
915.834
928.508
941.944
956.155
971.152
986.942
1003.54
1020.95
1039.2
1058.3
1078.26
1099.06
1120.71
1143.22
1166.57
1190.76
1215.78
1241.62
1268.28
1295.73
1323.96
1352.94
1382.66
1413.09
1444.2
1475.96
1508.33
1541.28
1574.76
1608.74
1643.15
1677.97
1713.12
1748.56
1784.23
1820.08
1856.04
1892.05
1927.58
1963.02
1998.3
2033.38
2068.16
2102.59
2136.56
2169.96
2202.62
2234.27
2264.52
2292.67
2317.65
2337.49
2348.9
2346.2
2319.5
2269.85
2207.5
2138.3
2065.65
1991.55
1917.21
1843.38
1770.56
1699.1
1629.29
1561.37
1495.56
1432.06
1371.07
1312.77
1257.32
1204.87
1155.53
1109.42
1066.58
1027.05
990.824
957.838
927.993
901.165
877.202
855.93
837.155
820.688
806.292
801.902
806.043
810.558
815.475
820.825
826.637
832.942
839.768
847.146
855.104
863.671
872.873
882.736
893.284
904.539
916.522
929.25
942.739
957.002
972.05
987.89
1004.53
1021.99
1040.29
1059.44
1079.43
1100.27
1121.95
1144.49
1167.86
1192.07
1217.11
1242.96
1269.61
1297.06
1325.27
1354.24
1383.93
1414.32
1445.39
1477.09
1509.4
1542.28
1575.68
1609.56
1643.88
1678.58
1713.62
1748.94
1784.48
1820.18
1856
1891.85
1927.23
1962.51
1997.63
2032.54
2067.16
2101.41
2135.22
2168.47
2200.98
2232.52
2262.68
2290.81
2315.9
2336.04
2348.12
2346.68
2322.28
2274
2212.51
2143.86
2071.56
1997.7
1923.51
1849.77
1776.99
1705.52
1635.66
1567.65
1501.7
1438.03
1376.82
1318.25
1262.51
1209.72
1160.03
1113.53
1070.29
1030.34
993.692
960.288
930.037
902.819
878.487
856.874
837.789
821.043
806.401
801.914
806.082
810.625
815.574
820.958
826.806
833.147
840.012
847.43
855.43
864.039
873.284
883.191
893.783
905.082
917.11
929.882
943.415
957.721
972.81
988.691
1005.37
1022.87
1041.21
1060.39
1080.41
1101.28
1122.99
1145.54
1168.94
1193.16
1218.2
1244.06
1270.72
1298.15
1326.36
1355.3
1384.97
1415.33
1446.36
1478.02
1510.28
1543.1
1576.43
1610.24
1644.48
1679.1
1714.05
1749.27
1784.71
1820.3
1856
1891.74
1927
1962.15
1997.15
2031.93
2066.43
2100.56
2134.25
2167.37
2199.77
2231.21
2261.31
2289.42
2314.58
2334.96
2347.53
2347.05
2324.41
2277.2
2216.37
2148.14
2076.13
2002.46
1928.4
1854.75
1782.01
1710.56
1640.68
1572.61
1506.58
1442.79
1381.43
1322.68
1266.71
1213.68
1163.72
1116.92
1073.36
1033.08
996.092
962.348
931.761
904.217
879.576
857.673
838.324
821.343
806.493
801.924
806.112
810.677
815.649
821.056
826.928
833.295
840.187
847.631
855.659
864.295
873.569
883.505
894.125
905.454
917.509
930.309
943.87
958.202
973.317
989.222
1005.93
1023.45
1041.81
1061
1081.04
1101.93
1123.65
1146.22
1169.62
1193.85
1218.89
1244.75
1271.4
1298.83
1327.02
1355.96
1385.61
1415.95
1446.95
1478.58
1510.8
1543.59
1576.88
1610.65
1644.84
1679.41
1714.3
1749.46
1784.84
1820.38
1856.01
1891.69
1926.87
1961.96
1996.89
2031.61
2066.03
2100.09
2133.71
2166.77
2199.11
2230.5
2260.55
2288.66
2313.86
2334.36
2347.21
2347.27
2325.62
2279.02
2218.57
2150.59
2078.75
2005.2
1931.22
1857.63
1784.94
1713.51
1643.64
1575.56
1509.51
1445.67
1384.24
1325.4
1269.33
1216.17
1166.05
1119.09
1075.35
1034.88
997.684
963.731
932.936
905.186
880.344
858.249
838.717
821.566
806.562
)
;

boundaryField
{
    fuel
    {
        type            fixedValue;
        value           uniform 800;
    }
    air
    {
        type            fixedValue;
        value           uniform 800;
    }
    outlet
    {
        type            inletOutlet;
        inletValue      uniform 293;
        value           nonuniform List<scalar> 
200
(
801.924
806.112
810.677
815.649
821.056
826.928
833.295
840.186
847.631
855.658
864.295
873.568
883.504
894.125
905.453
917.508
930.309
943.869
958.201
973.317
989.221
1005.93
1023.45
1041.81
1061
1081.04
1101.93
1123.65
1146.22
1169.62
1193.85
1218.89
1244.75
1271.4
1298.83
1327.02
1355.96
1385.61
1415.95
1446.95
1478.58
1510.8
1543.59
1576.88
1610.65
1644.84
1679.41
1714.3
1749.46
1784.84
1820.38
1856.01
1891.68
1926.87
1961.96
1996.89
2031.6
2066.03
2100.09
2133.71
2166.77
2199.11
2230.49
2260.55
2288.66
2313.86
2334.36
2347.21
2347.27
2325.62
2279.02
2218.57
2150.59
2078.75
2005.2
1931.23
1857.63
1784.94
1713.51
1643.64
1575.56
1509.51
1445.67
1384.24
1325.4
1269.33
1216.17
1166.05
1119.09
1075.35
1034.88
997.683
963.731
932.936
905.186
880.344
858.249
838.717
821.566
806.562
801.924
806.112
810.677
815.649
821.056
826.928
833.295
840.186
847.631
855.658
864.295
873.569
883.504
894.125
905.453
917.509
930.309
943.869
958.202
973.317
989.222
1005.93
1023.45
1041.81
1061
1081.04
1101.93
1123.65
1146.22
1169.62
1193.85
1218.89
1244.75
1271.4
1298.83
1327.02
1355.96
1385.61
1415.95
1446.95
1478.58
1510.8
1543.58
1576.88
1610.65
1644.84
1679.41
1714.3
1749.46
1784.84
1820.38
1856.01
1891.68
1926.87
1961.96
1996.89
2031.6
2066.03
2100.09
2133.71
2166.77
2199.11
2230.49
2260.55
2288.66
2313.86
2334.36
2347.21
2347.27
2325.63
2279.02
2218.57
2150.59
2078.75
2005.2
1931.23
1857.63
1784.94
1713.51
1643.64
1575.56
1509.51
1445.67
1384.24
1325.4
1269.33
1216.17
1166.05
1119.09
1075.35
1034.88
997.684
963.732
932.936
905.186
880.344
858.249
838.717
821.566
806.562
)
;
    }
    frontAndBack
    {
        type            empty;
    }
}


// ************************************************************************* //
