/*--------------------------------*- C++ -*----------------------------------*\
| =========                 |                                                 |
| \\      /  F ield         | OpenFOAM: The Open Source CFD Toolbox           |
|  \\    /   O peration     | Version:  2312                                  |
|   \\  /    A nd           | Website:  www.openfoam.com                      |
|    \\/     M anipulation  |                                                 |
\*---------------------------------------------------------------------------*/
FoamFile
{
    version     2.0;
    format      ascii;
    arch        "LSB;label=64;scalar=64";
    class       volScalarField;
    location    "1000";
    object      p;
}
// * * * * * * * * * * * * * * * * * * * * * * * * * * * * * * * * * * * * * //

dimensions      [1 -1 -2 0 0 0 0];

internalField   nonuniform List<scalar> 
5100
(
0.998701
0.998697
0.998695
0.998694
0.998696
0.998699
0.998705
0.998713
0.998723
0.998737
0.998753
0.998772
0.998794
0.998819
0.998847
0.998876
0.998909
0.998942
0.998981
0.999017
0.999065
0.999104
0.999156
0.999204
0.999259
0.999315
0.999376
0.999439
0.999506
0.999577
0.999653
0.999731
0.999814
0.999899
0.999983
1.00007
1.00015
1.00023
1.00031
1.00039
1.00046
1.00053
1.00059
1.00065
1.0007
1.00076
1.0008
1.00086
1.0009
1.00094
1.00098
1.00101
1.00104
1.00106
1.00108
1.0011
1.00111
1.00112
1.00113
1.00114
1.00114
1.00115
1.00115
1.00115
1.00115
1.00114
1.00114
1.00114
1.00114
1.00113
1.00113
1.00112
1.00112
1.00111
1.00111
1.00111
1.0011
1.0011
1.00109
1.00109
1.00108
1.00108
1.00107
1.00107
1.00107
1.00106
1.00106
1.00105
1.00105
1.00105
1.00104
1.00104
1.00103
1.00103
1.00102
1.00102
1.00102
1.00101
1.00101
1.001
1.00099
1.00099
1.00098
1.00098
1.00097
1.00097
1.00096
1.00095
1.00095
1.00094
1.00094
1.00093
1.00092
1.00092
1.00091
1.0009
1.0009
1.00089
1.00088
1.00088
1.00087
1.00087
1.00086
1.00085
1.00084
1.00084
1.00083
1.00082
1.00082
1.00081
1.0008
1.00079
1.00079
1.00078
1.00077
1.00076
1.00076
1.00075
1.00074
1.00073
1.00073
1.00072
1.00071
1.0007
1.0007
1.00069
1.00068
1.00068
1.00067
1.00066
1.00065
1.00065
1.00064
1.00063
1.00063
1.00062
1.00061
1.0006
1.0006
1.00059
1.00058
1.00058
1.00057
1.00056
1.00055
1.00055
1.00054
1.00053
1.00053
1.00052
1.00051
1.00051
1.0005
1.00049
1.00049
1.00048
1.00047
1.00046
1.00046
1.00045
1.00044
1.00044
1.00043
1.00042
1.00042
1.00041
1.0004
1.0004
1.00039
1.00038
1.00038
1.00037
1.00036
1.00036
1.00035
1.00034
1.00034
1.00033
1.00033
1.00032
1.00031
1.00031
1.0003
1.00029
1.00029
1.00028
1.00027
1.00027
1.00026
1.00025
1.00025
1.00024
1.00024
1.00023
1.00022
1.00022
1.00021
1.0002
1.0002
1.00019
1.00018
1.00018
1.00017
1.00017
1.00016
1.00015
1.00015
1.00014
1.00013
1.00013
1.00012
1.00012
1.00011
1.0001
1.0001
1.00009
1.00008
1.00008
1.00007
1.00007
1.00006
1.00005
1.00005
1.00004
1.00003
1.00003
1.00002
1.00002
1.00001
1
0.998704
0.998701
0.9987
0.9987
0.998703
0.998707
0.998715
0.998724
0.998736
0.998749
0.998763
0.998779
0.998795
0.998815
0.998836
0.998862
0.998893
0.998927
0.998967
0.999006
0.999057
0.9991
0.999156
0.999208
0.999269
0.999329
0.999397
0.999462
0.999533
0.999603
0.999672
0.999742
0.9998
0.999861
0.99993
1
1.00008
1.00015
1.00023
1.00031
1.00038
1.00046
1.00053
1.00062
1.00069
1.00076
1.00081
1.00086
1.0009
1.00094
1.00098
1.00101
1.00103
1.00106
1.00108
1.00109
1.00111
1.00112
1.00113
1.00113
1.00114
1.00114
1.00114
1.00114
1.00114
1.00114
1.00114
1.00114
1.00113
1.00113
1.00113
1.00112
1.00112
1.00111
1.00111
1.00111
1.0011
1.0011
1.00109
1.00109
1.00108
1.00108
1.00107
1.00107
1.00107
1.00106
1.00106
1.00105
1.00105
1.00105
1.00104
1.00104
1.00103
1.00103
1.00102
1.00102
1.00102
1.00101
1.00101
1.001
1.001
1.00099
1.00098
1.00098
1.00097
1.00097
1.00096
1.00095
1.00095
1.00094
1.00094
1.00093
1.00092
1.00092
1.00091
1.0009
1.0009
1.00089
1.00088
1.00088
1.00087
1.00087
1.00086
1.00085
1.00084
1.00084
1.00083
1.00082
1.00082
1.00081
1.0008
1.00079
1.00079
1.00078
1.00077
1.00076
1.00076
1.00075
1.00074
1.00073
1.00073
1.00072
1.00071
1.0007
1.0007
1.00069
1.00068
1.00068
1.00067
1.00066
1.00065
1.00065
1.00064
1.00063
1.00063
1.00062
1.00061
1.0006
1.0006
1.00059
1.00058
1.00058
1.00057
1.00056
1.00055
1.00055
1.00054
1.00053
1.00053
1.00052
1.00051
1.00051
1.0005
1.00049
1.00049
1.00048
1.00047
1.00046
1.00046
1.00045
1.00044
1.00044
1.00043
1.00042
1.00042
1.00041
1.0004
1.0004
1.00039
1.00038
1.00038
1.00037
1.00036
1.00036
1.00035
1.00034
1.00034
1.00033
1.00033
1.00032
1.00031
1.00031
1.0003
1.00029
1.00029
1.00028
1.00027
1.00027
1.00026
1.00025
1.00025
1.00024
1.00024
1.00023
1.00022
1.00022
1.00021
1.0002
1.0002
1.00019
1.00018
1.00018
1.00017
1.00017
1.00016
1.00015
1.00015
1.00014
1.00013
1.00013
1.00012
1.00012
1.00011
1.0001
1.0001
1.00009
1.00008
1.00008
1.00007
1.00007
1.00006
1.00005
1.00005
1.00004
1.00003
1.00003
1.00002
1.00002
1.00001
1
0.998706
0.998701
0.9987
0.9987
0.998701
0.998703
0.998706
0.99871
0.998718
0.99873
0.998747
0.998768
0.998795
0.998825
0.99886
0.998892
0.998925
0.998958
0.998994
0.999027
0.999072
0.999108
0.999155
0.9992
0.999251
0.999302
0.999359
0.999417
0.999481
0.999548
0.999623
0.9997
0.999795
0.999887
0.999975
1.00006
1.00014
1.00022
1.0003
1.00038
1.00045
1.00052
1.00059
1.00065
1.0007
1.00075
1.0008
1.00085
1.00089
1.00093
1.00097
1.001
1.00103
1.00105
1.00107
1.00109
1.0011
1.00111
1.00112
1.00113
1.00113
1.00114
1.00114
1.00114
1.00114
1.00114
1.00114
1.00113
1.00113
1.00113
1.00112
1.00112
1.00112
1.00111
1.00111
1.0011
1.0011
1.0011
1.00109
1.00109
1.00108
1.00108
1.00107
1.00107
1.00106
1.00106
1.00106
1.00105
1.00105
1.00105
1.00104
1.00104
1.00103
1.00103
1.00102
1.00102
1.00102
1.00101
1.00101
1.001
1.00099
1.00099
1.00098
1.00098
1.00097
1.00097
1.00096
1.00095
1.00095
1.00094
1.00094
1.00093
1.00092
1.00092
1.00091
1.0009
1.0009
1.00089
1.00088
1.00088
1.00087
1.00087
1.00086
1.00085
1.00084
1.00084
1.00083
1.00082
1.00082
1.00081
1.0008
1.00079
1.00079
1.00078
1.00077
1.00076
1.00076
1.00075
1.00074
1.00073
1.00073
1.00072
1.00071
1.0007
1.0007
1.00069
1.00068
1.00068
1.00067
1.00066
1.00065
1.00065
1.00064
1.00063
1.00063
1.00062
1.00061
1.0006
1.0006
1.00059
1.00058
1.00058
1.00057
1.00056
1.00055
1.00055
1.00054
1.00053
1.00053
1.00052
1.00051
1.00051
1.0005
1.00049
1.00049
1.00048
1.00047
1.00046
1.00046
1.00045
1.00044
1.00044
1.00043
1.00042
1.00042
1.00041
1.0004
1.0004
1.00039
1.00038
1.00038
1.00037
1.00036
1.00036
1.00035
1.00034
1.00034
1.00033
1.00033
1.00032
1.00031
1.00031
1.0003
1.00029
1.00029
1.00028
1.00027
1.00027
1.00026
1.00025
1.00025
1.00024
1.00024
1.00023
1.00022
1.00022
1.00021
1.0002
1.0002
1.00019
1.00018
1.00018
1.00017
1.00017
1.00016
1.00015
1.00015
1.00014
1.00013
1.00013
1.00012
1.00012
1.00011
1.0001
1.0001
1.00009
1.00008
1.00008
1.00007
1.00007
1.00006
1.00005
1.00005
1.00004
1.00003
1.00003
1.00002
1.00002
1.00001
1
0.998704
0.998695
0.998695
0.998696
0.9987
0.998706
0.998717
0.998731
0.998747
0.998762
0.998776
0.99879
0.998803
0.998816
0.998834
0.998857
0.998886
0.998919
0.998958
0.998998
0.999046
0.999089
0.999145
0.999197
0.999257
0.999317
0.999382
0.999447
0.999516
0.999585
0.999655
0.999725
0.999793
0.999863
0.999937
1.00001
1.00009
1.00017
1.00025
1.00032
1.0004
1.00047
1.00055
1.00062
1.00068
1.00075
1.00079
1.00085
1.00089
1.00093
1.00096
1.00099
1.00102
1.00104
1.00106
1.00108
1.00109
1.00111
1.00111
1.00112
1.00113
1.00113
1.00113
1.00113
1.00114
1.00113
1.00113
1.00113
1.00113
1.00113
1.00112
1.00112
1.00112
1.00111
1.00111
1.0011
1.0011
1.0011
1.00109
1.00109
1.00108
1.00108
1.00107
1.00107
1.00107
1.00106
1.00106
1.00105
1.00105
1.00105
1.00104
1.00104
1.00103
1.00103
1.00102
1.00102
1.00102
1.00101
1.00101
1.001
1.001
1.00099
1.00098
1.00098
1.00097
1.00097
1.00096
1.00096
1.00095
1.00094
1.00094
1.00093
1.00092
1.00092
1.00091
1.0009
1.0009
1.00089
1.00088
1.00088
1.00087
1.00087
1.00086
1.00085
1.00084
1.00084
1.00083
1.00082
1.00082
1.00081
1.0008
1.00079
1.00079
1.00078
1.00077
1.00076
1.00076
1.00075
1.00074
1.00073
1.00073
1.00072
1.00071
1.0007
1.0007
1.00069
1.00068
1.00068
1.00067
1.00066
1.00065
1.00065
1.00064
1.00063
1.00063
1.00062
1.00061
1.0006
1.0006
1.00059
1.00058
1.00058
1.00057
1.00056
1.00055
1.00055
1.00054
1.00053
1.00053
1.00052
1.00051
1.00051
1.0005
1.00049
1.00049
1.00048
1.00047
1.00046
1.00046
1.00045
1.00044
1.00044
1.00043
1.00042
1.00042
1.00041
1.0004
1.0004
1.00039
1.00038
1.00038
1.00037
1.00036
1.00036
1.00035
1.00034
1.00034
1.00033
1.00033
1.00032
1.00031
1.00031
1.0003
1.00029
1.00029
1.00028
1.00027
1.00027
1.00026
1.00025
1.00025
1.00024
1.00024
1.00023
1.00022
1.00022
1.00021
1.0002
1.0002
1.00019
1.00018
1.00018
1.00017
1.00017
1.00016
1.00015
1.00015
1.00014
1.00013
1.00013
1.00012
1.00012
1.00011
1.0001
1.0001
1.00009
1.00008
1.00008
1.00007
1.00007
1.00006
1.00005
1.00005
1.00004
1.00003
1.00003
1.00002
1.00002
1.00001
1
0.998695
0.998686
0.998684
0.998686
0.998689
0.998692
0.998696
0.9987
0.998707
0.998717
0.998733
0.998753
0.998778
0.998807
0.998837
0.998868
0.998901
0.998935
0.998971
0.999008
0.999052
0.99909
0.99914
0.999186
0.99924
0.999294
0.999353
0.999415
0.999481
0.999549
0.999622
0.999698
0.999779
0.99986
0.999942
1.00002
1.00011
1.00019
1.00026
1.00034
1.00041
1.00049
1.00055
1.00062
1.00067
1.00074
1.00078
1.00083
1.00087
1.00092
1.00095
1.00098
1.00101
1.00103
1.00105
1.00107
1.00108
1.0011
1.00111
1.00111
1.00112
1.00112
1.00112
1.00112
1.00112
1.00112
1.00112
1.00112
1.00112
1.00112
1.00112
1.00111
1.00111
1.00111
1.0011
1.0011
1.0011
1.00109
1.00109
1.00108
1.00108
1.00108
1.00107
1.00107
1.00106
1.00106
1.00106
1.00105
1.00105
1.00105
1.00104
1.00104
1.00103
1.00103
1.00102
1.00102
1.00102
1.00101
1.00101
1.001
1.001
1.00099
1.00098
1.00098
1.00097
1.00097
1.00096
1.00096
1.00095
1.00094
1.00094
1.00093
1.00092
1.00092
1.00091
1.0009
1.0009
1.00089
1.00088
1.00088
1.00087
1.00086
1.00086
1.00085
1.00084
1.00084
1.00083
1.00082
1.00082
1.00081
1.0008
1.00079
1.00079
1.00078
1.00077
1.00076
1.00076
1.00075
1.00074
1.00073
1.00073
1.00072
1.00071
1.0007
1.0007
1.00069
1.00068
1.00068
1.00067
1.00066
1.00065
1.00065
1.00064
1.00063
1.00063
1.00062
1.00061
1.0006
1.0006
1.00059
1.00058
1.00057
1.00057
1.00056
1.00055
1.00055
1.00054
1.00053
1.00053
1.00052
1.00051
1.0005
1.0005
1.00049
1.00048
1.00048
1.00047
1.00046
1.00046
1.00045
1.00044
1.00044
1.00043
1.00042
1.00042
1.00041
1.0004
1.0004
1.00039
1.00038
1.00038
1.00037
1.00036
1.00036
1.00035
1.00034
1.00034
1.00033
1.00033
1.00032
1.00031
1.00031
1.0003
1.00029
1.00029
1.00028
1.00027
1.00027
1.00026
1.00025
1.00025
1.00024
1.00024
1.00023
1.00022
1.00022
1.00021
1.0002
1.0002
1.00019
1.00018
1.00018
1.00017
1.00017
1.00016
1.00015
1.00015
1.00014
1.00013
1.00013
1.00012
1.00012
1.00011
1.0001
1.0001
1.00009
1.00008
1.00008
1.00007
1.00007
1.00006
1.00005
1.00005
1.00004
1.00003
1.00003
1.00002
1.00002
1.00001
1
0.998672
0.998661
0.998668
0.998672
0.998677
0.998682
0.99869
0.998701
0.998714
0.998729
0.998745
0.998762
0.99878
0.9988
0.998823
0.99885
0.998881
0.998915
0.998952
0.998992
0.999037
0.999079
0.999132
0.999182
0.999238
0.999295
0.999357
0.99942
0.999487
0.999555
0.999626
0.999699
0.999774
0.999849
0.999927
1.00001
1.00008
1.00016
1.00024
1.00032
1.00039
1.00046
1.00053
1.0006
1.00066
1.00072
1.00077
1.00082
1.00086
1.0009
1.00093
1.00096
1.00099
1.00101
1.00103
1.00105
1.00106
1.00107
1.00108
1.00109
1.0011
1.00111
1.00111
1.00111
1.00112
1.00112
1.00112
1.00112
1.00112
1.00112
1.00111
1.00111
1.00111
1.00111
1.0011
1.0011
1.0011
1.00109
1.00109
1.00109
1.00108
1.00108
1.00107
1.00107
1.00107
1.00106
1.00106
1.00106
1.00105
1.00105
1.00104
1.00104
1.00104
1.00103
1.00103
1.00102
1.00102
1.00101
1.00101
1.001
1.001
1.00099
1.00099
1.00098
1.00098
1.00097
1.00096
1.00096
1.00095
1.00094
1.00094
1.00093
1.00093
1.00092
1.00091
1.00091
1.0009
1.00089
1.00089
1.00088
1.00087
1.00087
1.00086
1.00085
1.00084
1.00084
1.00083
1.00082
1.00082
1.00081
1.0008
1.00079
1.00079
1.00078
1.00077
1.00076
1.00076
1.00075
1.00074
1.00073
1.00073
1.00072
1.00071
1.0007
1.0007
1.00069
1.00068
1.00068
1.00067
1.00066
1.00065
1.00065
1.00064
1.00063
1.00063
1.00062
1.00061
1.0006
1.0006
1.00059
1.00058
1.00058
1.00057
1.00056
1.00055
1.00055
1.00054
1.00053
1.00053
1.00052
1.00051
1.00051
1.0005
1.00049
1.00049
1.00048
1.00047
1.00046
1.00046
1.00045
1.00044
1.00044
1.00043
1.00042
1.00042
1.00041
1.0004
1.0004
1.00039
1.00038
1.00038
1.00037
1.00036
1.00036
1.00035
1.00034
1.00034
1.00033
1.00033
1.00032
1.00031
1.00031
1.0003
1.00029
1.00029
1.00028
1.00027
1.00027
1.00026
1.00025
1.00025
1.00024
1.00024
1.00023
1.00022
1.00022
1.00021
1.0002
1.0002
1.00019
1.00018
1.00018
1.00017
1.00017
1.00016
1.00015
1.00015
1.00014
1.00013
1.00013
1.00012
1.00012
1.00011
1.0001
1.0001
1.00009
1.00008
1.00008
1.00007
1.00007
1.00006
1.00005
1.00005
1.00004
1.00003
1.00003
1.00002
1.00002
1.00001
1
0.99864
0.998649
0.998645
0.998653
0.998659
0.998667
0.998675
0.998684
0.998696
0.998709
0.998726
0.998746
0.998768
0.998794
0.998821
0.99885
0.998882
0.998917
0.998953
0.998993
0.999037
0.999078
0.999128
0.999177
0.999231
0.999287
0.999347
0.99941
0.999476
0.999546
0.999618
0.999692
0.999769
0.999847
0.999926
1.00001
1.00008
1.00016
1.00024
1.00031
1.00039
1.00046
1.00052
1.00059
1.00064
1.0007
1.00074
1.0008
1.00084
1.00088
1.00091
1.00094
1.00097
1.00099
1.00101
1.00103
1.00105
1.00106
1.00107
1.00107
1.00108
1.00108
1.00108
1.00109
1.00109
1.00109
1.00109
1.00109
1.00109
1.00109
1.00109
1.00109
1.00109
1.00109
1.00109
1.00109
1.00108
1.00108
1.00108
1.00108
1.00107
1.00107
1.00107
1.00106
1.00106
1.00106
1.00105
1.00105
1.00105
1.00104
1.00104
1.00104
1.00103
1.00103
1.00102
1.00102
1.00102
1.00101
1.00101
1.001
1.001
1.00099
1.00098
1.00098
1.00097
1.00097
1.00096
1.00096
1.00095
1.00094
1.00094
1.00093
1.00092
1.00092
1.00091
1.0009
1.0009
1.00089
1.00088
1.00088
1.00087
1.00086
1.00086
1.00085
1.00084
1.00084
1.00083
1.00082
1.00081
1.00081
1.0008
1.00079
1.00079
1.00078
1.00077
1.00076
1.00076
1.00075
1.00074
1.00073
1.00073
1.00072
1.00071
1.0007
1.0007
1.00069
1.00068
1.00068
1.00067
1.00066
1.00065
1.00065
1.00064
1.00063
1.00062
1.00062
1.00061
1.0006
1.0006
1.00059
1.00058
1.00057
1.00057
1.00056
1.00055
1.00055
1.00054
1.00053
1.00053
1.00052
1.00051
1.0005
1.0005
1.00049
1.00048
1.00048
1.00047
1.00046
1.00046
1.00045
1.00044
1.00044
1.00043
1.00042
1.00042
1.00041
1.0004
1.0004
1.00039
1.00038
1.00038
1.00037
1.00036
1.00036
1.00035
1.00034
1.00034
1.00033
1.00033
1.00032
1.00031
1.00031
1.0003
1.00029
1.00029
1.00028
1.00027
1.00027
1.00026
1.00025
1.00025
1.00024
1.00024
1.00023
1.00022
1.00022
1.00021
1.0002
1.0002
1.00019
1.00018
1.00018
1.00017
1.00017
1.00016
1.00015
1.00015
1.00014
1.00013
1.00013
1.00012
1.00012
1.00011
1.0001
1.0001
1.00009
1.00008
1.00008
1.00007
1.00007
1.00006
1.00005
1.00005
1.00004
1.00003
1.00003
1.00002
1.00001
1.00001
1
0.998566
0.998586
0.998621
0.998633
0.998648
0.998659
0.998671
0.998682
0.998696
0.998711
0.998728
0.998747
0.998768
0.998791
0.998818
0.998846
0.998878
0.998913
0.99895
0.998993
0.999032
0.999081
0.999129
0.99918
0.999236
0.999293
0.999354
0.999417
0.999483
0.999551
0.999622
0.999694
0.999768
0.999844
0.999921
0.999998
1.00007
1.00015
1.00023
1.0003
1.00037
1.00044
1.00051
1.00057
1.00062
1.00068
1.00072
1.00077
1.0008
1.00084
1.00087
1.00089
1.00092
1.00094
1.00096
1.00098
1.001
1.00101
1.00103
1.00104
1.00105
1.00106
1.00107
1.00108
1.00108
1.00109
1.00109
1.00109
1.00109
1.00109
1.00109
1.00109
1.00109
1.00109
1.00109
1.00109
1.00109
1.00109
1.00109
1.00108
1.00108
1.00108
1.00108
1.00107
1.00107
1.00107
1.00106
1.00106
1.00106
1.00105
1.00105
1.00105
1.00104
1.00104
1.00103
1.00103
1.00102
1.00102
1.00101
1.00101
1.001
1.001
1.00099
1.00099
1.00098
1.00097
1.00097
1.00096
1.00096
1.00095
1.00094
1.00094
1.00093
1.00092
1.00092
1.00091
1.0009
1.0009
1.00089
1.00088
1.00087
1.00087
1.00086
1.00085
1.00085
1.00084
1.00083
1.00082
1.00082
1.00081
1.0008
1.00079
1.00079
1.00078
1.00077
1.00076
1.00076
1.00075
1.00074
1.00073
1.00073
1.00072
1.00071
1.00071
1.0007
1.00069
1.00068
1.00068
1.00067
1.00066
1.00065
1.00065
1.00064
1.00063
1.00063
1.00062
1.00061
1.0006
1.0006
1.00059
1.00058
1.00058
1.00057
1.00056
1.00055
1.00055
1.00054
1.00053
1.00053
1.00052
1.00051
1.0005
1.0005
1.00049
1.00049
1.00048
1.00047
1.00047
1.00046
1.00045
1.00044
1.00044
1.00043
1.00042
1.00042
1.00041
1.0004
1.0004
1.00039
1.00038
1.00038
1.00037
1.00036
1.00036
1.00035
1.00034
1.00034
1.00033
1.00033
1.00032
1.00031
1.00031
1.0003
1.00029
1.00029
1.00028
1.00027
1.00027
1.00026
1.00025
1.00025
1.00024
1.00024
1.00023
1.00022
1.00022
1.00021
1.0002
1.0002
1.00019
1.00018
1.00018
1.00017
1.00017
1.00016
1.00015
1.00015
1.00014
1.00013
1.00013
1.00012
1.00012
1.00011
1.0001
1.0001
1.00009
1.00008
1.00008
1.00007
1.00007
1.00006
1.00005
1.00005
1.00004
1.00003
1.00003
1.00002
1.00001
1.00001
1
0.998464
0.998577
0.998586
0.99863
0.998643
0.998659
0.99867
0.998683
0.998697
0.998712
0.99873
0.99875
0.998772
0.998797
0.998824
0.998855
0.998887
0.998923
0.998959
0.999002
0.999039
0.999089
0.999135
0.999186
0.99924
0.999297
0.999357
0.999421
0.999487
0.999557
0.999629
0.999702
0.999776
0.999851
0.999928
1
1.00008
1.00015
1.00022
1.00029
1.00035
1.00041
1.00047
1.00053
1.00058
1.00064
1.00068
1.00074
1.00078
1.00082
1.00085
1.00088
1.00091
1.00093
1.00095
1.00097
1.00098
1.00099
1.001
1.00101
1.00101
1.00101
1.00102
1.00103
1.00103
1.00104
1.00104
1.00104
1.00105
1.00105
1.00105
1.00105
1.00106
1.00106
1.00106
1.00106
1.00106
1.00106
1.00106
1.00106
1.00106
1.00106
1.00106
1.00106
1.00105
1.00105
1.00105
1.00105
1.00104
1.00104
1.00104
1.00103
1.00103
1.00103
1.00102
1.00102
1.00101
1.00101
1.001
1.001
1.00099
1.00099
1.00098
1.00098
1.00097
1.00097
1.00096
1.00095
1.00095
1.00094
1.00094
1.00093
1.00092
1.00092
1.00091
1.0009
1.0009
1.00089
1.00088
1.00088
1.00087
1.00086
1.00086
1.00085
1.00084
1.00084
1.00083
1.00082
1.00081
1.00081
1.0008
1.00079
1.00078
1.00078
1.00077
1.00076
1.00075
1.00075
1.00074
1.00073
1.00072
1.00072
1.00071
1.0007
1.0007
1.00069
1.00068
1.00067
1.00067
1.00066
1.00065
1.00065
1.00064
1.00063
1.00062
1.00062
1.00061
1.0006
1.0006
1.00059
1.00058
1.00057
1.00057
1.00056
1.00055
1.00055
1.00054
1.00053
1.00053
1.00052
1.00051
1.0005
1.0005
1.00049
1.00048
1.00048
1.00047
1.00046
1.00046
1.00045
1.00044
1.00044
1.00043
1.00042
1.00042
1.00041
1.0004
1.0004
1.00039
1.00038
1.00038
1.00037
1.00036
1.00036
1.00035
1.00034
1.00034
1.00033
1.00033
1.00032
1.00031
1.00031
1.0003
1.00029
1.00029
1.00028
1.00027
1.00027
1.00026
1.00025
1.00025
1.00024
1.00024
1.00023
1.00022
1.00022
1.00021
1.0002
1.0002
1.00019
1.00018
1.00018
1.00017
1.00017
1.00016
1.00015
1.00015
1.00014
1.00013
1.00013
1.00012
1.00012
1.00011
1.0001
1.0001
1.00009
1.00008
1.00008
1.00007
1.00007
1.00006
1.00005
1.00005
1.00004
1.00003
1.00003
1.00002
1.00001
1.00001
1
0.998232
0.99855
0.998579
0.998638
0.998656
0.998672
0.998683
0.998695
0.998707
0.998722
0.998738
0.998757
0.998779
0.998803
0.99883
0.99886
0.998893
0.99893
0.998968
0.999015
0.999053
0.999108
0.999155
0.999208
0.999264
0.999323
0.999383
0.999447
0.99951
0.999574
0.999639
0.999706
0.999776
0.999847
0.999919
0.99999
1.00006
1.00014
1.00021
1.00028
1.00035
1.00041
1.00047
1.00052
1.00057
1.00061
1.00064
1.00068
1.0007
1.00073
1.00076
1.00079
1.00082
1.00084
1.00086
1.00088
1.00091
1.00093
1.00095
1.00098
1.001
1.00101
1.00102
1.00103
1.00104
1.00105
1.00105
1.00106
1.00106
1.00107
1.00107
1.00107
1.00108
1.00108
1.00108
1.00108
1.00109
1.00109
1.00109
1.00109
1.00109
1.00108
1.00108
1.00108
1.00108
1.00108
1.00107
1.00107
1.00107
1.00106
1.00106
1.00106
1.00105
1.00105
1.00104
1.00104
1.00103
1.00103
1.00102
1.00102
1.00101
1.00101
1.001
1.00099
1.00099
1.00098
1.00098
1.00097
1.00096
1.00096
1.00095
1.00094
1.00094
1.00093
1.00092
1.00091
1.00091
1.0009
1.00089
1.00089
1.00088
1.00087
1.00086
1.00086
1.00085
1.00084
1.00083
1.00083
1.00082
1.00081
1.0008
1.0008
1.00079
1.00078
1.00077
1.00077
1.00076
1.00075
1.00074
1.00074
1.00073
1.00072
1.00071
1.00071
1.0007
1.00069
1.00069
1.00068
1.00067
1.00066
1.00066
1.00065
1.00064
1.00063
1.00063
1.00062
1.00061
1.0006
1.0006
1.00059
1.00058
1.00058
1.00057
1.00056
1.00055
1.00055
1.00054
1.00053
1.00053
1.00052
1.00051
1.0005
1.0005
1.00049
1.00049
1.00048
1.00047
1.00047
1.00046
1.00045
1.00045
1.00044
1.00043
1.00042
1.00042
1.00041
1.0004
1.0004
1.00039
1.00038
1.00038
1.00037
1.00036
1.00036
1.00035
1.00034
1.00034
1.00033
1.00033
1.00032
1.00031
1.00031
1.0003
1.00029
1.00029
1.00028
1.00027
1.00027
1.00026
1.00026
1.00025
1.00024
1.00024
1.00023
1.00022
1.00022
1.00021
1.0002
1.0002
1.00019
1.00018
1.00018
1.00017
1.00017
1.00016
1.00015
1.00015
1.00014
1.00013
1.00013
1.00012
1.00012
1.00011
1.0001
1.0001
1.00009
1.00008
1.00008
1.00007
1.00007
1.00006
1.00005
1.00005
1.00004
1.00003
1.00003
1.00002
1.00001
1.00001
1
0.99977
0.999621
0.999539
0.99941
0.999286
0.999149
0.999003
0.998839
0.998686
0.998487
0.999804
0.999635
0.99954
0.999418
0.999289
0.999155
0.999012
0.998855
0.998701
0.998542
0.999831
0.999662
0.999557
0.999442
0.999316
0.999188
0.999056
0.99892
0.998798
0.998697
0.999875
0.999705
0.999589
0.999477
0.999357
0.999236
0.999115
0.998995
0.998885
0.998796
0.999931
0.999762
0.999645
0.999541
0.999427
0.999317
0.999212
0.999115
0.999032
0.998968
0.999977
0.999807
0.99969
0.999592
0.999481
0.999377
0.999278
0.999184
0.999099
0.999027
1.00002
0.999849
0.999739
0.99965
0.999541
0.999443
0.999351
0.999265
0.999189
0.999125
1.00004
0.999872
0.999776
0.999684
0.999577
0.999483
0.999393
0.999308
0.999231
0.999163
1.00005
0.999887
0.999801
0.999702
0.9996
0.999507
0.999417
0.999333
0.999257
0.999189
1.00003
0.999887
0.999807
0.999703
0.999607
0.999512
0.999421
0.999337
0.999259
0.99919
0.998423
0.998586
0.99861
0.998648
0.998668
0.998683
0.998697
0.99871
0.998724
0.99874
0.998758
0.998779
0.998803
0.998829
0.998858
0.99889
0.998924
0.998959
0.998994
0.999035
0.999067
0.99912
0.999165
0.999216
0.999271
0.999328
0.999389
0.999454
0.999524
0.999597
0.999668
0.99974
0.999811
0.999882
0.999954
1.00002
1.00008
1.00013
1.00018
1.00023
1.00028
1.00034
1.00039
1.00044
1.0005
1.00056
1.00061
1.00067
1.00071
1.00074
1.00077
1.0008
1.00083
1.00085
1.00087
1.00089
1.0009
1.00091
1.00092
1.00092
1.00093
1.00094
1.00095
1.00096
1.00097
1.00098
1.00099
1.001
1.00101
1.00101
1.00102
1.00102
1.00103
1.00103
1.00104
1.00104
1.00105
1.00105
1.00105
1.00105
1.00105
1.00105
1.00105
1.00105
1.00105
1.00105
1.00105
1.00105
1.00105
1.00104
1.00104
1.00104
1.00103
1.00103
1.00103
1.00102
1.00102
1.00101
1.00101
1.001
1.001
1.00099
1.00099
1.00098
1.00098
1.00097
1.00096
1.00096
1.00095
1.00095
1.00094
1.00093
1.00093
1.00092
1.00091
1.00091
1.0009
1.00089
1.00088
1.00088
1.00087
1.00086
1.00086
1.00085
1.00084
1.00084
1.00083
1.00082
1.00081
1.00081
1.0008
1.00079
1.00078
1.00078
1.00077
1.00076
1.00075
1.00075
1.00074
1.00073
1.00073
1.00072
1.00071
1.0007
1.0007
1.00069
1.00068
1.00067
1.00067
1.00066
1.00065
1.00065
1.00064
1.00063
1.00062
1.00062
1.00061
1.0006
1.0006
1.00059
1.00058
1.00057
1.00057
1.00056
1.00055
1.00055
1.00054
1.00053
1.00053
1.00052
1.00051
1.0005
1.0005
1.00049
1.00048
1.00048
1.00047
1.00046
1.00046
1.00045
1.00044
1.00044
1.00043
1.00042
1.00042
1.00041
1.0004
1.0004
1.00039
1.00038
1.00038
1.00037
1.00036
1.00036
1.00035
1.00034
1.00034
1.00033
1.00033
1.00032
1.00031
1.00031
1.0003
1.00029
1.00029
1.00028
1.00027
1.00027
1.00026
1.00025
1.00025
1.00024
1.00024
1.00023
1.00022
1.00022
1.00021
1.0002
1.0002
1.00019
1.00018
1.00018
1.00017
1.00017
1.00016
1.00015
1.00015
1.00014
1.00013
1.00013
1.00012
1.00012
1.00011
1.0001
1.0001
1.00009
1.00008
1.00008
1.00007
1.00007
1.00006
1.00005
1.00005
1.00004
1.00003
1.00003
1.00002
1.00001
1.00001
1
0.998471
0.998587
0.998619
0.998652
0.998676
0.998691
0.998705
0.998718
0.998732
0.998748
0.998766
0.998786
0.998809
0.998835
0.998864
0.998897
0.998933
0.998977
0.999024
0.999075
0.999115
0.999174
0.999225
0.999279
0.999337
0.999395
0.999453
0.999509
0.999556
0.999601
0.999655
0.999713
0.999775
0.999838
0.999906
0.999977
1.00006
1.00014
1.00022
1.00029
1.00034
1.00039
1.00044
1.00048
1.00051
1.00054
1.00055
1.00058
1.0006
1.00063
1.00066
1.00069
1.00072
1.00074
1.00077
1.00079
1.00081
1.00084
1.00086
1.00089
1.00091
1.00093
1.00094
1.00096
1.00097
1.00098
1.00099
1.001
1.00101
1.00102
1.00103
1.00103
1.00104
1.00105
1.00105
1.00106
1.00106
1.00106
1.00107
1.00107
1.00107
1.00107
1.00107
1.00107
1.00107
1.00107
1.00107
1.00107
1.00106
1.00106
1.00106
1.00105
1.00105
1.00105
1.00104
1.00104
1.00103
1.00103
1.00102
1.00102
1.00101
1.00101
1.001
1.00099
1.00099
1.00098
1.00098
1.00097
1.00096
1.00096
1.00095
1.00094
1.00094
1.00093
1.00092
1.00091
1.00091
1.0009
1.00089
1.00089
1.00088
1.00087
1.00086
1.00085
1.00085
1.00084
1.00083
1.00083
1.00082
1.00081
1.0008
1.0008
1.00079
1.00078
1.00077
1.00077
1.00076
1.00075
1.00074
1.00074
1.00073
1.00072
1.00071
1.00071
1.0007
1.00069
1.00068
1.00068
1.00067
1.00066
1.00066
1.00065
1.00064
1.00063
1.00063
1.00062
1.00061
1.0006
1.0006
1.00059
1.00058
1.00058
1.00057
1.00056
1.00055
1.00055
1.00054
1.00053
1.00053
1.00052
1.00051
1.00051
1.0005
1.00049
1.00049
1.00048
1.00047
1.00047
1.00046
1.00045
1.00044
1.00044
1.00043
1.00042
1.00042
1.00041
1.0004
1.0004
1.00039
1.00038
1.00038
1.00037
1.00036
1.00036
1.00035
1.00034
1.00034
1.00033
1.00033
1.00032
1.00031
1.00031
1.0003
1.00029
1.00029
1.00028
1.00027
1.00027
1.00026
1.00025
1.00025
1.00024
1.00024
1.00023
1.00022
1.00022
1.00021
1.0002
1.0002
1.00019
1.00018
1.00018
1.00017
1.00017
1.00016
1.00015
1.00015
1.00014
1.00013
1.00013
1.00012
1.00012
1.00011
1.0001
1.0001
1.00009
1.00008
1.00008
1.00007
1.00007
1.00006
1.00005
1.00005
1.00004
1.00003
1.00003
1.00002
1.00001
1.00001
1
0.998654
0.998676
0.998698
0.998719
0.998735
0.998749
0.998762
0.998776
0.998791
0.998809
0.998829
0.998852
0.998878
0.998907
0.998939
0.998972
0.999003
0.999032
0.999049
0.999081
0.999111
0.999166
0.999209
0.999259
0.999314
0.999372
0.999439
0.999514
0.999613
0.999696
0.999764
0.999825
0.999886
0.999946
1
1.00005
1.00008
1.00011
1.00014
1.00018
1.00023
1.00027
1.00032
1.00036
1.00041
1.00046
1.0005
1.00055
1.00059
1.00063
1.00066
1.00069
1.00072
1.00074
1.00077
1.00079
1.00081
1.00083
1.00085
1.00086
1.00088
1.00089
1.00091
1.00092
1.00093
1.00095
1.00096
1.00097
1.00098
1.00099
1.001
1.00101
1.00102
1.00103
1.00103
1.00104
1.00104
1.00105
1.00105
1.00106
1.00106
1.00106
1.00106
1.00106
1.00106
1.00106
1.00106
1.00106
1.00106
1.00105
1.00105
1.00105
1.00104
1.00104
1.00104
1.00103
1.00103
1.00102
1.00102
1.00101
1.00101
1.001
1.001
1.00099
1.00098
1.00098
1.00097
1.00097
1.00096
1.00095
1.00095
1.00094
1.00093
1.00093
1.00092
1.00091
1.0009
1.0009
1.00089
1.00088
1.00087
1.00087
1.00086
1.00085
1.00084
1.00084
1.00083
1.00082
1.00082
1.00081
1.0008
1.00079
1.00079
1.00078
1.00077
1.00076
1.00076
1.00075
1.00074
1.00073
1.00073
1.00072
1.00071
1.00071
1.0007
1.00069
1.00068
1.00068
1.00067
1.00066
1.00065
1.00065
1.00064
1.00063
1.00062
1.00062
1.00061
1.0006
1.0006
1.00059
1.00058
1.00057
1.00057
1.00056
1.00055
1.00055
1.00054
1.00053
1.00053
1.00052
1.00051
1.00051
1.0005
1.00049
1.00049
1.00048
1.00047
1.00046
1.00046
1.00045
1.00044
1.00044
1.00043
1.00042
1.00042
1.00041
1.0004
1.0004
1.00039
1.00038
1.00038
1.00037
1.00036
1.00036
1.00035
1.00034
1.00034
1.00033
1.00033
1.00032
1.00031
1.00031
1.0003
1.00029
1.00029
1.00028
1.00027
1.00027
1.00026
1.00025
1.00025
1.00024
1.00024
1.00023
1.00022
1.00022
1.00021
1.0002
1.0002
1.00019
1.00018
1.00018
1.00017
1.00017
1.00016
1.00015
1.00015
1.00014
1.00013
1.00013
1.00012
1.00012
1.00011
1.0001
1.0001
1.00009
1.00008
1.00008
1.00007
1.00007
1.00006
1.00005
1.00005
1.00004
1.00003
1.00003
1.00002
1.00001
1.00001
1
0.998741
0.998723
0.998721
0.998728
0.998738
0.998749
0.998759
0.99877
0.998783
0.998797
0.998814
0.998834
0.998857
0.998884
0.998915
0.998956
0.999009
0.999082
0.999154
0.999204
0.99924
0.999303
0.999351
0.999403
0.999458
0.999508
0.999554
0.999589
0.999608
0.999636
0.999685
0.999738
0.999793
0.999847
0.999902
0.999959
1.00002
1.00009
1.00015
1.00021
1.00026
1.0003
1.00035
1.00039
1.00042
1.00046
1.00049
1.00052
1.00055
1.00057
1.0006
1.00063
1.00066
1.00069
1.00071
1.00074
1.00076
1.00079
1.00081
1.00083
1.00085
1.00087
1.00089
1.00091
1.00093
1.00094
1.00095
1.00097
1.00098
1.00099
1.001
1.00101
1.00102
1.00103
1.00103
1.00104
1.00105
1.00105
1.00106
1.00106
1.00106
1.00107
1.00107
1.00107
1.00107
1.00107
1.00107
1.00107
1.00106
1.00106
1.00106
1.00105
1.00105
1.00105
1.00104
1.00104
1.00103
1.00103
1.00102
1.00102
1.00101
1.00101
1.001
1.00099
1.00099
1.00098
1.00098
1.00097
1.00096
1.00096
1.00095
1.00094
1.00094
1.00093
1.00092
1.00092
1.00091
1.0009
1.00089
1.00089
1.00088
1.00087
1.00086
1.00085
1.00085
1.00084
1.00083
1.00083
1.00082
1.00081
1.0008
1.0008
1.00079
1.00078
1.00077
1.00077
1.00076
1.00075
1.00074
1.00074
1.00073
1.00072
1.00071
1.00071
1.0007
1.00069
1.00068
1.00068
1.00067
1.00066
1.00065
1.00065
1.00064
1.00063
1.00063
1.00062
1.00061
1.0006
1.0006
1.00059
1.00058
1.00058
1.00057
1.00056
1.00055
1.00055
1.00054
1.00053
1.00053
1.00052
1.00051
1.00051
1.0005
1.00049
1.00049
1.00048
1.00047
1.00047
1.00046
1.00045
1.00044
1.00044
1.00043
1.00042
1.00042
1.00041
1.0004
1.0004
1.00039
1.00038
1.00038
1.00037
1.00036
1.00036
1.00035
1.00034
1.00034
1.00033
1.00033
1.00032
1.00031
1.00031
1.0003
1.00029
1.00029
1.00028
1.00027
1.00027
1.00026
1.00025
1.00025
1.00024
1.00024
1.00023
1.00022
1.00022
1.00021
1.0002
1.0002
1.00019
1.00018
1.00018
1.00017
1.00017
1.00016
1.00015
1.00015
1.00014
1.00013
1.00013
1.00012
1.00012
1.00011
1.0001
1.0001
1.00009
1.00008
1.00008
1.00007
1.00007
1.00006
1.00005
1.00005
1.00004
1.00003
1.00003
1.00002
1.00001
1.00001
1
0.998926
0.998902
0.99889
0.998886
0.998885
0.998889
0.998896
0.998906
0.99892
0.998936
0.998956
0.99898
0.999006
0.999034
0.999062
0.999086
0.999104
0.999104
0.999107
0.999149
0.99918
0.999236
0.999279
0.999326
0.999376
0.999427
0.999481
0.99954
0.999607
0.999683
0.99975
0.99981
0.999866
0.99992
0.99997
1.00002
1.00006
1.0001
1.00014
1.00018
1.00022
1.00026
1.0003
1.00034
1.00038
1.00041
1.00045
1.00049
1.00052
1.00056
1.00059
1.00062
1.00065
1.00068
1.00071
1.00073
1.00076
1.00078
1.0008
1.00082
1.00084
1.00086
1.00088
1.00089
1.00091
1.00092
1.00094
1.00095
1.00097
1.00098
1.00099
1.001
1.00101
1.00102
1.00103
1.00103
1.00104
1.00105
1.00105
1.00106
1.00106
1.00106
1.00107
1.00107
1.00107
1.00107
1.00107
1.00106
1.00106
1.00106
1.00106
1.00105
1.00105
1.00105
1.00104
1.00104
1.00103
1.00103
1.00102
1.00102
1.00101
1.00101
1.001
1.00099
1.00099
1.00098
1.00098
1.00097
1.00096
1.00096
1.00095
1.00094
1.00094
1.00093
1.00092
1.00091
1.00091
1.0009
1.00089
1.00089
1.00088
1.00087
1.00086
1.00085
1.00085
1.00084
1.00083
1.00082
1.00082
1.00081
1.0008
1.00079
1.00079
1.00078
1.00077
1.00077
1.00076
1.00075
1.00074
1.00074
1.00073
1.00072
1.00071
1.00071
1.0007
1.00069
1.00068
1.00068
1.00067
1.00066
1.00065
1.00065
1.00064
1.00063
1.00063
1.00062
1.00061
1.0006
1.0006
1.00059
1.00058
1.00058
1.00057
1.00056
1.00055
1.00055
1.00054
1.00053
1.00053
1.00052
1.00051
1.00051
1.0005
1.00049
1.00049
1.00048
1.00047
1.00046
1.00046
1.00045
1.00044
1.00044
1.00043
1.00042
1.00042
1.00041
1.0004
1.0004
1.00039
1.00038
1.00038
1.00037
1.00036
1.00036
1.00035
1.00034
1.00034
1.00033
1.00033
1.00032
1.00031
1.00031
1.0003
1.00029
1.00029
1.00028
1.00027
1.00027
1.00026
1.00025
1.00025
1.00024
1.00024
1.00023
1.00022
1.00022
1.00021
1.0002
1.0002
1.00019
1.00018
1.00018
1.00017
1.00017
1.00016
1.00015
1.00015
1.00014
1.00013
1.00013
1.00012
1.00012
1.00011
1.0001
1.0001
1.00009
1.00008
1.00008
1.00007
1.00007
1.00006
1.00005
1.00005
1.00004
1.00003
1.00003
1.00002
1.00001
1.00001
1
0.99897
0.998928
0.998898
0.998879
0.998866
0.99886
0.998858
0.998861
0.998868
0.998878
0.998892
0.99891
0.99893
0.998955
0.998982
0.999015
0.999055
0.999102
0.999164
0.999226
0.999265
0.999326
0.999372
0.99942
0.999471
0.99952
0.999569
0.999616
0.999662
0.999701
0.999746
0.999793
0.999839
0.999886
0.999933
0.99998
1.00003
1.00007
1.00012
1.00017
1.00021
1.00025
1.0003
1.00033
1.00037
1.0004
1.00044
1.00047
1.00051
1.00054
1.00057
1.0006
1.00063
1.00066
1.00068
1.00071
1.00074
1.00076
1.00078
1.00081
1.00083
1.00085
1.00087
1.00089
1.0009
1.00092
1.00094
1.00095
1.00096
1.00098
1.00099
1.001
1.00101
1.00102
1.00103
1.00103
1.00104
1.00105
1.00105
1.00106
1.00106
1.00106
1.00107
1.00107
1.00107
1.00107
1.00107
1.00107
1.00107
1.00106
1.00106
1.00106
1.00105
1.00105
1.00105
1.00104
1.00103
1.00103
1.00103
1.00102
1.00101
1.00101
1.001
1.001
1.00099
1.00098
1.00098
1.00097
1.00097
1.00096
1.00095
1.00095
1.00094
1.00093
1.00092
1.00092
1.00091
1.0009
1.00089
1.00089
1.00088
1.00087
1.00086
1.00085
1.00085
1.00084
1.00083
1.00083
1.00082
1.00081
1.0008
1.0008
1.00079
1.00078
1.00077
1.00077
1.00076
1.00075
1.00074
1.00074
1.00073
1.00072
1.00071
1.00071
1.0007
1.00069
1.00068
1.00068
1.00067
1.00066
1.00065
1.00065
1.00064
1.00063
1.00063
1.00062
1.00061
1.0006
1.0006
1.00059
1.00058
1.00058
1.00057
1.00056
1.00055
1.00055
1.00054
1.00053
1.00053
1.00052
1.00051
1.00051
1.0005
1.00049
1.00049
1.00048
1.00047
1.00046
1.00046
1.00045
1.00044
1.00044
1.00043
1.00042
1.00042
1.00041
1.0004
1.0004
1.00039
1.00038
1.00038
1.00037
1.00036
1.00036
1.00035
1.00035
1.00034
1.00033
1.00033
1.00032
1.00031
1.00031
1.0003
1.00029
1.00029
1.00028
1.00027
1.00027
1.00026
1.00025
1.00025
1.00024
1.00024
1.00023
1.00022
1.00022
1.00021
1.0002
1.0002
1.00019
1.00018
1.00018
1.00017
1.00017
1.00016
1.00015
1.00015
1.00014
1.00013
1.00013
1.00012
1.00012
1.00011
1.0001
1.0001
1.00009
1.00008
1.00008
1.00007
1.00007
1.00006
1.00005
1.00005
1.00004
1.00003
1.00003
1.00002
1.00002
1.00001
1
0.999073
0.999032
0.999003
0.998982
0.998965
0.998955
0.998951
0.998951
0.998957
0.998968
0.998982
0.999001
0.999023
0.999048
0.999076
0.999107
0.999137
0.99917
0.999194
0.999232
0.999262
0.999312
0.999352
0.999398
0.999444
0.999492
0.99954
0.999591
0.999641
0.999695
0.999747
0.999798
0.999848
0.999897
0.999945
0.999991
1.00004
1.00008
1.00012
1.00016
1.0002
1.00024
1.00028
1.00032
1.00036
1.00039
1.00043
1.00046
1.0005
1.00053
1.00056
1.00059
1.00062
1.00065
1.00068
1.00071
1.00073
1.00076
1.00078
1.0008
1.00082
1.00084
1.00086
1.00088
1.0009
1.00092
1.00093
1.00095
1.00096
1.00097
1.00099
1.00099
1.00101
1.00102
1.00103
1.00103
1.00104
1.00105
1.00105
1.00106
1.00106
1.00106
1.00107
1.00107
1.00107
1.00107
1.00107
1.00107
1.00107
1.00106
1.00106
1.00106
1.00105
1.00105
1.00105
1.00104
1.00103
1.00103
1.00103
1.00102
1.00101
1.00101
1.001
1.001
1.00099
1.00098
1.00098
1.00097
1.00097
1.00096
1.00095
1.00095
1.00094
1.00093
1.00092
1.00092
1.00091
1.0009
1.00089
1.00089
1.00088
1.00087
1.00086
1.00085
1.00085
1.00084
1.00083
1.00083
1.00082
1.00081
1.0008
1.0008
1.00079
1.00078
1.00077
1.00077
1.00076
1.00075
1.00074
1.00074
1.00073
1.00072
1.00071
1.00071
1.0007
1.00069
1.00068
1.00068
1.00067
1.00066
1.00065
1.00065
1.00064
1.00063
1.00063
1.00062
1.00061
1.0006
1.0006
1.00059
1.00058
1.00058
1.00057
1.00056
1.00055
1.00055
1.00054
1.00053
1.00053
1.00052
1.00051
1.00051
1.0005
1.00049
1.00048
1.00048
1.00047
1.00046
1.00046
1.00045
1.00044
1.00044
1.00043
1.00042
1.00042
1.00041
1.0004
1.0004
1.00039
1.00038
1.00038
1.00037
1.00036
1.00036
1.00035
1.00035
1.00034
1.00033
1.00033
1.00032
1.00031
1.00031
1.0003
1.00029
1.00029
1.00028
1.00027
1.00027
1.00026
1.00025
1.00025
1.00024
1.00024
1.00023
1.00022
1.00022
1.00021
1.0002
1.0002
1.00019
1.00018
1.00018
1.00017
1.00017
1.00016
1.00015
1.00015
1.00014
1.00013
1.00013
1.00012
1.00012
1.00011
1.0001
1.0001
1.00009
1.00008
1.00008
1.00007
1.00007
1.00006
1.00005
1.00005
1.00004
1.00003
1.00003
1.00002
1.00002
1.00001
1
0.999104
0.999056
0.999016
0.998986
0.998964
0.998948
0.998939
0.998935
0.998938
0.998945
0.998957
0.998974
0.998994
0.999018
0.999045
0.999075
0.99911
0.999147
0.999188
0.999235
0.99927
0.999323
0.999366
0.999413
0.999461
0.999509
0.999557
0.999604
0.999652
0.999699
0.999746
0.999793
0.999839
0.999885
0.999931
0.999976
1.00002
1.00007
1.00011
1.00015
1.00019
1.00023
1.00028
1.00031
1.00035
1.00038
1.00042
1.00046
1.00049
1.00052
1.00056
1.00059
1.00062
1.00065
1.00067
1.0007
1.00073
1.00075
1.00078
1.0008
1.00082
1.00084
1.00086
1.00088
1.0009
1.00091
1.00093
1.00095
1.00096
1.00097
1.00099
1.001
1.00101
1.00102
1.00103
1.00103
1.00104
1.00105
1.00105
1.00106
1.00106
1.00107
1.00107
1.00107
1.00107
1.00107
1.00107
1.00107
1.00107
1.00106
1.00106
1.00106
1.00106
1.00105
1.00105
1.00104
1.00104
1.00103
1.00103
1.00102
1.00102
1.00101
1.001
1.001
1.00099
1.00099
1.00098
1.00097
1.00097
1.00096
1.00095
1.00095
1.00094
1.00093
1.00092
1.00092
1.00091
1.0009
1.00089
1.00089
1.00088
1.00087
1.00086
1.00086
1.00085
1.00084
1.00083
1.00083
1.00082
1.00081
1.0008
1.0008
1.00079
1.00078
1.00077
1.00077
1.00076
1.00075
1.00074
1.00074
1.00073
1.00072
1.00071
1.00071
1.0007
1.00069
1.00068
1.00068
1.00067
1.00066
1.00065
1.00065
1.00064
1.00063
1.00063
1.00062
1.00061
1.0006
1.0006
1.00059
1.00058
1.00058
1.00057
1.00056
1.00055
1.00055
1.00054
1.00053
1.00053
1.00052
1.00051
1.00051
1.0005
1.00049
1.00049
1.00048
1.00047
1.00047
1.00046
1.00045
1.00044
1.00044
1.00043
1.00042
1.00042
1.00041
1.0004
1.0004
1.00039
1.00038
1.00038
1.00037
1.00036
1.00036
1.00035
1.00035
1.00034
1.00033
1.00033
1.00032
1.00031
1.00031
1.0003
1.00029
1.00029
1.00028
1.00027
1.00027
1.00026
1.00025
1.00025
1.00024
1.00024
1.00023
1.00022
1.00022
1.00021
1.0002
1.0002
1.00019
1.00018
1.00018
1.00017
1.00017
1.00016
1.00015
1.00015
1.00014
1.00013
1.00013
1.00012
1.00012
1.00011
1.0001
1.0001
1.00009
1.00008
1.00008
1.00007
1.00007
1.00006
1.00005
1.00005
1.00004
1.00003
1.00003
1.00002
1.00002
1.00001
1
0.999131
0.999081
0.99904
0.999009
0.998985
0.998968
0.998958
0.998954
0.998956
0.998964
0.998975
0.998992
0.999012
0.999036
0.999063
0.999093
0.999125
0.999161
0.999195
0.999237
0.99927
0.999318
0.999359
0.999405
0.99945
0.999497
0.999545
0.999593
0.999641
0.99969
0.999739
0.999787
0.999835
0.999883
0.999929
0.999975
1.00002
1.00006
1.00011
1.00015
1.00019
1.00023
1.00027
1.00031
1.00035
1.00038
1.00042
1.00045
1.00049
1.00052
1.00055
1.00058
1.00061
1.00064
1.00067
1.0007
1.00073
1.00075
1.00077
1.0008
1.00082
1.00084
1.00086
1.00088
1.0009
1.00091
1.00093
1.00094
1.00096
1.00097
1.00099
1.001
1.00101
1.00102
1.00103
1.00103
1.00104
1.00105
1.00105
1.00106
1.00106
1.00107
1.00107
1.00107
1.00107
1.00107
1.00107
1.00107
1.00107
1.00107
1.00106
1.00106
1.00106
1.00105
1.00105
1.00104
1.00104
1.00103
1.00103
1.00102
1.00102
1.00101
1.001
1.001
1.00099
1.00099
1.00098
1.00097
1.00097
1.00096
1.00095
1.00095
1.00094
1.00093
1.00092
1.00092
1.00091
1.0009
1.00089
1.00089
1.00088
1.00087
1.00086
1.00086
1.00085
1.00084
1.00083
1.00083
1.00082
1.00081
1.0008
1.0008
1.00079
1.00078
1.00077
1.00077
1.00076
1.00075
1.00074
1.00074
1.00073
1.00072
1.00071
1.00071
1.0007
1.00069
1.00068
1.00068
1.00067
1.00066
1.00065
1.00065
1.00064
1.00063
1.00063
1.00062
1.00061
1.0006
1.0006
1.00059
1.00058
1.00058
1.00057
1.00056
1.00055
1.00055
1.00054
1.00053
1.00053
1.00052
1.00051
1.00051
1.0005
1.00049
1.00049
1.00048
1.00047
1.00047
1.00046
1.00045
1.00044
1.00044
1.00043
1.00042
1.00042
1.00041
1.0004
1.0004
1.00039
1.00038
1.00038
1.00037
1.00036
1.00036
1.00035
1.00035
1.00034
1.00033
1.00033
1.00032
1.00031
1.00031
1.0003
1.00029
1.00029
1.00028
1.00027
1.00027
1.00026
1.00025
1.00025
1.00024
1.00024
1.00023
1.00022
1.00022
1.00021
1.0002
1.0002
1.00019
1.00018
1.00018
1.00017
1.00017
1.00016
1.00015
1.00015
1.00014
1.00013
1.00013
1.00012
1.00012
1.00011
1.0001
1.0001
1.00009
1.00008
1.00008
1.00007
1.00007
1.00006
1.00005
1.00005
1.00004
1.00003
1.00003
1.00002
1.00002
1.00001
1
0.99913
0.999078
0.999034
0.998999
0.998973
0.998954
0.998942
0.998937
0.998938
0.998945
0.998957
0.998973
0.998993
0.999017
0.999044
0.999075
0.999107
0.999144
0.999179
0.999224
0.999259
0.999308
0.99935
0.999398
0.999444
0.999492
0.99954
0.999588
0.999636
0.999684
0.999732
0.99978
0.999827
0.999874
0.999921
0.999966
1.00001
1.00006
1.0001
1.00014
1.00018
1.00022
1.00027
1.0003
1.00034
1.00038
1.00042
1.00045
1.00049
1.00052
1.00055
1.00058
1.00061
1.00064
1.00067
1.0007
1.00072
1.00075
1.00077
1.0008
1.00082
1.00084
1.00086
1.00088
1.0009
1.00091
1.00093
1.00095
1.00096
1.00097
1.00099
1.001
1.00101
1.00102
1.00103
1.00104
1.00104
1.00105
1.00106
1.00106
1.00106
1.00107
1.00107
1.00107
1.00107
1.00107
1.00107
1.00107
1.00107
1.00107
1.00106
1.00106
1.00106
1.00105
1.00105
1.00104
1.00104
1.00103
1.00103
1.00102
1.00102
1.00101
1.00101
1.001
1.00099
1.00099
1.00098
1.00097
1.00097
1.00096
1.00095
1.00095
1.00094
1.00093
1.00092
1.00092
1.00091
1.0009
1.00089
1.00089
1.00088
1.00087
1.00086
1.00086
1.00085
1.00084
1.00083
1.00083
1.00082
1.00081
1.0008
1.0008
1.00079
1.00078
1.00077
1.00077
1.00076
1.00075
1.00074
1.00074
1.00073
1.00072
1.00071
1.00071
1.0007
1.00069
1.00068
1.00068
1.00067
1.00066
1.00065
1.00065
1.00064
1.00063
1.00063
1.00062
1.00061
1.0006
1.0006
1.00059
1.00058
1.00058
1.00057
1.00056
1.00055
1.00055
1.00054
1.00053
1.00053
1.00052
1.00051
1.00051
1.0005
1.00049
1.00049
1.00048
1.00047
1.00047
1.00046
1.00045
1.00044
1.00044
1.00043
1.00042
1.00042
1.00041
1.0004
1.0004
1.00039
1.00038
1.00038
1.00037
1.00036
1.00036
1.00035
1.00035
1.00034
1.00033
1.00033
1.00032
1.00031
1.00031
1.0003
1.00029
1.00029
1.00028
1.00027
1.00027
1.00026
1.00025
1.00025
1.00024
1.00024
1.00023
1.00022
1.00022
1.00021
1.0002
1.0002
1.00019
1.00018
1.00018
1.00017
1.00017
1.00016
1.00015
1.00015
1.00014
1.00013
1.00013
1.00012
1.00012
1.00011
1.0001
1.0001
1.00009
1.00008
1.00008
1.00007
1.00007
1.00006
1.00005
1.00005
1.00004
1.00003
1.00003
1.00002
1.00002
1.00001
1
)
;

boundaryField
{
    inlet
    {
        type            zeroGradient;
    }
    outlet
    {
        type            totalPressure;
        rho             rho;
        psi             none;
        gamma           1;
        p0              uniform 1;
        value           uniform 1;
    }
    walls
    {
        type            zeroGradient;
    }
    symwall
    {
        type            empty;
    }
}


// ************************************************************************* //
