/*--------------------------------*- C++ -*----------------------------------*\
| =========                 |                                                 |
| \\      /  F ield         | OpenFOAM: The Open Source CFD Toolbox           |
|  \\    /   O peration     | Version:  2312                                  |
|   \\  /    A nd           | Website:  www.openfoam.com                      |
|    \\/     M anipulation  |                                                 |
\*---------------------------------------------------------------------------*/
FoamFile
{
    version     2.0;
    format      ascii;
    arch        "LSB;label=64;scalar=64";
    class       volScalarField;
    location    "0.3";
    object      CO2;
}
// * * * * * * * * * * * * * * * * * * * * * * * * * * * * * * * * * * * * * //

dimensions      [0 0 0 0 0 0 0];

internalField   nonuniform List<scalar> 
4000
(
0.000195733
0.000635892
0.00113235
0.00169184
0.0023215
0.00302885
0.00382173
0.00470824
0.0056966
0.00679506
0.00801167
0.00935421
0.0108299
0.0124453
0.0142059
0.0161164
0.0181799
0.0203981
0.0227712
0.0252977
0.0279742
0.0307958
0.0337555
0.0368449
0.0400539
0.043371
0.0467834
0.0502775
0.0538387
0.057452
0.0611022
0.0647738
0.0684519
0.0721218
0.0757693
0.0793813
0.0829453
0.0864501
0.0898856
0.0932426
0.0965133
0.099691
0.10277
0.105747
0.108617
0.111378
0.11403
0.11657
0.119001
0.121321
0.123534
0.12564
0.127641
0.129502
0.131267
0.132939
0.13452
0.136011
0.137414
0.138727
0.139946
0.14106
0.142049
0.142875
0.143471
0.143723
0.143433
0.142263
0.139629
0.134516
0.127088
0.118582
0.109687
0.100791
0.0921123
0.0837703
0.0758304
0.0683263
0.0612739
0.0546787
0.0485405
0.0428546
0.037614
0.032809
0.0284279
0.0244568
0.0208799
0.0176791
0.0148347
0.012325
0.0101269
0.00821603
0.00656721
0.00515493
0.00395386
0.00293928
0.00208759
0.00137666
0.000735784
0.000213822
0.000194344
0.000631392
0.0011244
0.00168013
0.0023057
0.00300861
0.0037967
0.00467804
0.00566087
0.00675343
0.00796385
0.00929991
0.0107689
0.0123775
0.0141312
0.0160348
0.0180915
0.0203031
0.0226699
0.0251904
0.0278615
0.0306781
0.0336336
0.0367195
0.0399258
0.0432411
0.0466526
0.0501466
0.0537086
0.0573237
0.0609764
0.0646515
0.0683338
0.0720085
0.0756615
0.0792794
0.0828499
0.0863615
0.089804
0.0931681
0.0964461
0.099631
0.102717
0.105701
0.108578
0.111346
0.114003
0.11655
0.118986
0.121312
0.123529
0.12564
0.127645
0.12951
0.131278
0.132952
0.134535
0.136029
0.137433
0.138748
0.139967
0.141081
0.142068
0.142889
0.143477
0.143715
0.143401
0.142189
0.139482
0.134248
0.126753
0.118211
0.1093
0.100399
0.0917211
0.0833853
0.0754548
0.0679626
0.060924
0.0543443
0.0482229
0.0425553
0.0373338
0.0325489
0.0281885
0.0242385
0.0206828
0.0175032
0.0146797
0.0121902
0.0100114
0.00811872
0.00648675
0.00508989
0.00390272
0.00290054
0.00205978
0.00135835
0.00072569
0.000210846
0.000192625
0.00062579
0.00111437
0.00166511
0.00228511
0.0029819
0.00376332
0.00463747
0.00561261
0.00669701
0.00789883
0.0092259
0.0106856
0.0122846
0.0140286
0.0159223
0.0179692
0.0201712
0.0225286
0.0250402
0.027703
0.0305119
0.0334606
0.0365406
0.0397421
0.0430536
0.0464627
0.0499555
0.0535177
0.0571342
0.0607897
0.0644688
0.0681562
0.0718372
0.0754975
0.0791237
0.0827031
0.0862244
0.089677
0.0930517
0.0963405
0.0995364
0.102634
0.105628
0.108516
0.111294
0.113962
0.116518
0.118963
0.121297
0.123523
0.12564
0.127652
0.129523
0.131297
0.132976
0.134564
0.136061
0.137469
0.138785
0.140005
0.141118
0.142101
0.142915
0.143489
0.143701
0.143343
0.142056
0.139223
0.133774
0.126163
0.11756
0.108621
0.0997122
0.0910402
0.0827182
0.0748075
0.0673392
0.060328
0.0537785
0.0476896
0.0420562
0.0368705
0.0321223
0.0277992
0.0238867
0.0203683
0.0172253
0.0144371
0.0119814
0.0098344
0.00797124
0.0063663
0.0049938
0.00382824
0.0028449
0.00202026
0.00133238
0.000711801
0.000206803
0.000190713
0.000619571
0.00110328
0.00164851
0.00226238
0.00295241
0.00372644
0.0045926
0.00555918
0.00663448
0.00782667
0.00914365
0.0105928
0.012181
0.0139139
0.0157965
0.0178321
0.020023
0.0223697
0.024871
0.0275239
0.0303239
0.0332644
0.0363374
0.039533
0.0428399
0.0462458
0.0497368
0.0532987
0.0569165
0.0605747
0.0642579
0.067951
0.0716389
0.0753074
0.0789428
0.0825325
0.0860648
0.0895292
0.0929162
0.0962176
0.0994264
0.102537
0.105544
0.108444
0.111235
0.113915
0.116483
0.118939
0.121284
0.123519
0.125646
0.127665
0.129544
0.131325
0.13301
0.134603
0.136105
0.137516
0.138835
0.140057
0.141168
0.142146
0.14295
0.143505
0.143683
0.143268
0.141883
0.138884
0.13316
0.125399
0.116719
0.107746
0.0988295
0.0901665
0.0818647
0.0739818
0.0665471
0.0595738
0.0530656
0.0470205
0.0414331
0.0362949
0.031595
0.0273207
0.0234566
0.0199858
0.0168889
0.0141448
0.0117309
0.0096229
0.0077956
0.00622323
0.00487988
0.00374
0.00277894
0.00197334
0.00130148
0.000695217
0.000201965
0.000188882
0.000613622
0.00109267
0.00163264
0.00224061
0.00292406
0.00369083
0.00454905
0.00550702
0.00657307
0.00775542
0.00906203
0.0105004
0.0120773
0.0137987
0.0156696
0.0176935
0.0198728
0.0222082
0.0246985
0.0273411
0.0301315
0.0330633
0.0361287
0.0393178
0.0426197
0.0460218
0.0495108
0.0530721
0.0566908
0.0603516
0.064039
0.0677378
0.0714328
0.0751097
0.0787547
0.0823551
0.0858991
0.0893759
0.0927759
0.0960908
0.0993135
0.102438
0.105459
0.108373
0.111178
0.113871
0.116452
0.11892
0.121276
0.123522
0.125659
0.127684
0.129572
0.13136
0.133053
0.134652
0.136159
0.137574
0.138895
0.140117
0.141227
0.142199
0.14299
0.143522
0.143661
0.143179
0.141682
0.138493
0.132456
0.124526
0.115761
0.106751
0.0978282
0.0891778
0.0809012
0.0730523
0.065658
0.0587299
0.0522706
0.0462773
0.0407438
0.0356607
0.0310168
0.0267983
0.0229894
0.0195723
0.0165272
0.0138325
0.0114647
0.00939943
0.00761108
0.0060737
0.00476131
0.00364843
0.00271059
0.0019247
0.00126936
0.000678011
0.000196947
0.000187156
0.000608016
0.00108269
0.00161774
0.00222018
0.00289747
0.00365742
0.00450816
0.00545797
0.00651521
0.00768815
0.00898478
0.0104126
0.0119786
0.0136889
0.0155483
0.0175608
0.0197286
0.0220527
0.0245322
0.0271646
0.0299454
0.0328685
0.0359262
0.0391089
0.0424056
0.045804
0.0492907
0.0528513
0.056471
0.0601343
0.0638258
0.06753
0.0712321
0.0749174
0.078572
0.0821832
0.0857388
0.0892281
0.0926412
0.0959698
0.0992063
0.102345
0.10538
0.108308
0.111127
0.113833
0.116427
0.118908
0.121276
0.123533
0.12568
0.12771
0.129606
0.131403
0.133102
0.134707
0.136219
0.137638
0.138962
0.140184
0.14129
0.142255
0.143032
0.143538
0.143634
0.143078
0.141459
0.138065
0.1317
0.123597
0.114744
0.105699
0.0967724
0.088138
0.0798904
0.0720796
0.06473
0.0578514
0.0514455
0.0455083
0.0400328
0.0350089
0.0304244
0.026265
0.0225141
0.0191532
0.0161618
0.0135178
0.0111974
0.00917551
0.00742653
0.00592432
0.00464292
0.00355699
0.00264228
0.00187602
0.00123718
0.000660745
0.000191908
0.000185597
0.000602958
0.00107369
0.0016043
0.00220177
0.0028735
0.00362728
0.00447121
0.00541358
0.00646275
0.007627
0.00891438
0.0103325
0.0118883
0.013588
0.0154366
0.0174382
0.0195952
0.0219087
0.0243778
0.0270003
0.029772
0.0326868
0.0357371
0.0389135
0.0422053
0.0456
0.0490845
0.0526445
0.056265
0.0599307
0.0636261
0.0673358
0.0710446
0.074738
0.078402
0.0820236
0.0855906
0.089092
0.0925179
0.0958597
0.0991098
0.102262
0.105311
0.108253
0.111085
0.113804
0.116411
0.118904
0.121283
0.123551
0.125709
0.127742
0.129647
0.131451
0.133157
0.134768
0.136284
0.137706
0.139031
0.140253
0.141355
0.142312
0.143072
0.143549
0.143596
0.142958
0.141203
0.137583
0.130908
0.122641
0.11371
0.104635
0.0957087
0.0870935
0.0788777
0.0711074
0.0638047
0.0569777
0.0506268
0.0447473
0.039331
0.0343673
0.0298431
0.0257431
0.0220503
0.0187455
0.0158074
0.0132134
0.0109393
0.00895986
0.00724911
0.0057809
0.00452935
0.00346929
0.00257675
0.00182929
0.00120627
0.000644159
0.000187067
0.000184199
0.000598423
0.00106562
0.00159227
0.0021853
0.00285207
0.00360035
0.0044382
0.00537391
0.00641583
0.00757227
0.00885129
0.0102605
0.0118071
0.0134971
0.015336
0.0173275
0.0194746
0.0217782
0.0242378
0.0268512
0.0296143
0.0325214
0.0355649
0.0387355
0.0420226
0.0454141
0.0488966
0.052456
0.0560774
0.0597454
0.0634446
0.0671595
0.0708749
0.074576
0.0782489
0.0818804
0.0854582
0.0889711
0.0924092
0.0957635
0.0990265
0.102192
0.105254
0.108209
0.111053
0.113785
0.116403
0.118908
0.121298
0.123576
0.125743
0.12778
0.129692
0.131503
0.133215
0.134831
0.136351
0.137776
0.139102
0.140322
0.141419
0.142365
0.143106
0.143551
0.143541
0.142807
0.140888
0.136988
0.130071
0.121677
0.112686
0.103591
0.0946709
0.0860782
0.0778961
0.0701674
0.0629119
0.0561365
0.0498404
0.0440178
0.0386599
0.033755
0.0292894
0.0252473
0.0216106
0.0183596
0.0154725
0.0129263
0.0106962
0.0087569
0.00708222
0.00564603
0.00442253
0.00338677
0.00251505
0.00178526
0.00117712
0.000628513
0.0001825
0.000182968
0.00059443
0.00105852
0.00158169
0.00217081
0.00283322
0.00357665
0.00440915
0.00533899
0.00637451
0.00752403
0.00879564
0.010197
0.0117353
0.0134168
0.0152467
0.0172293
0.0193674
0.0216621
0.0241131
0.0267182
0.0294737
0.0323738
0.0354111
0.0385765
0.0418595
0.045248
0.0487288
0.0522878
0.0559101
0.0595805
0.0632833
0.0670031
0.0707246
0.0744331
0.0781143
0.0817551
0.0853429
0.0888666
0.092316
0.0956821
0.098957
0.102134
0.105209
0.108175
0.111032
0.113775
0.116404
0.118919
0.121319
0.123607
0.125782
0.127821
0.12974
0.131557
0.133275
0.134894
0.136418
0.137845
0.139171
0.140389
0.141481
0.142415
0.143136
0.143545
0.143474
0.142636
0.14054
0.136337
0.129229
0.120735
0.111699
0.102594
0.093684
0.085116
0.0769682
0.0692807
0.0620715
0.0553461
0.0491028
0.0433349
0.0380326
0.0331838
0.0287739
0.0247863
0.0212025
0.0180019
0.0151626
0.0126608
0.0104717
0.00856961
0.0069283
0.00552167
0.00432404
0.00331068
0.00245815
0.00174464
0.00115022
0.000614071
0.000178285
0.000181889
0.000590933
0.00105231
0.00157242
0.00215813
0.00281674
0.00355594
0.00438378
0.00530848
0.00633841
0.00748188
0.00874699
0.0101415
0.0116725
0.0133464
0.0151685
0.0171432
0.0192733
0.0215602
0.0240035
0.0266014
0.02935
0.032244
0.0352758
0.0384367
0.0417161
0.0451021
0.0485815
0.0521403
0.0557637
0.0594362
0.0631425
0.0668669
0.0705942
0.0743094
0.0779984
0.0816477
0.0852448
0.0887784
0.0922382
0.095615
0.0989008
0.102089
0.105174
0.108152
0.111019
0.113773
0.116412
0.118936
0.121345
0.123641
0.125824
0.127864
0.129789
0.131612
0.133334
0.134957
0.136483
0.137911
0.139237
0.140453
0.141539
0.142462
0.143162
0.143535
0.143404
0.142463
0.140194
0.135693
0.128422
0.119846
0.110774
0.101663
0.092766
0.0842231
0.0761089
0.0684611
0.061296
0.054618
0.0484243
0.0427076
0.0374574
0.0326607
0.0283024
0.0243652
0.0208301
0.017676
0.0148804
0.0124193
0.0102676
0.00839934
0.0067884
0.00540863
0.00423451
0.00324148
0.00240638
0.00170767
0.00112572
0.00060092
0.000174447
0.000180956
0.000587905
0.00104693
0.0015644
0.00214716
0.00280247
0.00353803
0.00436182
0.00528209
0.00630719
0.00744541
0.00870489
0.0100934
0.0116181
0.0132854
0.0151008
0.0170686
0.0191917
0.0214717
0.0239084
0.0265
0.0292427
0.0321313
0.0351585
0.0383155
0.0415918
0.0449757
0.048454
0.0520128
0.0556372
0.059312
0.0630215
0.0667502
0.0704828
0.0742042
0.0779002
0.0815573
0.0851629
0.0887055
0.0921746
0.095561
0.0988567
0.102055
0.10515
0.108137
0.111014
0.113776
0.116424
0.118957
0.121374
0.123677
0.125866
0.127908
0.129838
0.131665
0.133391
0.135018
0.136546
0.137975
0.1393
0.140513
0.141593
0.142504
0.143185
0.143525
0.143337
0.142301
0.13987
0.135094
0.127677
0.119028
0.109926
0.100812
0.0919279
0.0834094
0.0753271
0.0677165
0.0605924
0.0539582
0.0478103
0.0421407
0.0369381
0.0321891
0.0278777
0.0239864
0.0204953
0.0173832
0.0146271
0.0122027
0.0100845
0.00824674
0.00666303
0.00530735
0.00415429
0.00317948
0.00235998
0.00167453
0.00110375
0.000589123
0.000171003
0.000180153
0.000585302
0.0010423
0.00155751
0.00213773
0.00279022
0.00352264
0.00434298
0.00525944
0.00628039
0.00741412
0.00866878
0.0100521
0.0115714
0.0132331
0.0150426
0.0170045
0.0191217
0.0213959
0.0238269
0.026413
0.0291507
0.0320347
0.0350579
0.0382116
0.0414854
0.0448676
0.0483451
0.0519041
0.0555296
0.0592064
0.062919
0.0666516
0.070389
0.0741161
0.0778184
0.0814825
0.0850957
0.0886462
0.0921236
0.0955186
0.098823
0.10203
0.105134
0.10813
0.111014
0.113785
0.11644
0.11898
0.121404
0.123713
0.125908
0.127951
0.129886
0.131717
0.133446
0.135075
0.136604
0.138034
0.139358
0.140568
0.141642
0.142544
0.143206
0.143515
0.143275
0.142153
0.139576
0.134553
0.127005
0.11829
0.109163
0.100046
0.0911757
0.0826801
0.0746273
0.0670508
0.0599641
0.0533698
0.0472633
0.0416361
0.0364764
0.0317701
0.0275008
0.0236503
0.0201986
0.0171239
0.0144029
0.0120109
0.00992261
0.00811178
0.00655218
0.00521781
0.00408337
0.00312467
0.00231896
0.00164521
0.00108428
0.000578652
0.000167946
0.00017947
0.000583089
0.00103837
0.00155166
0.00212972
0.00277982
0.00350957
0.00432697
0.00524021
0.00625763
0.00738755
0.00863812
0.0100171
0.0115318
0.0131887
0.0149933
0.0169502
0.0190623
0.0213315
0.0237577
0.0263392
0.0290727
0.0319528
0.0349727
0.0381237
0.0413955
0.0447763
0.0482533
0.0518126
0.0554392
0.059118
0.0628333
0.0665695
0.0703112
0.0740433
0.0777513
0.0814216
0.0850413
0.0885989
0.0920836
0.0954861
0.0987981
0.102013
0.105124
0.108127
0.111019
0.113796
0.116458
0.119004
0.121434
0.123748
0.125947
0.127993
0.129932
0.131766
0.133497
0.135127
0.136658
0.138088
0.139411
0.140618
0.141687
0.142579
0.143225
0.143506
0.143221
0.142022
0.139315
0.134071
0.126407
0.117636
0.108487
0.0993698
0.0905117
0.0820371
0.074011
0.0664651
0.0594119
0.052853
0.0467834
0.0411938
0.036072
0.0314033
0.0271711
0.0233566
0.0199394
0.0168975
0.0142072
0.0118437
0.00978139
0.00799411
0.00645556
0.0051398
0.00402162
0.00307699
0.00228334
0.00161984
0.00106701
0.000569371
0.000165236
0.000178897
0.000581231
0.00103507
0.00154674
0.002123
0.00277108
0.0034986
0.00431354
0.00522407
0.00623855
0.00736527
0.00861241
0.00998775
0.0114986
0.0131515
0.014952
0.0169046
0.0190126
0.0212776
0.0236998
0.0262775
0.0290074
0.0318845
0.0349016
0.0380504
0.0413206
0.0447004
0.0481771
0.0517367
0.0553644
0.059045
0.0627628
0.0665022
0.0702477
0.0739841
0.077697
0.0813727
0.0849982
0.0885618
0.0920528
0.0954617
0.0987802
0.102001
0.105119
0.108128
0.111026
0.113809
0.116477
0.119028
0.121462
0.12378
0.125984
0.128033
0.129974
0.13181
0.133543
0.135175
0.136706
0.138136
0.139458
0.140663
0.141727
0.14261
0.143242
0.143499
0.143173
0.141907
0.139086
0.133652
0.125887
0.117067
0.1079
0.0987827
0.089936
0.0814801
0.0734776
0.0659586
0.0589348
0.0524069
0.0463694
0.0408125
0.0357236
0.0310876
0.0268874
0.023104
0.0197166
0.0167029
0.014039
0.0117
0.00966013
0.0078931
0.00637264
0.00507287
0.00396868
0.00303617
0.00225292
0.00159827
0.00105189
0.000561269
0.000162874
0.000178424
0.000579696
0.00103234
0.00154268
0.00211745
0.00276387
0.00348955
0.00430245
0.00521076
0.0062228
0.0073469
0.00859121
0.00996355
0.0114712
0.0131208
0.0149179
0.0168671
0.0189717
0.0212333
0.0236522
0.0262268
0.0289539
0.0318283
0.0348433
0.0379904
0.0412592
0.0446384
0.0481149
0.0516748
0.0553036
0.0589857
0.0627057
0.0664479
0.0701966
0.0739369
0.077654
0.0813342
0.0849646
0.0885333
0.0920297
0.095444
0.0987679
0.101994
0.105117
0.108132
0.111035
0.113823
0.116495
0.11905
0.121488
0.12381
0.126016
0.128068
0.130011
0.131849
0.133584
0.135216
0.136748
0.138178
0.139499
0.140701
0.141761
0.142637
0.143256
0.143493
0.143132
0.141808
0.138891
0.133294
0.125444
0.116583
0.107401
0.0982839
0.0894473
0.0810076
0.0730255
0.0655298
0.0585311
0.0520297
0.0460195
0.0404905
0.0354295
0.0308211
0.0266481
0.022891
0.0195288
0.016539
0.0138974
0.0115791
0.00955804
0.00780806
0.00630285
0.00501654
0.00392413
0.00300181
0.00222732
0.00158012
0.00103915
0.000554429
0.000160879
0.000178042
0.000578458
0.00103015
0.0015394
0.00211297
0.00275805
0.00348225
0.00429351
0.00520002
0.0062101
0.00733208
0.00857412
0.00994405
0.0114492
0.0130961
0.0148905
0.016837
0.0189388
0.0211977
0.0236139
0.0261861
0.0289109
0.0317833
0.0347967
0.0379423
0.0412102
0.0445888
0.0480653
0.0516256
0.0552553
0.0589388
0.0626607
0.0664051
0.0701566
0.0739
0.0776206
0.0813046
0.084939
0.088512
0.0920126
0.0954314
0.0987598
0.101991
0.105118
0.108137
0.111044
0.113836
0.116511
0.11907
0.121511
0.123836
0.126045
0.128098
0.130043
0.131883
0.133618
0.135252
0.136784
0.138213
0.139534
0.140734
0.14179
0.142659
0.143268
0.143488
0.143099
0.141727
0.138729
0.132997
0.125077
0.116182
0.106988
0.0978716
0.0890437
0.0806178
0.0726527
0.0651763
0.0581986
0.0517191
0.0457316
0.0402256
0.0351877
0.0306022
0.0264515
0.0227161
0.0193747
0.0164044
0.0137812
0.0114798
0.00947428
0.0077383
0.00624559
0.00497034
0.00388759
0.00297363
0.00220631
0.00156523
0.00102869
0.000548817
0.000159242
0.000177744
0.000577492
0.00102843
0.00153685
0.00210948
0.00275351
0.00347656
0.00428654
0.00519166
0.00620022
0.00732055
0.00856083
0.00992889
0.0114321
0.0130769
0.0148692
0.0168136
0.0189132
0.02117
0.0235843
0.0261546
0.0288776
0.0317485
0.0347606
0.0379052
0.0411724
0.0445506
0.0480271
0.0515878
0.0552182
0.0589029
0.0626263
0.0663726
0.0701263
0.0738721
0.0775955
0.0812825
0.0849201
0.0884964
0.0920005
0.0954228
0.0987547
0.101989
0.10512
0.108142
0.111052
0.113847
0.116525
0.119087
0.12153
0.123857
0.126068
0.128123
0.13007
0.13191
0.133646
0.13528
0.136813
0.138242
0.139561
0.14076
0.141813
0.142678
0.143278
0.143483
0.143071
0.141661
0.138599
0.13276
0.124785
0.115864
0.106659
0.0975441
0.0887233
0.0803085
0.0723571
0.0648962
0.0579351
0.0514732
0.0455037
0.040016
0.0349964
0.0304291
0.0262961
0.0225779
0.0192528
0.0162981
0.0136894
0.0114014
0.0094081
0.00768318
0.00620035
0.00493383
0.00385871
0.00295136
0.00218971
0.00155345
0.00102043
0.000544383
0.000157949
0.000177526
0.000576784
0.00102717
0.00153497
0.00210691
0.00275018
0.00347237
0.00428142
0.00518551
0.00619296
0.00731209
0.00855107
0.00991776
0.0114195
0.0130629
0.0148537
0.0167964
0.0188945
0.0211498
0.0235626
0.0261315
0.0288533
0.0317231
0.0347342
0.0378782
0.0411449
0.0445229
0.0479993
0.0515604
0.0551914
0.0588769
0.0626014
0.0663492
0.0701045
0.0738522
0.0775776
0.0812669
0.0849069
0.0884857
0.0919923
0.0954172
0.0987517
0.101989
0.105122
0.108146
0.111059
0.113856
0.116537
0.1191
0.121545
0.123874
0.126086
0.128142
0.13009
0.131931
0.133668
0.135302
0.136834
0.138263
0.139582
0.140779
0.14183
0.142691
0.143285
0.14348
0.143051
0.141612
0.138502
0.132583
0.124566
0.115625
0.106414
0.0972997
0.0884843
0.0800778
0.0721367
0.0646874
0.0577388
0.05129
0.0453341
0.03986
0.034854
0.0303002
0.0261805
0.022475
0.0191622
0.016219
0.0136211
0.0113431
0.00935888
0.00764219
0.00616671
0.00490667
0.00383723
0.0029348
0.00217737
0.0015447
0.0010143
0.000541092
0.000156988
0.00017738
0.000576314
0.00102634
0.00153373
0.00210521
0.00274798
0.00346961
0.00427805
0.00518146
0.00618818
0.00730652
0.00854467
0.00991046
0.0114113
0.0130537
0.0148434
0.0167852
0.0188823
0.0211366
0.0235485
0.0261165
0.0288375
0.0317066
0.0347171
0.0378605
0.041127
0.0445048
0.0479813
0.0515426
0.055174
0.0588601
0.0625854
0.066334
0.0700905
0.0738394
0.0775663
0.081257
0.0848985
0.088479
0.0919873
0.0954139
0.0987501
0.101989
0.105124
0.10815
0.111064
0.113863
0.116544
0.119109
0.121555
0.123885
0.126098
0.128155
0.130103
0.131945
0.133682
0.135317
0.136849
0.138278
0.139596
0.140793
0.141842
0.1427
0.14329
0.143479
0.143038
0.14158
0.138439
0.132466
0.124421
0.115467
0.106251
0.0971371
0.0883253
0.0799244
0.0719902
0.0645486
0.0576084
0.0511683
0.0452213
0.0397563
0.0347595
0.0302147
0.0261037
0.0224067
0.019102
0.0161665
0.0135757
0.0113043
0.0093262
0.00761497
0.00614436
0.00488863
0.00382296
0.00292379
0.00216916
0.00153887
0.00101022
0.000538902
0.00015635
0.000177308
0.000576078
0.00102592
0.00153311
0.00210437
0.00274688
0.00346824
0.00427638
0.00517946
0.00618582
0.00730378
0.00854151
0.00990687
0.0114072
0.0130491
0.0148384
0.0167797
0.0188763
0.0211301
0.0235415
0.0261091
0.0288297
0.0316984
0.0347086
0.0378519
0.0411182
0.044496
0.0479725
0.0515339
0.0551655
0.0588519
0.0625776
0.0663267
0.0700837
0.0738333
0.0775607
0.0812522
0.0848945
0.0884758
0.091985
0.0954124
0.0987494
0.101989
0.105125
0.108152
0.111066
0.113866
0.116548
0.119113
0.12156
0.123891
0.126105
0.128162
0.13011
0.131952
0.133689
0.135324
0.136857
0.138285
0.139603
0.140799
0.141848
0.142705
0.143293
0.143478
0.143031
0.141564
0.138406
0.132407
0.124348
0.115387
0.10617
0.0970557
0.0882457
0.0798476
0.0719169
0.0644791
0.0575431
0.0511074
0.0451649
0.0397044
0.0347121
0.0301718
0.0260653
0.0223725
0.0190719
0.0161402
0.013553
0.0112849
0.00930982
0.00760132
0.00613316
0.00487959
0.0038158
0.00291827
0.00216504
0.00153595
0.00100818
0.000537807
0.00015603
0.000177309
0.000576081
0.00102592
0.00153311
0.00210438
0.00274689
0.00346826
0.00427639
0.00517948
0.00618584
0.0073038
0.00854154
0.0099069
0.0114072
0.0130492
0.0148385
0.0167797
0.0188763
0.0211302
0.0235416
0.0261091
0.0288297
0.0316985
0.0347087
0.037852
0.0411183
0.044496
0.0479726
0.051534
0.0551655
0.058852
0.0625776
0.0663268
0.0700837
0.0738333
0.0775608
0.0812523
0.0848946
0.0884758
0.091985
0.0954124
0.0987495
0.101989
0.105125
0.108152
0.111066
0.113866
0.116548
0.119113
0.12156
0.123891
0.126105
0.128162
0.13011
0.131952
0.133689
0.135324
0.136857
0.138285
0.139603
0.140799
0.141848
0.142705
0.143293
0.143478
0.143031
0.141564
0.138406
0.132406
0.124348
0.115387
0.106169
0.0970554
0.0882455
0.0798474
0.0719167
0.064479
0.0575429
0.0511072
0.0451647
0.0397043
0.034712
0.0301717
0.0260652
0.0223724
0.0190718
0.0161401
0.013553
0.0112849
0.00930977
0.00760128
0.00613312
0.00487956
0.00381578
0.00291825
0.00216503
0.00153594
0.00100817
0.000537802
0.000156029
0.000177383
0.000576321
0.00102635
0.00153374
0.00210524
0.00274801
0.00346965
0.0042781
0.00518152
0.00618825
0.0073066
0.00854475
0.00991056
0.0114114
0.0130538
0.0148436
0.0167853
0.0188825
0.0211368
0.0235486
0.0261166
0.0288377
0.0317068
0.0347173
0.0378608
0.0411272
0.044505
0.0479815
0.0515428
0.0551742
0.0588603
0.0625856
0.0663343
0.0700907
0.0738397
0.0775665
0.0812572
0.0848987
0.0884792
0.0919875
0.095414
0.0987502
0.101989
0.105124
0.10815
0.111064
0.113863
0.116545
0.119109
0.121555
0.123885
0.126098
0.128155
0.130103
0.131945
0.133682
0.135317
0.136849
0.138278
0.139596
0.140793
0.141842
0.1427
0.14329
0.143479
0.143038
0.14158
0.138438
0.132465
0.124421
0.115466
0.106251
0.0971365
0.0883247
0.0799238
0.0719897
0.0645481
0.0576079
0.0511679
0.0452209
0.039756
0.0347591
0.0302143
0.0261034
0.0224065
0.0191018
0.0161663
0.0135755
0.0113042
0.00932605
0.00761483
0.00614425
0.00488854
0.00382288
0.00292373
0.00216911
0.00153884
0.0010102
0.000538889
0.000156346
0.000177529
0.000576796
0.00102719
0.001535
0.00210695
0.00275023
0.00347244
0.0042815
0.00518561
0.00619307
0.00731221
0.00855122
0.00991792
0.0114197
0.0130631
0.0148539
0.0167967
0.0188948
0.0211501
0.0235629
0.0261318
0.0288537
0.0317235
0.0347346
0.0378785
0.0411453
0.0445233
0.0479997
0.0515608
0.0551918
0.0588773
0.0626018
0.0663495
0.0701049
0.0738526
0.077578
0.0812672
0.0849072
0.088486
0.0919926
0.0954175
0.098752
0.101989
0.105122
0.108147
0.111059
0.113856
0.116537
0.1191
0.121545
0.123874
0.126086
0.128143
0.13009
0.131931
0.133668
0.135302
0.136835
0.138263
0.139582
0.14078
0.14183
0.142691
0.143285
0.14348
0.143051
0.141612
0.138502
0.132582
0.124565
0.115624
0.106413
0.0972987
0.0884833
0.0800769
0.0721358
0.0646866
0.057738
0.0512893
0.0453334
0.0398593
0.0348534
0.0302997
0.02618
0.0224746
0.0191618
0.0162186
0.0136207
0.0113428
0.00935862
0.00764197
0.00616652
0.00490652
0.00383711
0.0029347
0.00217729
0.00154464
0.00101426
0.00054107
0.000156982
0.000177749
0.000577509
0.00102846
0.00153689
0.00210953
0.00275359
0.00347665
0.00428666
0.00519179
0.00620037
0.00732073
0.00856103
0.00992912
0.0114323
0.0130772
0.0148696
0.0168139
0.0189136
0.0211704
0.0235847
0.026155
0.0288781
0.031749
0.034761
0.0379057
0.0411729
0.0445512
0.0480276
0.0515884
0.0552188
0.0589035
0.0626268
0.0663731
0.0701268
0.0738726
0.077596
0.081283
0.0849206
0.0884969
0.092001
0.0954232
0.0987551
0.101989
0.10512
0.108142
0.111052
0.113847
0.116526
0.119087
0.12153
0.123857
0.126068
0.128123
0.13007
0.13191
0.133646
0.13528
0.136813
0.138242
0.139562
0.14076
0.141813
0.142678
0.143278
0.143483
0.143071
0.141661
0.138599
0.132759
0.124784
0.115862
0.106658
0.0975427
0.088722
0.0803072
0.0723559
0.064895
0.057934
0.0514722
0.0455028
0.0400151
0.0349956
0.0304283
0.0262954
0.0225772
0.0192522
0.0162976
0.0136889
0.011401
0.00940774
0.00768287
0.00620009
0.00493361
0.00385853
0.00295122
0.00218961
0.00155337
0.00102038
0.000544354
0.00015794
0.000178048
0.000578479
0.00103018
0.00153946
0.00211304
0.00275815
0.00348237
0.00429365
0.00520019
0.0062103
0.00733231
0.00857438
0.00994435
0.0114495
0.0130965
0.0148909
0.0168374
0.0189392
0.0211982
0.0236145
0.0261867
0.0289115
0.031784
0.0347973
0.037943
0.0412109
0.0445895
0.048066
0.0516263
0.055256
0.0589395
0.0626614
0.0664058
0.0701573
0.0739006
0.0776212
0.0813052
0.0849396
0.0885125
0.0920132
0.0954319
0.0987603
0.101991
0.105118
0.108137
0.111044
0.113836
0.116512
0.11907
0.121511
0.123836
0.126045
0.128099
0.130044
0.131883
0.133618
0.135252
0.136784
0.138213
0.139534
0.140734
0.14179
0.142659
0.143268
0.143487
0.143098
0.141726
0.138728
0.132995
0.125075
0.116181
0.106986
0.0978698
0.089042
0.0806161
0.0726511
0.0651748
0.0581971
0.0517178
0.0457304
0.0402244
0.0351866
0.0306012
0.0264506
0.0227153
0.0193739
0.0164037
0.0137806
0.0114793
0.00947382
0.0077379
0.00624526
0.00497006
0.00388736
0.00297346
0.00220618
0.00156513
0.00102862
0.000548779
0.000159231
0.000178432
0.000579722
0.00103239
0.00154274
0.00211754
0.00276398
0.0034897
0.00430263
0.00521097
0.00622304
0.00734718
0.00859153
0.00996391
0.0114716
0.0131212
0.0149184
0.0168677
0.0189722
0.0212339
0.0236528
0.0262275
0.0289546
0.0318291
0.0348441
0.0379912
0.0412601
0.0446392
0.0481157
0.0516757
0.0553044
0.0589866
0.0627066
0.0664487
0.0701975
0.0739377
0.0776548
0.081335
0.0849654
0.0885341
0.0920303
0.0954446
0.0987685
0.101995
0.105118
0.108132
0.111035
0.113823
0.116495
0.11905
0.121488
0.12381
0.126017
0.128068
0.130012
0.131849
0.133584
0.135217
0.136748
0.138178
0.139499
0.140702
0.141761
0.142637
0.143256
0.143493
0.143132
0.141808
0.13889
0.133292
0.125442
0.116581
0.107398
0.0982817
0.0894452
0.0810056
0.0730236
0.0655279
0.0585294
0.0520281
0.046018
0.0404891
0.0354282
0.0308199
0.026647
0.02289
0.0195279
0.0165382
0.0138967
0.0115784
0.00955748
0.00780758
0.00630244
0.00501621
0.00392386
0.0030016
0.00222715
0.00158
0.00103906
0.000554381
0.000160865
0.000178907
0.000581262
0.00103513
0.00154682
0.00212311
0.00277122
0.00349878
0.00431375
0.00522432
0.00623884
0.00736561
0.00861278
0.00998818
0.0114991
0.013152
0.0149525
0.0169053
0.0190133
0.0212783
0.0237006
0.0262783
0.0290083
0.0318853
0.0349026
0.0380514
0.0413215
0.0447014
0.0481781
0.0517377
0.0553654
0.059046
0.0627638
0.0665032
0.0702486
0.0739851
0.077698
0.0813736
0.0849991
0.0885627
0.0920537
0.0954625
0.098781
0.102002
0.105119
0.108129
0.111027
0.11381
0.116477
0.119028
0.121462
0.123781
0.125984
0.128033
0.129974
0.13181
0.133543
0.135175
0.136706
0.138136
0.139459
0.140663
0.141727
0.14261
0.143241
0.143499
0.143173
0.141906
0.139085
0.13365
0.125885
0.117065
0.107897
0.0987801
0.0899335
0.0814777
0.0734753
0.0659565
0.0589328
0.052405
0.0463676
0.0408109
0.035722
0.0310861
0.0268861
0.0231028
0.0197156
0.0167019
0.0140382
0.0116993
0.00965948
0.00789253
0.00637217
0.00507247
0.00396836
0.00303591
0.00225272
0.00159813
0.00105179
0.000561214
0.000162858
0.000179481
0.000583125
0.00103844
0.00155175
0.00212985
0.00277998
0.00350978
0.00432721
0.0052405
0.00625797
0.00738794
0.00863855
0.0100176
0.0115323
0.0131893
0.014994
0.0169509
0.0190631
0.0213323
0.0237586
0.0263401
0.0290736
0.0319538
0.0349738
0.0381248
0.0413966
0.0447775
0.0482545
0.0518137
0.0554404
0.0591192
0.0628345
0.0665707
0.0703124
0.0740444
0.0777524
0.0814226
0.0850424
0.0885999
0.0920846
0.095487
0.0987989
0.102013
0.105125
0.108128
0.111019
0.113797
0.116459
0.119005
0.121434
0.123748
0.125948
0.127994
0.129932
0.131766
0.133497
0.135128
0.136658
0.138088
0.139412
0.140618
0.141687
0.142579
0.143225
0.143506
0.14322
0.142021
0.139313
0.134069
0.126405
0.117633
0.108484
0.0993668
0.0905089
0.0820343
0.0740084
0.0664626
0.0594096
0.0528508
0.0467814
0.0411919
0.0360702
0.0314017
0.0271696
0.0233552
0.0199382
0.0168964
0.0142062
0.0118428
0.00978063
0.00799345
0.00645501
0.00513934
0.00402125
0.0030767
0.00228312
0.00161967
0.00106689
0.000569308
0.000165218
0.000180165
0.000585343
0.00104238
0.00155762
0.00213788
0.00279041
0.00352287
0.00434325
0.00525977
0.00628077
0.00741456
0.00866927
0.0100527
0.011572
0.0132338
0.0150434
0.0170053
0.0191226
0.0213968
0.0238279
0.026414
0.0291518
0.0320358
0.0350591
0.0382128
0.0414867
0.0448689
0.0483465
0.0519054
0.055531
0.0592078
0.0629203
0.066653
0.0703903
0.0741173
0.0778197
0.0814837
0.0850968
0.0886473
0.0921247
0.0955196
0.098824
0.102031
0.105134
0.10813
0.111015
0.113786
0.116441
0.118981
0.121405
0.123714
0.125909
0.127951
0.129886
0.131717
0.133446
0.135075
0.136604
0.138034
0.139359
0.140568
0.141642
0.142544
0.143206
0.143515
0.143275
0.142153
0.139575
0.13455
0.127001
0.118286
0.109159
0.100043
0.0911725
0.082677
0.0746244
0.067048
0.0599615
0.0533673
0.047261
0.041634
0.0364744
0.0317682
0.0274991
0.0236488
0.0201972
0.0171227
0.0144018
0.01201
0.00992176
0.00811104
0.00655156
0.00521729
0.00408295
0.00312433
0.0023187
0.00164502
0.00108415
0.000578583
0.000167925
0.00018097
0.00058795
0.00104701
0.00156452
0.00214732
0.00280268
0.00353828
0.00436213
0.00528246
0.00630761
0.0074459
0.00870545
0.010094
0.0116188
0.0132862
0.0151016
0.0170695
0.0191927
0.0214728
0.0239096
0.0265012
0.029244
0.0321326
0.0351598
0.0383169
0.0415933
0.0449772
0.0484555
0.0520143
0.0556387
0.0593135
0.063023
0.0667517
0.0704842
0.0742056
0.0779016
0.0815587
0.0851642
0.0887067
0.0921758
0.0955621
0.0988578
0.102056
0.105151
0.108138
0.111014
0.113777
0.116425
0.118958
0.121375
0.123677
0.125867
0.127908
0.129839
0.131666
0.133391
0.135018
0.136546
0.137975
0.1393
0.140513
0.141593
0.142504
0.143185
0.143524
0.143336
0.1423
0.139868
0.135091
0.127674
0.119024
0.109922
0.100808
0.0919243
0.0834059
0.0753239
0.0677134
0.0605895
0.0539555
0.0478078
0.0421383
0.0369359
0.032187
0.0278758
0.0239846
0.0204938
0.0173818
0.0146259
0.0122016
0.0100836
0.00824592
0.00666233
0.00530677
0.00415381
0.0031791
0.00235969
0.00167431
0.00110361
0.000589045
0.00017098
0.000181905
0.000590983
0.0010524
0.00157255
0.00215831
0.00281697
0.00355623
0.00438412
0.00530889
0.00633889
0.00748243
0.00874761
0.0101422
0.0116732
0.0133472
0.0151695
0.0171442
0.0192744
0.0215613
0.0240048
0.0266027
0.0293514
0.0322454
0.0352774
0.0384383
0.0417177
0.0451037
0.0485832
0.052142
0.0557653
0.0594379
0.0631442
0.0668686
0.0705958
0.074311
0.0779999
0.0816492
0.0852463
0.0887798
0.0922395
0.0956162
0.098902
0.10209
0.105175
0.108153
0.11102
0.113773
0.116413
0.118937
0.121346
0.123641
0.125824
0.127864
0.12979
0.131612
0.133334
0.134958
0.136484
0.137912
0.139238
0.140453
0.141539
0.142462
0.143162
0.143535
0.143403
0.142462
0.140192
0.13569
0.128419
0.119842
0.11077
0.101659
0.092762
0.0842193
0.0761053
0.0684576
0.0612927
0.0546149
0.0484214
0.0427049
0.0374549
0.0326584
0.0283003
0.0243633
0.0208283
0.0176744
0.014879
0.0124181
0.0102665
0.00839843
0.00678762
0.00540798
0.00423398
0.00324106
0.00240605
0.00170744
0.00112556
0.000600834
0.000174421
0.000182985
0.000594485
0.00105862
0.00158183
0.002171
0.00283347
0.00357696
0.00440953
0.00533944
0.00637503
0.00752463
0.00879632
0.0101978
0.0117361
0.0134177
0.0152477
0.0172305
0.0193686
0.0216634
0.0241144
0.0267197
0.0294752
0.0323754
0.0354127
0.0385783
0.0418613
0.0452498
0.0487306
0.0522897
0.055912
0.0595823
0.0632851
0.0670049
0.0707264
0.0744348
0.078116
0.0817567
0.0853445
0.0888681
0.0923175
0.0956835
0.0989583
0.102136
0.10521
0.108176
0.111033
0.113776
0.116405
0.11892
0.12132
0.123607
0.125783
0.127821
0.129741
0.131558
0.133275
0.134895
0.136418
0.137845
0.139171
0.140389
0.141481
0.142415
0.143136
0.143544
0.143473
0.142635
0.140538
0.136333
0.129225
0.120731
0.111695
0.102589
0.0936797
0.0851118
0.0769642
0.0692769
0.0620679
0.0553428
0.0490996
0.0433319
0.0380299
0.0331813
0.0287716
0.0247842
0.0212006
0.0180002
0.0151611
0.0126595
0.0104706
0.0085686
0.00692744
0.00552095
0.00432346
0.00331021
0.00245779
0.00174438
0.00115004
0.000613975
0.000178257
0.000184218
0.000598484
0.00106573
0.00159243
0.00218551
0.00285234
0.00360069
0.00443861
0.00537439
0.0064164
0.00757292
0.00885203
0.0102614
0.011808
0.0134982
0.0153371
0.0173288
0.0194759
0.0217796
0.0242393
0.0268527
0.029616
0.0325231
0.0355667
0.0387374
0.0420246
0.045416
0.0488986
0.052458
0.0560794
0.0597474
0.0634466
0.0671615
0.0708768
0.0745779
0.0782508
0.0818822
0.0854599
0.0889727
0.0924107
0.095765
0.0990279
0.102193
0.105255
0.10821
0.111054
0.113786
0.116404
0.118909
0.121299
0.123577
0.125744
0.12778
0.129693
0.131504
0.133216
0.134831
0.136351
0.137776
0.139102
0.140322
0.14142
0.142365
0.143106
0.143551
0.14354
0.142806
0.140886
0.136985
0.130067
0.121672
0.112681
0.103586
0.0946661
0.0860737
0.0778918
0.0701633
0.062908
0.0561329
0.0498369
0.0440146
0.0386569
0.0337523
0.0292869
0.025245
0.0216085
0.0183577
0.0154709
0.0129248
0.0106949
0.00875579
0.00708128
0.00564524
0.00442188
0.00338626
0.00251466
0.00178498
0.00117693
0.000628408
0.000182469
0.000185617
0.000603024
0.0010738
0.00160447
0.002202
0.0028738
0.00362765
0.00447166
0.00541411
0.00646337
0.00762771
0.00891518
0.0103334
0.0118893
0.0135891
0.0154379
0.0174395
0.0195967
0.0219102
0.0243794
0.027002
0.0297738
0.0326887
0.035739
0.0389156
0.0422073
0.0456021
0.0490867
0.0526466
0.0562671
0.0599328
0.0636282
0.0673379
0.0710467
0.0747401
0.078404
0.0820255
0.0855924
0.0890938
0.0925196
0.0958613
0.0991113
0.102263
0.105312
0.108254
0.111086
0.113805
0.116412
0.118905
0.121284
0.123552
0.125709
0.127743
0.129648
0.131452
0.133158
0.134768
0.136284
0.137706
0.139032
0.140253
0.141355
0.142312
0.143072
0.143549
0.143596
0.142958
0.141201
0.13758
0.130903
0.122636
0.113705
0.10463
0.0957036
0.0870885
0.078873
0.0711029
0.0638004
0.0569737
0.050623
0.0447438
0.0393278
0.0343643
0.0298403
0.0257406
0.0220481
0.0187434
0.0158056
0.0132118
0.0109379
0.00895864
0.00724807
0.00578004
0.00452864
0.00346873
0.00257632
0.00182898
0.00120605
0.000644044
0.000187034
0.000187178
0.000608087
0.00108281
0.00161792
0.00222044
0.00289779
0.00365783
0.00450864
0.00545854
0.00651588
0.00768892
0.00898565
0.0104136
0.0119797
0.0136901
0.0155496
0.0175622
0.0197302
0.0220544
0.024534
0.0271664
0.0299473
0.0328706
0.0359283
0.0391111
0.0424079
0.0458063
0.049293
0.0528537
0.0564733
0.0601366
0.0638281
0.0675323
0.0712343
0.0749195
0.0785742
0.0821852
0.0857408
0.08923
0.092643
0.0959715
0.0992079
0.102346
0.105381
0.10831
0.111128
0.113834
0.116428
0.118909
0.121277
0.123534
0.125681
0.127711
0.129607
0.131403
0.133103
0.134708
0.13622
0.137638
0.138962
0.140184
0.14129
0.142255
0.143032
0.143538
0.143634
0.143077
0.141457
0.138062
0.131696
0.123591
0.114739
0.105693
0.0967668
0.0881326
0.0798853
0.0720747
0.0647253
0.0578471
0.0514414
0.0455045
0.0400292
0.0350056
0.0304214
0.0262622
0.0225116
0.0191509
0.0161598
0.013516
0.0111958
0.00917417
0.00742539
0.00592337
0.00464214
0.00355637
0.00264181
0.00187567
0.00123695
0.000660618
0.00019187
0.000188906
0.000613698
0.0010928
0.00163285
0.00224089
0.00292441
0.00369126
0.00454958
0.00550764
0.00657379
0.00775625
0.00906297
0.0105014
0.0120785
0.0138
0.015671
0.0176951
0.0198745
0.0222099
0.0247004
0.0273431
0.0301336
0.0330655
0.0361309
0.0393202
0.0426221
0.0460243
0.0495132
0.0530746
0.0566933
0.0603541
0.0640415
0.0677402
0.0714351
0.075112
0.078757
0.0823573
0.0859012
0.0893779
0.0927778
0.0960927
0.0993152
0.102439
0.10546
0.108375
0.111179
0.113872
0.116453
0.118921
0.121277
0.123523
0.12566
0.127685
0.129572
0.131361
0.133053
0.134652
0.136159
0.137574
0.138896
0.140117
0.141227
0.142199
0.14299
0.143522
0.143661
0.143178
0.141681
0.138491
0.132452
0.124521
0.115755
0.106745
0.0978221
0.089172
0.0808956
0.073047
0.065653
0.0587251
0.0522661
0.0462731
0.0407399
0.0356571
0.0310135
0.0267952
0.0229866
0.0195698
0.016525
0.0138305
0.011463
0.00939795
0.00760983
0.00607266
0.00476046
0.00364776
0.00271008
0.00192432
0.0012691
0.000677873
0.000196907
0.000190739
0.000619653
0.00110342
0.00164873
0.00226268
0.00295278
0.0037269
0.00459317
0.00555985
0.00663526
0.00782756
0.00914467
0.010594
0.0121822
0.0139153
0.015798
0.0178338
0.0200248
0.0223716
0.024873
0.0275261
0.0303261
0.0332668
0.0363398
0.0395355
0.0428425
0.0462484
0.0497395
0.0533014
0.0569191
0.0605773
0.0642606
0.0679536
0.0716414
0.0753098
0.0789452
0.0825348
0.086067
0.0895313
0.0929182
0.0962195
0.0994282
0.102538
0.105546
0.108446
0.111237
0.113916
0.116484
0.11894
0.121285
0.12352
0.125646
0.127666
0.129545
0.131325
0.133011
0.134604
0.136105
0.137517
0.138836
0.140057
0.141168
0.142147
0.14295
0.143505
0.143683
0.143267
0.141882
0.138883
0.133156
0.125393
0.116713
0.107739
0.098823
0.0901602
0.0818587
0.073976
0.0665417
0.0595686
0.0530607
0.047016
0.0414289
0.0362909
0.0315914
0.0273173
0.0234536
0.019983
0.0168864
0.0141427
0.011729
0.00962129
0.00779424
0.0062221
0.00487895
0.00373926
0.00277837
0.00197293
0.0013012
0.000695066
0.000201921
0.000192652
0.000625878
0.00111453
0.00166534
0.00228543
0.0029823
0.00376382
0.00463807
0.00561332
0.00669784
0.00789978
0.00922699
0.0106868
0.0122859
0.0140301
0.015924
0.017971
0.0201731
0.0225307
0.0250424
0.0277052
0.0305143
0.0334631
0.0365432
0.0397447
0.0430563
0.0464654
0.0499583
0.0535205
0.057137
0.0607925
0.0644715
0.0681589
0.0718398
0.0755001
0.0791262
0.0827055
0.0862267
0.0896792
0.0930538
0.0963425
0.0995382
0.102635
0.10563
0.108517
0.111295
0.113963
0.116519
0.118964
0.121298
0.123523
0.125641
0.127653
0.129524
0.131298
0.132977
0.134564
0.136061
0.137469
0.138785
0.140006
0.141119
0.142102
0.142915
0.143489
0.143701
0.143342
0.142055
0.13922
0.133769
0.126156
0.117553
0.108614
0.0997053
0.0910334
0.0827117
0.0748012
0.0673333
0.0603224
0.0537733
0.0476846
0.0420515
0.0368662
0.0321183
0.0277956
0.0238834
0.0203653
0.0172226
0.0144347
0.0119793
0.00983264
0.00796974
0.00636506
0.00499279
0.00382743
0.00284428
0.00201981
0.00133208
0.000711638
0.000206755
0.000194372
0.000631485
0.00112456
0.00168037
0.00230603
0.00300904
0.00379723
0.00467868
0.00566163
0.00675431
0.00796486
0.00930106
0.0107702
0.0123789
0.0141328
0.0160365
0.0180934
0.0203051
0.022672
0.0251927
0.0278639
0.0306807
0.0336362
0.0367222
0.0399286
0.0432439
0.0466554
0.0501495
0.0537115
0.0573266
0.0609793
0.0646544
0.0683366
0.0720112
0.0756641
0.079282
0.0828524
0.0863639
0.0898062
0.0931703
0.0964481
0.099633
0.102719
0.105702
0.108579
0.111347
0.114005
0.116552
0.118987
0.121313
0.12353
0.12564
0.127646
0.12951
0.131279
0.132953
0.134536
0.136029
0.137434
0.138748
0.139968
0.141081
0.142068
0.142889
0.143477
0.143715
0.1434
0.142187
0.139479
0.134242
0.126746
0.118204
0.109292
0.100391
0.0917139
0.0833784
0.0754482
0.0679563
0.060918
0.0543386
0.0482176
0.0425503
0.0373292
0.0325446
0.0281846
0.0242349
0.0206796
0.0175004
0.0146771
0.012188
0.0100095
0.00811711
0.00648541
0.0050888
0.00390186
0.00289988
0.0020593
0.00135803
0.000725515
0.000210795
0.000195762
0.000635987
0.00113252
0.00169209
0.00232184
0.00302928
0.00382227
0.00470889
0.00569738
0.00679595
0.0080127
0.00935538
0.0108312
0.0124467
0.0142075
0.0161182
0.0181818
0.0204001
0.0227734
0.0253
0.0279767
0.0307983
0.0337581
0.0368476
0.0400567
0.0433738
0.0467863
0.0502804
0.0538416
0.0574549
0.0611051
0.0647767
0.0684547
0.0721245
0.0757719
0.0793838
0.0829478
0.0864525
0.0898878
0.0932447
0.0965153
0.0996929
0.102772
0.105748
0.108618
0.11138
0.114031
0.116572
0.119002
0.121323
0.123535
0.125641
0.127642
0.129503
0.131268
0.13294
0.13452
0.136012
0.137415
0.138728
0.139947
0.141061
0.142049
0.142875
0.143471
0.143722
0.143432
0.142262
0.139626
0.134511
0.127081
0.118574
0.109679
0.100784
0.0921048
0.0837631
0.0758235
0.0683197
0.0612676
0.0546728
0.0485349
0.0428494
0.0376092
0.0328046
0.0284238
0.0244531
0.0208765
0.0176761
0.014832
0.0123227
0.0101249
0.00821432
0.00656579
0.00515378
0.00395295
0.00293858
0.00208709
0.00137632
0.000735601
0.000213768
)
;

boundaryField
{
    fuel
    {
        type            fixedValue;
        value           uniform 0;
    }
    air
    {
        type            fixedValue;
        value           uniform 0;
    }
    outlet
    {
        type            inletOutlet;
        inletValue      uniform 0;
        value           nonuniform List<scalar> 
200
(
0.000195733
0.000635892
0.00113235
0.00169184
0.0023215
0.00302885
0.00382173
0.00470824
0.0056966
0.00679506
0.00801167
0.00935421
0.0108299
0.0124453
0.0142059
0.0161164
0.0181799
0.0203981
0.0227712
0.0252977
0.0279742
0.0307958
0.0337555
0.0368449
0.0400539
0.043371
0.0467834
0.0502775
0.0538387
0.057452
0.0611022
0.0647738
0.0684519
0.0721218
0.0757693
0.0793813
0.0829453
0.0864501
0.0898856
0.0932426
0.0965133
0.099691
0.10277
0.105747
0.108617
0.111378
0.11403
0.11657
0.119001
0.121321
0.123534
0.12564
0.127641
0.129502
0.131267
0.132939
0.13452
0.136011
0.137414
0.138727
0.139946
0.14106
0.142049
0.142875
0.143471
0.143723
0.143433
0.142263
0.139629
0.134516
0.127088
0.118582
0.109687
0.100791
0.0921123
0.0837703
0.0758304
0.0683263
0.0612739
0.0546787
0.0485405
0.0428546
0.037614
0.032809
0.0284279
0.0244568
0.0208799
0.0176791
0.0148347
0.012325
0.0101269
0.00821603
0.00656721
0.00515493
0.00395386
0.00293928
0.00208759
0.00137666
0.000735784
0.000213822
0.000195762
0.000635987
0.00113252
0.00169209
0.00232184
0.00302928
0.00382227
0.00470889
0.00569738
0.00679595
0.0080127
0.00935538
0.0108312
0.0124467
0.0142075
0.0161182
0.0181818
0.0204001
0.0227734
0.0253
0.0279767
0.0307983
0.0337581
0.0368476
0.0400567
0.0433738
0.0467863
0.0502804
0.0538416
0.0574549
0.0611051
0.0647767
0.0684547
0.0721245
0.0757719
0.0793838
0.0829478
0.0864525
0.0898878
0.0932447
0.0965153
0.0996929
0.102772
0.105748
0.108618
0.11138
0.114031
0.116572
0.119002
0.121323
0.123535
0.125641
0.127642
0.129503
0.131268
0.13294
0.13452
0.136012
0.137415
0.138728
0.139947
0.141061
0.142049
0.142875
0.143471
0.143722
0.143432
0.142262
0.139626
0.134511
0.127081
0.118574
0.109679
0.100784
0.0921048
0.0837631
0.0758235
0.0683197
0.0612676
0.0546728
0.0485349
0.0428494
0.0376092
0.0328046
0.0284238
0.0244531
0.0208765
0.0176761
0.014832
0.0123227
0.0101249
0.00821432
0.00656579
0.00515378
0.00395295
0.00293858
0.00208709
0.00137632
0.000735601
0.000213768
)
;
    }
    frontAndBack
    {
        type            empty;
    }
}


// ************************************************************************* //
