/*--------------------------------*- C++ -*----------------------------------*\
| =========                 |                                                 |
| \\      /  F ield         | OpenFOAM: The Open Source CFD Toolbox           |
|  \\    /   O peration     | Version:  2312                                  |
|   \\  /    A nd           | Website:  www.openfoam.com                      |
|    \\/     M anipulation  |                                                 |
\*---------------------------------------------------------------------------*/
FoamFile
{
    version     2.0;
    format      ascii;
    arch        "LSB;label=64;scalar=64";
    class       volScalarField;
    location    "0.3";
    object      rho;
}
// * * * * * * * * * * * * * * * * * * * * * * * * * * * * * * * * * * * * * //

dimensions      [1 -3 0 0 0 0 0];

internalField   nonuniform List<scalar> 
4000
(
0.240827
0.240058
0.239239
0.238369
0.237447
0.236473
0.235445
0.234366
0.233234
0.232053
0.230825
0.229551
0.228235
0.226881
0.225493
0.224074
0.222628
0.221161
0.219676
0.218178
0.216669
0.215155
0.213635
0.212111
0.21058
0.209042
0.207498
0.205948
0.204389
0.20282
0.201241
0.199648
0.19804
0.196416
0.194772
0.193109
0.191423
0.189716
0.187986
0.186234
0.184461
0.182666
0.180853
0.179023
0.177179
0.175324
0.173462
0.171595
0.169727
0.167863
0.166006
0.164161
0.162331
0.160533
0.15876
0.157014
0.1553
0.153621
0.151981
0.150384
0.148837
0.147349
0.145934
0.144614
0.143428
0.142433
0.141741
0.141536
0.142151
0.144208
0.147795
0.152409
0.157785
0.16378
0.170319
0.177366
0.184909
0.192948
0.201489
0.210539
0.220102
0.230178
0.240757
0.251821
0.263336
0.275255
0.287513
0.300029
0.312706
0.325432
0.338082
0.350529
0.362644
0.374312
0.385425
0.395891
0.405641
0.414628
0.42283
0.430253
0.240829
0.240062
0.239246
0.238379
0.23746
0.236488
0.235463
0.234385
0.233256
0.232077
0.23085
0.229578
0.228263
0.22691
0.225522
0.224103
0.222658
0.22119
0.219705
0.218206
0.216696
0.215181
0.21366
0.212135
0.210603
0.209064
0.207519
0.205968
0.204408
0.202839
0.201259
0.199665
0.198057
0.196432
0.194788
0.193124
0.191438
0.18973
0.188
0.186247
0.184472
0.182677
0.180863
0.179031
0.177186
0.175329
0.173464
0.171595
0.169725
0.167859
0.166
0.164152
0.162319
0.160518
0.158742
0.156993
0.155276
0.153594
0.151951
0.150352
0.148802
0.147312
0.145895
0.144575
0.14339
0.1424
0.141717
0.141531
0.142184
0.14431
0.147945
0.152596
0.158003
0.164028
0.170596
0.177673
0.185247
0.193318
0.201892
0.210976
0.220574
0.230686
0.2413
0.252396
0.263941
0.275884
0.288161
0.300687
0.313365
0.32608
0.338709
0.351121
0.363192
0.374804
0.385851
0.396245
0.405918
0.414824
0.422946
0.43029
0.24083
0.240068
0.239255
0.238392
0.237477
0.236509
0.235487
0.234413
0.233287
0.232111
0.230887
0.229617
0.228304
0.226953
0.225566
0.224147
0.222703
0.221235
0.219749
0.218249
0.216739
0.215222
0.213701
0.212174
0.21064
0.209101
0.207555
0.206002
0.204441
0.20287
0.201289
0.199695
0.198086
0.196459
0.194815
0.19315
0.191463
0.189754
0.188023
0.186268
0.184492
0.182695
0.180878
0.179045
0.177196
0.175336
0.173468
0.171595
0.169721
0.16785
0.165986
0.164134
0.162296
0.16049
0.158708
0.156954
0.155232
0.153545
0.151896
0.150292
0.148737
0.147243
0.145824
0.144503
0.14332
0.142338
0.141673
0.141522
0.14224
0.144489
0.148207
0.152923
0.158386
0.164461
0.171078
0.178204
0.185828
0.193951
0.202578
0.211715
0.221367
0.231531
0.242195
0.253337
0.264921
0.276895
0.289191
0.301724
0.314392
0.327081
0.339665
0.352015
0.364007
0.375525
0.386468
0.396749
0.406304
0.415094
0.423102
0.430339
0.240832
0.240074
0.239266
0.238407
0.237496
0.236532
0.235515
0.234446
0.233324
0.232151
0.23093
0.229663
0.228353
0.227003
0.225618
0.224201
0.222757
0.22129
0.219804
0.218304
0.216793
0.215275
0.213752
0.212224
0.210689
0.209148
0.2076
0.206046
0.204484
0.202912
0.201329
0.199734
0.198123
0.196496
0.19485
0.193183
0.191495
0.189785
0.188052
0.186295
0.184517
0.182717
0.180897
0.17906
0.177208
0.175343
0.17347
0.171592
0.169713
0.167836
0.165966
0.164107
0.162262
0.16045
0.158661
0.1569
0.15517
0.153476
0.151821
0.15021
0.148649
0.14715
0.145727
0.144405
0.143227
0.142256
0.141614
0.141509
0.142313
0.144721
0.148549
0.153349
0.158883
0.165023
0.171703
0.178891
0.186578
0.194765
0.203456
0.212659
0.222375
0.232601
0.243322
0.254516
0.266142
0.278147
0.29046
0.302993
0.315642
0.328292
0.340817
0.353087
0.364981
0.376385
0.387201
0.397346
0.406762
0.415414
0.423288
0.430398
0.240834
0.24008
0.239276
0.238422
0.237515
0.236556
0.235544
0.234478
0.233361
0.232192
0.230975
0.229711
0.228404
0.227057
0.225674
0.224259
0.222816
0.22135
0.219864
0.218364
0.216852
0.215333
0.213809
0.21228
0.210744
0.209202
0.207653
0.206097
0.204533
0.20296
0.201376
0.199779
0.198167
0.196538
0.19489
0.193222
0.191532
0.18982
0.188084
0.186325
0.184543
0.18274
0.180917
0.179075
0.177218
0.175349
0.17347
0.171586
0.1697
0.167816
0.165938
0.164071
0.16222
0.160399
0.158602
0.156833
0.155095
0.153393
0.15173
0.150111
0.148544
0.14704
0.145613
0.144291
0.143117
0.142159
0.141546
0.141495
0.142399
0.144989
0.148943
0.153839
0.159455
0.16567
0.17242
0.179679
0.187436
0.195694
0.204456
0.21373
0.223515
0.233806
0.244587
0.255832
0.2675
0.279532
0.291856
0.304381
0.317002
0.329601
0.342053
0.35423
0.366011
0.377289
0.387967
0.397968
0.407238
0.415745
0.42348
0.430459
0.240836
0.240086
0.239286
0.238436
0.237534
0.236579
0.235571
0.23451
0.233397
0.232233
0.23102
0.22976
0.228456
0.227112
0.225731
0.224318
0.222876
0.221411
0.219926
0.218426
0.216914
0.215394
0.213869
0.212339
0.210802
0.209258
0.207708
0.20615
0.204585
0.20301
0.201424
0.199826
0.198212
0.196581
0.194932
0.193262
0.19157
0.189855
0.188117
0.186355
0.18457
0.182763
0.180935
0.179089
0.177227
0.175351
0.173466
0.171575
0.169681
0.16779
0.165904
0.164029
0.16217
0.160341
0.158535
0.156757
0.15501
0.153299
0.151628
0.150002
0.148428
0.146918
0.145488
0.144167
0.142999
0.142057
0.141476
0.141483
0.142497
0.145282
0.149369
0.154368
0.16007
0.166362
0.173188
0.18052
0.188351
0.196682
0.205518
0.214863
0.224718
0.235074
0.245914
0.257209
0.268914
0.280969
0.293299
0.30581
0.318396
0.330938
0.343311
0.355389
0.367054
0.378202
0.38874
0.398595
0.407717
0.416079
0.423674
0.43052
0.240838
0.240091
0.239295
0.238449
0.237551
0.236601
0.235597
0.23454
0.233431
0.232271
0.231062
0.229805
0.228505
0.227164
0.225785
0.224374
0.222934
0.22147
0.219986
0.218486
0.216974
0.215454
0.213928
0.212397
0.210859
0.209314
0.207762
0.206204
0.204637
0.20306
0.201473
0.199873
0.198257
0.196625
0.194973
0.193301
0.191607
0.189889
0.188148
0.186383
0.184594
0.182783
0.18095
0.179099
0.177231
0.175349
0.173458
0.171559
0.169658
0.167759
0.165865
0.16398
0.162115
0.160276
0.158461
0.156674
0.154919
0.153199
0.15152
0.149886
0.148306
0.146791
0.145359
0.144039
0.142879
0.141957
0.141412
0.141488
0.142624
0.145597
0.149814
0.154914
0.160702
0.167073
0.173973
0.181378
0.189282
0.197686
0.206595
0.216011
0.225933
0.236352
0.247248
0.258588
0.270326
0.2824
0.29473
0.307223
0.31977
0.332251
0.344542
0.35652
0.368069
0.379088
0.389488
0.399201
0.40818
0.416401
0.423861
0.430579
0.24084
0.240096
0.239304
0.238462
0.237567
0.236621
0.235621
0.234568
0.233463
0.232307
0.231101
0.229848
0.22855
0.227212
0.225836
0.224427
0.222989
0.221526
0.220043
0.218543
0.217032
0.215511
0.213985
0.212453
0.210914
0.209368
0.207815
0.206255
0.204686
0.203108
0.201519
0.199917
0.1983
0.196666
0.195012
0.193337
0.191641
0.18992
0.188176
0.186407
0.184614
0.182799
0.180962
0.179105
0.177231
0.175344
0.173445
0.17154
0.169631
0.167723
0.165821
0.163928
0.162055
0.160208
0.158384
0.156589
0.154825
0.153097
0.15141
0.149769
0.148183
0.146664
0.145231
0.143915
0.142766
0.141866
0.141367
0.141526
0.142817
0.145945
0.150275
0.155466
0.161333
0.167778
0.17475
0.182226
0.1902
0.198675
0.207653
0.217136
0.227122
0.2376
0.248547
0.259928
0.271695
0.283784
0.296111
0.308583
0.321088
0.333508
0.345719
0.357599
0.369036
0.379931
0.3902
0.399777
0.408619
0.416707
0.424038
0.430635
0.240841
0.240101
0.239312
0.238473
0.237582
0.236639
0.235643
0.234593
0.233492
0.232339
0.231136
0.229886
0.228592
0.227256
0.225883
0.224476
0.223039
0.221578
0.220095
0.218596
0.217085
0.215564
0.214037
0.212505
0.210965
0.209418
0.207864
0.206302
0.204732
0.203153
0.201562
0.199958
0.198339
0.196703
0.195047
0.19337
0.191671
0.189948
0.1882
0.186428
0.184631
0.182811
0.180969
0.179107
0.177228
0.175334
0.173429
0.171516
0.1696
0.167684
0.165774
0.163873
0.161993
0.160137
0.158306
0.156502
0.15473
0.152995
0.1513
0.149653
0.148063
0.146541
0.145108
0.143796
0.142659
0.141787
0.141338
0.141589
0.143049
0.146307
0.150735
0.156007
0.161947
0.168461
0.175499
0.183042
0.191082
0.199623
0.208666
0.218212
0.228257
0.238789
0.249782
0.261201
0.272993
0.285092
0.297415
0.309863
0.322327
0.334688
0.346821
0.358607
0.369938
0.380717
0.390862
0.400313
0.409028
0.416991
0.424203
0.430687
0.240842
0.240105
0.239319
0.238482
0.237595
0.236655
0.235662
0.234616
0.233517
0.232367
0.231168
0.229921
0.228629
0.227296
0.225925
0.224519
0.223085
0.221624
0.220143
0.218644
0.217132
0.215612
0.214085
0.212551
0.211011
0.209463
0.207908
0.206345
0.204774
0.203193
0.201601
0.199995
0.198374
0.196736
0.195078
0.193399
0.191697
0.189971
0.18822
0.186444
0.184644
0.182819
0.180973
0.179106
0.177221
0.175321
0.173409
0.17149
0.169567
0.167644
0.165726
0.163817
0.161931
0.160067
0.158228
0.156417
0.154638
0.152895
0.151194
0.149542
0.147947
0.146423
0.14499
0.143685
0.142561
0.141715
0.141316
0.141659
0.143288
0.14666
0.151176
0.156522
0.162529
0.169106
0.176206
0.18381
0.191912
0.200513
0.209616
0.21922
0.229319
0.239899
0.250934
0.262385
0.274199
0.286307
0.298623
0.311048
0.323472
0.335776
0.347836
0.359536
0.370768
0.381439
0.391471
0.400804
0.409403
0.417252
0.424354
0.430734
0.240844
0.240108
0.239325
0.238491
0.237606
0.236669
0.235679
0.234636
0.23354
0.232393
0.231196
0.229951
0.228662
0.227331
0.225962
0.224558
0.223125
0.221665
0.220185
0.218686
0.217175
0.215654
0.214127
0.212593
0.211052
0.209503
0.207947
0.206383
0.20481
0.203228
0.201634
0.200027
0.198404
0.196764
0.195104
0.193423
0.191718
0.189989
0.188236
0.186456
0.184652
0.182824
0.180973
0.179101
0.177211
0.175305
0.173388
0.171462
0.169532
0.167603
0.165677
0.163761
0.16187
0.159999
0.158153
0.156335
0.154549
0.152801
0.151094
0.149437
0.147839
0.146313
0.144881
0.143581
0.14247
0.141651
0.141299
0.141727
0.143513
0.146991
0.151587
0.157001
0.163069
0.169703
0.176859
0.184519
0.192677
0.201333
0.21049
0.220146
0.230295
0.240918
0.25199
0.26347
0.275302
0.287416
0.299724
0.312127
0.324514
0.336764
0.348758
0.360378
0.37152
0.382093
0.392021
0.401249
0.409742
0.417487
0.424491
0.430777
0.240845
0.240111
0.23933
0.238499
0.237616
0.236681
0.235694
0.234653
0.23356
0.232415
0.23122
0.229978
0.228691
0.227361
0.225994
0.224592
0.22316
0.221701
0.220221
0.218723
0.217212
0.215691
0.214164
0.212629
0.211087
0.209538
0.207981
0.206416
0.204842
0.203259
0.201663
0.200055
0.19843
0.196788
0.195126
0.193443
0.191736
0.190004
0.188248
0.186465
0.184658
0.182826
0.180971
0.179094
0.177199
0.175289
0.173366
0.171434
0.169498
0.167562
0.165631
0.163708
0.161811
0.159934
0.158082
0.156258
0.154466
0.152712
0.151001
0.14934
0.147739
0.146211
0.144781
0.143487
0.142388
0.141592
0.141283
0.141789
0.143718
0.147293
0.151962
0.157437
0.163559
0.170246
0.177453
0.185163
0.193371
0.202077
0.211282
0.220984
0.231176
0.241838
0.252943
0.264447
0.276295
0.288412
0.300713
0.313095
0.325447
0.33765
0.349582
0.36113
0.372191
0.382676
0.392512
0.401645
0.410044
0.417697
0.424612
0.430816
0.240845
0.240114
0.239335
0.238505
0.237625
0.236692
0.235706
0.234668
0.233577
0.232434
0.231241
0.230001
0.228715
0.227388
0.226022
0.224621
0.22319
0.221732
0.220253
0.218755
0.217244
0.215723
0.214195
0.21266
0.211118
0.209568
0.20801
0.206444
0.204869
0.203284
0.201688
0.200078
0.198452
0.196808
0.195144
0.193459
0.19175
0.190016
0.188256
0.186471
0.184661
0.182825
0.180966
0.179086
0.177186
0.175271
0.173343
0.171407
0.169465
0.167524
0.165587
0.163658
0.161756
0.159874
0.158016
0.156187
0.15439
0.152632
0.150917
0.149252
0.147648
0.14612
0.144692
0.143403
0.142314
0.14154
0.14127
0.141846
0.143902
0.147563
0.152297
0.157826
0.163998
0.17073
0.177982
0.185737
0.193989
0.202738
0.211986
0.221729
0.231958
0.242654
0.253787
0.265313
0.277173
0.289294
0.301587
0.31395
0.32627
0.33843
0.350308
0.361792
0.372782
0.383189
0.392944
0.401993
0.410309
0.417881
0.424718
0.430849
0.240846
0.240116
0.239338
0.238511
0.237632
0.236701
0.235717
0.23468
0.233591
0.23245
0.231259
0.23002
0.228736
0.22741
0.226045
0.224646
0.223215
0.221759
0.220279
0.218782
0.217271
0.21575
0.214222
0.212687
0.211144
0.209593
0.208034
0.206467
0.204892
0.203306
0.201708
0.200097
0.198469
0.196824
0.195159
0.193471
0.19176
0.190024
0.188263
0.186475
0.184661
0.182823
0.18096
0.179076
0.177173
0.175254
0.173322
0.17138
0.169435
0.167488
0.165546
0.163613
0.161706
0.159819
0.157957
0.156123
0.154322
0.15256
0.150841
0.149174
0.147568
0.146039
0.144612
0.143328
0.14225
0.141494
0.141258
0.141895
0.144063
0.147799
0.152591
0.158168
0.164382
0.171154
0.178445
0.186238
0.194529
0.203316
0.2126
0.222379
0.23264
0.243365
0.254522
0.266066
0.277937
0.29006
0.302345
0.314691
0.326984
0.339105
0.350936
0.362365
0.373292
0.383633
0.393316
0.402294
0.410537
0.418039
0.42481
0.430878
0.240847
0.240118
0.239342
0.238515
0.237638
0.236708
0.235726
0.234691
0.233603
0.232463
0.231274
0.230036
0.228754
0.227429
0.226065
0.224666
0.223237
0.22178
0.220302
0.218805
0.217294
0.215772
0.214244
0.212709
0.211165
0.209614
0.208054
0.206487
0.20491
0.203323
0.201725
0.200112
0.198483
0.196837
0.19517
0.193481
0.191768
0.19003
0.188267
0.186477
0.18466
0.182819
0.180954
0.179067
0.17716
0.175237
0.173302
0.171357
0.169407
0.167457
0.16551
0.163573
0.161662
0.159771
0.157905
0.156067
0.154263
0.152497
0.150776
0.149106
0.147499
0.14597
0.144544
0.143264
0.142194
0.141455
0.141248
0.141938
0.144201
0.148002
0.152843
0.15846
0.16471
0.171517
0.178841
0.186667
0.19499
0.203809
0.213125
0.222932
0.233221
0.243971
0.255147
0.266706
0.278586
0.29071
0.30299
0.31532
0.327589
0.339678
0.351469
0.36285
0.373725
0.384008
0.393631
0.402548
0.410731
0.418173
0.424888
0.430902
0.240847
0.24012
0.239344
0.238519
0.237643
0.236715
0.235733
0.234699
0.233613
0.232474
0.231286
0.23005
0.228768
0.227444
0.226081
0.224683
0.223254
0.221798
0.22032
0.218823
0.217312
0.21579
0.214262
0.212726
0.211182
0.20963
0.20807
0.206502
0.204925
0.203337
0.201738
0.200124
0.198495
0.196847
0.195179
0.193488
0.191774
0.190035
0.188269
0.186477
0.184659
0.182815
0.180948
0.179058
0.177149
0.175223
0.173284
0.171336
0.169383
0.167429
0.165479
0.163538
0.161624
0.15973
0.15786
0.15602
0.154213
0.152445
0.150721
0.149049
0.147441
0.145911
0.144487
0.143211
0.142148
0.141422
0.14124
0.141973
0.144316
0.14817
0.153052
0.158703
0.164983
0.171818
0.17917
0.187023
0.195372
0.204218
0.213559
0.223391
0.233703
0.244472
0.255665
0.267236
0.279122
0.291248
0.303521
0.315839
0.328088
0.34015
0.351907
0.36325
0.374081
0.384317
0.393891
0.402757
0.41089
0.418284
0.424951
0.430922
0.240848
0.240121
0.239346
0.238522
0.237647
0.236719
0.235739
0.234706
0.23362
0.232483
0.231295
0.23006
0.228779
0.227455
0.226093
0.224696
0.223267
0.221812
0.220334
0.218837
0.217326
0.215805
0.214276
0.21274
0.211196
0.209643
0.208083
0.206514
0.204936
0.203348
0.201748
0.200133
0.198503
0.196854
0.195185
0.193494
0.191778
0.190037
0.18827
0.186477
0.184657
0.182812
0.180942
0.17905
0.177139
0.17521
0.173269
0.171318
0.169363
0.167406
0.165454
0.16351
0.161593
0.159697
0.157824
0.155981
0.154172
0.152402
0.150676
0.149003
0.147394
0.145864
0.144441
0.143168
0.142111
0.141396
0.141233
0.142002
0.144408
0.148305
0.153219
0.158896
0.165201
0.172058
0.179431
0.187306
0.195676
0.204543
0.213904
0.223756
0.234085
0.24487
0.256076
0.267656
0.279548
0.291674
0.303943
0.316251
0.328484
0.340525
0.352255
0.363566
0.374363
0.384561
0.394096
0.402922
0.411015
0.418371
0.425002
0.430938
0.240848
0.240122
0.239348
0.238524
0.23765
0.236723
0.235743
0.234711
0.233626
0.232489
0.231302
0.230067
0.228787
0.227464
0.226102
0.224705
0.223277
0.221822
0.220344
0.218848
0.217337
0.215815
0.214286
0.21275
0.211205
0.209653
0.208092
0.206523
0.204944
0.203356
0.201755
0.20014
0.198509
0.196859
0.195189
0.193497
0.191781
0.190039
0.188271
0.186476
0.184655
0.182808
0.180937
0.179044
0.177131
0.175201
0.173258
0.171305
0.169347
0.167389
0.165434
0.163489
0.16157
0.159671
0.157797
0.155952
0.154142
0.15237
0.150643
0.148969
0.147359
0.145829
0.144407
0.143136
0.142083
0.141376
0.141228
0.142023
0.144477
0.148406
0.153344
0.159041
0.165363
0.172237
0.179627
0.187517
0.195904
0.204786
0.214162
0.224028
0.23437
0.245167
0.256382
0.26797
0.279865
0.291992
0.304258
0.316558
0.328779
0.340803
0.352514
0.363802
0.374572
0.384743
0.394249
0.403045
0.411109
0.418436
0.425039
0.43095
0.240848
0.240122
0.239349
0.238526
0.237652
0.236725
0.235746
0.234714
0.233629
0.232493
0.231307
0.230072
0.228792
0.22747
0.226108
0.224711
0.223283
0.221828
0.220351
0.218854
0.217343
0.215822
0.214293
0.212756
0.211212
0.209659
0.208098
0.206528
0.20495
0.203361
0.201759
0.200144
0.198513
0.196863
0.195192
0.193499
0.191782
0.19004
0.188271
0.186476
0.184654
0.182806
0.180934
0.17904
0.177125
0.175194
0.17325
0.171296
0.169337
0.167377
0.165421
0.163474
0.161554
0.159654
0.157779
0.155933
0.154121
0.152348
0.150621
0.148946
0.147335
0.145806
0.144384
0.143115
0.142064
0.141363
0.141224
0.142036
0.144522
0.148473
0.153427
0.159138
0.165472
0.172357
0.179757
0.187658
0.196055
0.204947
0.214334
0.224209
0.23456
0.245364
0.256586
0.268178
0.280076
0.292203
0.304466
0.316761
0.328974
0.340988
0.352685
0.363958
0.374711
0.384863
0.39435
0.403127
0.411171
0.418479
0.425064
0.430958
0.240848
0.240123
0.239349
0.238527
0.237653
0.236726
0.235748
0.234716
0.233631
0.232495
0.231309
0.230075
0.228795
0.227473
0.226111
0.224715
0.223287
0.221832
0.220354
0.218858
0.217347
0.215825
0.214296
0.212759
0.211215
0.209662
0.208101
0.206531
0.204952
0.203363
0.201762
0.200146
0.198514
0.196864
0.195194
0.193501
0.191783
0.19004
0.188271
0.186476
0.184653
0.182805
0.180932
0.179037
0.177122
0.175191
0.173246
0.171291
0.169331
0.167371
0.165415
0.163467
0.161546
0.159645
0.15777
0.155923
0.154111
0.152337
0.150609
0.148934
0.147323
0.145794
0.144372
0.143104
0.142055
0.141356
0.141222
0.142043
0.144545
0.148506
0.153468
0.159186
0.165526
0.172416
0.179822
0.187728
0.19613
0.205027
0.214419
0.224299
0.234654
0.245462
0.256687
0.268281
0.280181
0.292308
0.30457
0.316862
0.329072
0.34108
0.352771
0.364036
0.374781
0.384924
0.3944
0.403168
0.411202
0.4185
0.425076
0.430962
0.240848
0.240123
0.239349
0.238527
0.237653
0.236726
0.235748
0.234716
0.233631
0.232495
0.231309
0.230075
0.228795
0.227473
0.226111
0.224715
0.223287
0.221832
0.220354
0.218858
0.217347
0.215825
0.214296
0.212759
0.211215
0.209662
0.208101
0.206531
0.204952
0.203363
0.201762
0.200146
0.198514
0.196864
0.195194
0.193501
0.191783
0.19004
0.188271
0.186475
0.184653
0.182805
0.180932
0.179037
0.177122
0.175191
0.173246
0.171291
0.169331
0.167371
0.165415
0.163467
0.161546
0.159645
0.15777
0.155923
0.154111
0.152337
0.150609
0.148934
0.147323
0.145794
0.144372
0.143104
0.142055
0.141356
0.141222
0.142043
0.144545
0.148506
0.153468
0.159186
0.165526
0.172416
0.179822
0.187728
0.19613
0.205028
0.214419
0.224299
0.234655
0.245462
0.256688
0.268282
0.280181
0.292308
0.30457
0.316862
0.329072
0.34108
0.352771
0.364036
0.374781
0.384924
0.394401
0.403168
0.411202
0.4185
0.425076
0.430962
0.240848
0.240122
0.239349
0.238526
0.237652
0.236725
0.235746
0.234714
0.233629
0.232493
0.231307
0.230072
0.228792
0.22747
0.226108
0.224711
0.223283
0.221828
0.220351
0.218854
0.217343
0.215822
0.214293
0.212756
0.211212
0.209659
0.208098
0.206528
0.20495
0.203361
0.201759
0.200144
0.198513
0.196863
0.195192
0.193499
0.191782
0.19004
0.188271
0.186476
0.184654
0.182806
0.180934
0.17904
0.177125
0.175194
0.17325
0.171296
0.169337
0.167377
0.165421
0.163474
0.161554
0.159654
0.157779
0.155933
0.154121
0.152348
0.15062
0.148946
0.147335
0.145806
0.144384
0.143115
0.142064
0.141363
0.141224
0.142036
0.144522
0.148473
0.153427
0.159138
0.165472
0.172357
0.179758
0.187659
0.196055
0.204948
0.214334
0.22421
0.234561
0.245365
0.256587
0.268179
0.280077
0.292204
0.304467
0.316762
0.328975
0.340989
0.352686
0.363959
0.374712
0.384864
0.394351
0.403127
0.411171
0.418479
0.425064
0.430958
0.240848
0.240122
0.239348
0.238524
0.23765
0.236723
0.235743
0.234711
0.233626
0.232489
0.231302
0.230067
0.228787
0.227464
0.226102
0.224705
0.223277
0.221822
0.220344
0.218848
0.217337
0.215815
0.214286
0.21275
0.211205
0.209653
0.208092
0.206523
0.204944
0.203356
0.201755
0.20014
0.198509
0.196859
0.195189
0.193497
0.191781
0.190039
0.188271
0.186476
0.184655
0.182808
0.180937
0.179044
0.177131
0.175201
0.173257
0.171305
0.169347
0.167389
0.165434
0.163489
0.16157
0.159671
0.157797
0.155952
0.154142
0.15237
0.150643
0.148969
0.147359
0.145829
0.144407
0.143136
0.142083
0.141376
0.141228
0.142023
0.144477
0.148406
0.153344
0.159042
0.165364
0.172238
0.179628
0.187518
0.195905
0.204787
0.214164
0.224029
0.234372
0.245168
0.256384
0.267971
0.279867
0.291994
0.304259
0.316559
0.328781
0.340805
0.352515
0.363803
0.374574
0.384744
0.39425
0.403046
0.411109
0.418436
0.425039
0.43095
0.240848
0.240121
0.239346
0.238522
0.237647
0.236719
0.235739
0.234706
0.23362
0.232483
0.231295
0.23006
0.228779
0.227455
0.226093
0.224696
0.223267
0.221812
0.220334
0.218837
0.217326
0.215805
0.214276
0.21274
0.211196
0.209643
0.208083
0.206514
0.204936
0.203348
0.201748
0.200133
0.198503
0.196854
0.195185
0.193494
0.191778
0.190037
0.18827
0.186477
0.184657
0.182812
0.180942
0.17905
0.177139
0.17521
0.173269
0.171318
0.169362
0.167406
0.165454
0.16351
0.161593
0.159696
0.157824
0.155981
0.154172
0.152402
0.150676
0.149003
0.147394
0.145864
0.144441
0.143168
0.142111
0.141396
0.141233
0.142002
0.144409
0.148306
0.15322
0.158897
0.165202
0.172059
0.179433
0.187307
0.195678
0.204545
0.213906
0.223758
0.234087
0.244872
0.256078
0.267659
0.27955
0.291677
0.303946
0.316253
0.328487
0.340527
0.352257
0.363568
0.374364
0.384563
0.394097
0.402923
0.411016
0.418371
0.425002
0.430938
0.240847
0.24012
0.239344
0.238519
0.237643
0.236715
0.235733
0.234699
0.233613
0.232474
0.231286
0.23005
0.228768
0.227444
0.226081
0.224683
0.223254
0.221798
0.22032
0.218823
0.217312
0.21579
0.214262
0.212726
0.211182
0.20963
0.20807
0.206502
0.204925
0.203337
0.201738
0.200124
0.198494
0.196847
0.195179
0.193488
0.191774
0.190034
0.188269
0.186477
0.184659
0.182815
0.180948
0.179058
0.177148
0.175223
0.173284
0.171336
0.169382
0.167429
0.165479
0.163538
0.161624
0.15973
0.15786
0.15602
0.154213
0.152444
0.150721
0.149049
0.147441
0.145911
0.144487
0.143211
0.142148
0.141422
0.14124
0.141974
0.144317
0.148171
0.153053
0.158704
0.164984
0.171819
0.179171
0.187024
0.195374
0.20422
0.213561
0.223394
0.233705
0.244474
0.255668
0.267239
0.279125
0.291251
0.303524
0.315842
0.328091
0.340153
0.35191
0.363252
0.374083
0.384319
0.393892
0.402758
0.410891
0.418284
0.424952
0.430923
0.240847
0.240118
0.239342
0.238515
0.237638
0.236708
0.235726
0.234691
0.233603
0.232463
0.231274
0.230036
0.228754
0.227429
0.226065
0.224666
0.223236
0.22178
0.220302
0.218805
0.217294
0.215772
0.214244
0.212709
0.211165
0.209614
0.208054
0.206487
0.20491
0.203323
0.201725
0.200112
0.198483
0.196837
0.19517
0.193481
0.191768
0.19003
0.188266
0.186476
0.18466
0.182819
0.180954
0.179067
0.17716
0.175237
0.173301
0.171356
0.169407
0.167456
0.16551
0.163573
0.161662
0.159771
0.157904
0.156067
0.154263
0.152497
0.150776
0.149106
0.147499
0.145969
0.144544
0.143264
0.142194
0.141455
0.141248
0.141938
0.144202
0.148003
0.152844
0.158461
0.164712
0.171519
0.178843
0.186669
0.194992
0.203811
0.213127
0.222935
0.233224
0.243974
0.255151
0.26671
0.278589
0.290714
0.302993
0.315324
0.327593
0.339682
0.351472
0.362853
0.373727
0.38401
0.393633
0.402549
0.410732
0.418174
0.424888
0.430903
0.240846
0.240116
0.239338
0.238511
0.237632
0.236701
0.235717
0.23468
0.233591
0.23245
0.231259
0.23002
0.228736
0.22741
0.226045
0.224646
0.223215
0.221758
0.220279
0.218782
0.217271
0.21575
0.214222
0.212687
0.211144
0.209593
0.208034
0.206467
0.204892
0.203306
0.201708
0.200097
0.198469
0.196824
0.195159
0.193471
0.19176
0.190024
0.188262
0.186475
0.184661
0.182822
0.18096
0.179076
0.177173
0.175253
0.173321
0.17138
0.169434
0.167488
0.165546
0.163613
0.161706
0.159819
0.157956
0.156123
0.154322
0.15256
0.150841
0.149174
0.147568
0.146039
0.144612
0.143328
0.14225
0.141494
0.141258
0.141896
0.144064
0.147801
0.152593
0.15817
0.164384
0.171156
0.178448
0.186241
0.194531
0.203319
0.212604
0.222382
0.232644
0.243369
0.254526
0.26607
0.277941
0.290064
0.30235
0.314695
0.326988
0.339109
0.35094
0.362368
0.373296
0.383635
0.393319
0.402296
0.410539
0.41804
0.424811
0.430878
0.240845
0.240114
0.239335
0.238505
0.237625
0.236692
0.235706
0.234668
0.233576
0.232434
0.231241
0.230001
0.228715
0.227388
0.226022
0.224621
0.22319
0.221732
0.220253
0.218755
0.217244
0.215723
0.214195
0.21266
0.211118
0.209568
0.20801
0.206444
0.204869
0.203284
0.201688
0.200078
0.198452
0.196808
0.195144
0.193458
0.191749
0.190016
0.188256
0.186471
0.18466
0.182825
0.180966
0.179085
0.177186
0.175271
0.173343
0.171406
0.169465
0.167524
0.165586
0.163658
0.161756
0.159874
0.158016
0.156186
0.15439
0.152632
0.150916
0.149252
0.147648
0.14612
0.144691
0.143402
0.142314
0.14154
0.14127
0.141846
0.143903
0.147564
0.152299
0.157829
0.164
0.170733
0.177985
0.18574
0.193992
0.202742
0.21199
0.221733
0.231962
0.242659
0.253792
0.265317
0.277178
0.289299
0.301592
0.313955
0.326275
0.338434
0.350312
0.361796
0.372786
0.383193
0.392946
0.401996
0.41031
0.417882
0.424719
0.430849
0.240845
0.240111
0.23933
0.238499
0.237616
0.236681
0.235693
0.234653
0.233559
0.232415
0.23122
0.229978
0.228691
0.227361
0.225994
0.224592
0.22316
0.221701
0.220221
0.218723
0.217212
0.215691
0.214164
0.212629
0.211087
0.209538
0.207981
0.206416
0.204842
0.203259
0.201663
0.200055
0.19843
0.196788
0.195126
0.193442
0.191736
0.190004
0.188247
0.186465
0.184658
0.182825
0.18097
0.179094
0.177199
0.175288
0.173365
0.171434
0.169498
0.167562
0.16563
0.163708
0.161811
0.159934
0.158082
0.156257
0.154466
0.152712
0.151001
0.14934
0.147738
0.146211
0.144781
0.143487
0.142388
0.141592
0.141284
0.14179
0.143719
0.147294
0.151964
0.157439
0.163562
0.170248
0.177456
0.185166
0.193374
0.202081
0.211286
0.220989
0.23118
0.241843
0.252948
0.264452
0.2763
0.288418
0.300719
0.313101
0.325453
0.337655
0.349587
0.361135
0.372196
0.38268
0.392515
0.401648
0.410046
0.417698
0.424613
0.430816
0.240844
0.240108
0.239325
0.238491
0.237606
0.236669
0.235679
0.234635
0.23354
0.232393
0.231196
0.229951
0.228662
0.227331
0.225961
0.224558
0.223125
0.221665
0.220184
0.218686
0.217175
0.215654
0.214127
0.212593
0.211052
0.209503
0.207947
0.206383
0.20481
0.203228
0.201634
0.200027
0.198404
0.196764
0.195104
0.193423
0.191718
0.189989
0.188235
0.186456
0.184652
0.182824
0.180973
0.179101
0.177211
0.175305
0.173388
0.171462
0.169532
0.167602
0.165677
0.163761
0.161869
0.159999
0.158152
0.156334
0.154549
0.1528
0.151094
0.149437
0.147838
0.146312
0.144881
0.143581
0.14247
0.141651
0.141299
0.141727
0.143514
0.146993
0.15159
0.157004
0.163071
0.169706
0.176863
0.184523
0.192681
0.201338
0.210495
0.220151
0.230299
0.240924
0.251996
0.263476
0.275308
0.287422
0.29973
0.312133
0.32452
0.33677
0.348763
0.360383
0.371525
0.382097
0.392025
0.401252
0.409744
0.417489
0.424491
0.430778
0.240842
0.240105
0.239319
0.238482
0.237595
0.236655
0.235662
0.234616
0.233517
0.232367
0.231168
0.229921
0.228629
0.227296
0.225924
0.224519
0.223085
0.221624
0.220143
0.218644
0.217132
0.215612
0.214085
0.212551
0.211011
0.209463
0.207908
0.206345
0.204774
0.203193
0.201601
0.199995
0.198374
0.196736
0.195078
0.193398
0.191696
0.18997
0.18822
0.186444
0.184643
0.182819
0.180972
0.179105
0.17722
0.17532
0.173409
0.17149
0.169566
0.167643
0.165725
0.163816
0.16193
0.160067
0.158227
0.156416
0.154637
0.152895
0.151194
0.149542
0.147947
0.146422
0.14499
0.143684
0.142561
0.141715
0.141317
0.141659
0.143289
0.146663
0.151179
0.156525
0.162532
0.169109
0.176209
0.183814
0.191916
0.200517
0.20962
0.219225
0.229324
0.239905
0.25094
0.262392
0.274206
0.286313
0.298629
0.311055
0.323479
0.335782
0.347842
0.359541
0.370773
0.381444
0.391475
0.400808
0.409406
0.417254
0.424355
0.430735
0.240841
0.240101
0.239312
0.238473
0.237582
0.236639
0.235642
0.234593
0.233492
0.232339
0.231136
0.229886
0.228592
0.227256
0.225883
0.224476
0.223039
0.221578
0.220095
0.218596
0.217084
0.215564
0.214037
0.212505
0.210965
0.209418
0.207864
0.206302
0.204732
0.203153
0.201562
0.199958
0.198339
0.196703
0.195047
0.19337
0.191671
0.189947
0.1882
0.186427
0.184631
0.182811
0.180969
0.179107
0.177227
0.175333
0.173428
0.171516
0.169599
0.167684
0.165773
0.163872
0.161993
0.160137
0.158305
0.156501
0.15473
0.152994
0.1513
0.149653
0.148062
0.14654
0.145107
0.143796
0.142659
0.141787
0.141338
0.141589
0.143051
0.146309
0.150737
0.15601
0.161951
0.168464
0.175503
0.183046
0.191087
0.199627
0.208671
0.218218
0.228263
0.238795
0.249788
0.261207
0.273
0.285099
0.297422
0.30987
0.322334
0.334694
0.346828
0.358613
0.369944
0.380722
0.390867
0.400316
0.409031
0.416993
0.424204
0.430687
0.24084
0.240096
0.239304
0.238461
0.237567
0.236621
0.235621
0.234568
0.233463
0.232307
0.231101
0.229848
0.22855
0.227212
0.225836
0.224427
0.222989
0.221526
0.220043
0.218543
0.217031
0.215511
0.213985
0.212453
0.210914
0.209368
0.207815
0.206255
0.204686
0.203108
0.201519
0.199917
0.1983
0.196665
0.195012
0.193337
0.19164
0.18992
0.188176
0.186407
0.184614
0.182798
0.180961
0.179105
0.177231
0.175343
0.173445
0.171539
0.16963
0.167722
0.16582
0.163927
0.162054
0.160207
0.158384
0.156588
0.154824
0.153096
0.151409
0.149768
0.148183
0.146664
0.145231
0.143915
0.142765
0.141866
0.141368
0.141527
0.142818
0.145947
0.150278
0.155469
0.161337
0.167782
0.174754
0.18223
0.190205
0.19868
0.207658
0.217142
0.227128
0.237606
0.248553
0.259935
0.271703
0.283791
0.296119
0.30859
0.321096
0.333515
0.345726
0.357605
0.369042
0.379936
0.390204
0.39978
0.408622
0.416709
0.424039
0.430635
0.240838
0.240091
0.239295
0.238449
0.237551
0.236601
0.235597
0.23454
0.233431
0.232271
0.231062
0.229805
0.228505
0.227163
0.225785
0.224374
0.222934
0.22147
0.219986
0.218486
0.216974
0.215454
0.213928
0.212397
0.210859
0.209314
0.207762
0.206204
0.204637
0.20306
0.201473
0.199873
0.198257
0.196625
0.194973
0.193301
0.191606
0.189889
0.188148
0.186382
0.184594
0.182782
0.18095
0.179098
0.17723
0.175349
0.173457
0.171559
0.169658
0.167758
0.165864
0.16398
0.162114
0.160275
0.158461
0.156674
0.154918
0.153199
0.151519
0.149886
0.148306
0.146791
0.145359
0.144039
0.142879
0.141956
0.141412
0.141488
0.142625
0.145599
0.149817
0.154917
0.160705
0.167077
0.173977
0.181383
0.189287
0.197692
0.206601
0.216017
0.22594
0.236359
0.247255
0.258595
0.270334
0.282408
0.294738
0.307231
0.319777
0.332259
0.34455
0.356526
0.368075
0.379093
0.389493
0.399205
0.408183
0.416403
0.423862
0.430579
0.240836
0.240086
0.239286
0.238436
0.237534
0.236579
0.235571
0.23451
0.233397
0.232233
0.231019
0.229759
0.228456
0.227111
0.225731
0.224318
0.222876
0.221411
0.219926
0.218425
0.216914
0.215394
0.213869
0.212339
0.210802
0.209258
0.207708
0.20615
0.204585
0.20301
0.201424
0.199826
0.198212
0.196581
0.194932
0.193262
0.19157
0.189855
0.188116
0.186354
0.184569
0.182762
0.180935
0.179088
0.177226
0.175351
0.173466
0.171574
0.169681
0.167789
0.165904
0.164028
0.16217
0.16034
0.158534
0.156756
0.15501
0.153299
0.151627
0.150001
0.148427
0.146917
0.145488
0.144166
0.142998
0.142056
0.141476
0.141484
0.142498
0.145284
0.149371
0.154371
0.160073
0.166367
0.173192
0.180525
0.188356
0.196687
0.205524
0.21487
0.224724
0.235081
0.245921
0.257216
0.268921
0.280977
0.293307
0.305818
0.318404
0.330946
0.343319
0.355396
0.367061
0.378208
0.388745
0.398599
0.40772
0.416081
0.423675
0.43052
0.240834
0.24008
0.239276
0.238422
0.237515
0.236556
0.235544
0.234478
0.233361
0.232192
0.230975
0.229711
0.228404
0.227057
0.225674
0.224259
0.222816
0.22135
0.219864
0.218364
0.216852
0.215333
0.213809
0.21228
0.210744
0.209202
0.207653
0.206097
0.204533
0.20296
0.201376
0.199778
0.198166
0.196537
0.19489
0.193222
0.191532
0.189819
0.188084
0.186325
0.184543
0.18274
0.180916
0.179075
0.177218
0.175348
0.17347
0.171585
0.169699
0.167815
0.165938
0.164071
0.16222
0.160399
0.158602
0.156832
0.155095
0.153392
0.151729
0.15011
0.148544
0.147039
0.145612
0.14429
0.143116
0.142159
0.141546
0.141495
0.142399
0.144991
0.148946
0.153843
0.159459
0.165674
0.172425
0.179684
0.187441
0.195699
0.204462
0.213736
0.223521
0.233813
0.244595
0.25584
0.267508
0.27954
0.291864
0.304389
0.31701
0.32961
0.342061
0.354237
0.366018
0.377295
0.387972
0.397973
0.407241
0.415747
0.423481
0.430459
0.240832
0.240074
0.239266
0.238407
0.237496
0.236532
0.235515
0.234445
0.233323
0.232151
0.23093
0.229663
0.228353
0.227003
0.225618
0.224201
0.222757
0.22129
0.219804
0.218304
0.216793
0.215275
0.213752
0.212224
0.210689
0.209148
0.2076
0.206046
0.204484
0.202912
0.201329
0.199734
0.198123
0.196496
0.19485
0.193183
0.191495
0.189785
0.188051
0.186295
0.184516
0.182716
0.180897
0.179059
0.177207
0.175343
0.17347
0.171592
0.169712
0.167835
0.165965
0.164106
0.162262
0.160449
0.15866
0.156899
0.15517
0.153475
0.15182
0.150209
0.148649
0.147149
0.145727
0.144405
0.143226
0.142255
0.141614
0.141509
0.142313
0.144723
0.148551
0.153352
0.158887
0.165027
0.171707
0.178896
0.186584
0.19477
0.203462
0.212665
0.222382
0.232608
0.24333
0.254524
0.26615
0.278155
0.290468
0.303001
0.315651
0.328301
0.340825
0.353095
0.364987
0.376391
0.387206
0.397351
0.406766
0.415416
0.423289
0.430398
0.24083
0.240068
0.239255
0.238392
0.237477
0.236508
0.235487
0.234413
0.233287
0.232111
0.230887
0.229617
0.228304
0.226952
0.225565
0.224147
0.222702
0.221235
0.219749
0.218249
0.216739
0.215222
0.213701
0.212174
0.21064
0.209101
0.207555
0.206002
0.204441
0.20287
0.201289
0.199695
0.198085
0.196459
0.194814
0.193149
0.191463
0.189754
0.188022
0.186268
0.184492
0.182694
0.180878
0.179044
0.177196
0.175336
0.173467
0.171594
0.16972
0.167849
0.165986
0.164133
0.162295
0.160489
0.158707
0.156954
0.155231
0.153544
0.151895
0.150291
0.148737
0.147242
0.145823
0.144502
0.14332
0.142338
0.141673
0.141522
0.14224
0.144491
0.14821
0.152926
0.15839
0.164465
0.171083
0.178209
0.185834
0.193957
0.202584
0.211722
0.221374
0.231538
0.242203
0.253345
0.264929
0.276904
0.2892
0.301732
0.314401
0.327089
0.339673
0.352023
0.364014
0.375532
0.386474
0.396754
0.406308
0.415096
0.423103
0.430339
0.240829
0.240062
0.239246
0.238379
0.23746
0.236488
0.235463
0.234385
0.233256
0.232077
0.23085
0.229578
0.228263
0.22691
0.225522
0.224103
0.222658
0.22119
0.219705
0.218206
0.216696
0.215181
0.21366
0.212135
0.210603
0.209064
0.207519
0.205968
0.204408
0.202839
0.201259
0.199665
0.198057
0.196432
0.194788
0.193123
0.191438
0.18973
0.188
0.186247
0.184472
0.182676
0.180862
0.179031
0.177185
0.175329
0.173464
0.171595
0.169725
0.167858
0.165999
0.164151
0.162318
0.160518
0.158741
0.156993
0.155275
0.153593
0.15195
0.150351
0.148801
0.147311
0.145894
0.144574
0.143389
0.142399
0.141717
0.141531
0.142184
0.144312
0.147948
0.1526
0.158008
0.164033
0.170601
0.177678
0.185253
0.193324
0.201898
0.210983
0.220582
0.230693
0.241308
0.252404
0.263949
0.275893
0.288169
0.300696
0.313374
0.326089
0.338717
0.351129
0.363199
0.37481
0.385857
0.39625
0.405921
0.414827
0.422947
0.43029
0.240827
0.240058
0.239239
0.238369
0.237447
0.236473
0.235445
0.234365
0.233234
0.232053
0.230825
0.229551
0.228235
0.226881
0.225493
0.224073
0.222628
0.221161
0.219676
0.218177
0.216669
0.215155
0.213635
0.212111
0.21058
0.209042
0.207498
0.205948
0.204389
0.20282
0.201241
0.199648
0.19804
0.196416
0.194772
0.193108
0.191423
0.189716
0.187986
0.186234
0.18446
0.182666
0.180853
0.179023
0.177179
0.175324
0.173461
0.171594
0.169726
0.167862
0.166006
0.16416
0.162331
0.160533
0.158759
0.157013
0.155299
0.15362
0.15198
0.150383
0.148836
0.147348
0.145933
0.144613
0.143427
0.142433
0.141741
0.141536
0.142152
0.144211
0.147798
0.152413
0.157789
0.163784
0.170324
0.177372
0.184915
0.192954
0.201495
0.210545
0.220109
0.230185
0.240765
0.251829
0.263345
0.275264
0.287522
0.300038
0.312715
0.32544
0.338091
0.350537
0.362652
0.374319
0.385431
0.395896
0.405644
0.414631
0.422832
0.430253
)
;

boundaryField
{
    fuel
    {
        type            calculated;
        value           nonuniform List<scalar> 
40
(
0.241188
0.241188
0.241188
0.241188
0.241188
0.241188
0.241188
0.241188
0.241188
0.241188
0.241188
0.241188
0.241188
0.241188
0.241188
0.241188
0.241188
0.241188
0.241188
0.241188
0.241188
0.241188
0.241188
0.241188
0.241188
0.241188
0.241188
0.241188
0.241188
0.241188
0.241188
0.241188
0.241188
0.241188
0.241188
0.241188
0.241188
0.241188
0.241188
0.241188
)
;
    }
    air
    {
        type            calculated;
        value           nonuniform List<scalar> 
40
(
0.433575
0.433575
0.433575
0.433575
0.433575
0.433575
0.433575
0.433575
0.433575
0.433575
0.433575
0.433575
0.433575
0.433575
0.433575
0.433575
0.433575
0.433575
0.433575
0.433575
0.433575
0.433575
0.433575
0.433575
0.433575
0.433575
0.433575
0.433575
0.433575
0.433575
0.433575
0.433575
0.433575
0.433575
0.433575
0.433575
0.433575
0.433575
0.433575
0.433575
)
;
    }
    outlet
    {
        type            calculated;
        value           nonuniform List<scalar> 
200
(
0.240828
0.240059
0.239241
0.238372
0.237451
0.236477
0.235451
0.234372
0.233242
0.232062
0.230834
0.229561
0.228247
0.226893
0.225506
0.224087
0.222643
0.221176
0.219692
0.218194
0.216686
0.215172
0.213654
0.212129
0.210598
0.209061
0.207517
0.205967
0.204408
0.202839
0.20126
0.199667
0.198059
0.196433
0.19479
0.193125
0.19144
0.189732
0.188002
0.186249
0.184475
0.18268
0.180866
0.179036
0.177191
0.175336
0.173472
0.171604
0.169736
0.167872
0.166015
0.164169
0.162339
0.16054
0.158766
0.15702
0.155305
0.153626
0.151985
0.150388
0.148841
0.147352
0.145937
0.144617
0.143431
0.142436
0.141744
0.141539
0.142156
0.144216
0.147804
0.152419
0.157797
0.163793
0.170333
0.177381
0.184926
0.192966
0.201508
0.210559
0.220123
0.2302
0.240781
0.251846
0.263362
0.275282
0.28754
0.300057
0.312733
0.325458
0.338108
0.350553
0.362667
0.374332
0.385442
0.395905
0.405652
0.414636
0.422835
0.430254
0.240828
0.240059
0.239241
0.238372
0.237451
0.236477
0.235451
0.234372
0.233242
0.232062
0.230834
0.229561
0.228246
0.226893
0.225506
0.224087
0.222643
0.221176
0.219692
0.218194
0.216686
0.215172
0.213654
0.212129
0.210598
0.209061
0.207517
0.205967
0.204408
0.202839
0.20126
0.199667
0.198058
0.196433
0.194789
0.193125
0.19144
0.189732
0.188001
0.186249
0.184474
0.182679
0.180866
0.179035
0.177191
0.175335
0.173471
0.171604
0.169736
0.167871
0.166014
0.164168
0.162338
0.160539
0.158765
0.157019
0.155305
0.153625
0.151984
0.150387
0.14884
0.147352
0.145936
0.144616
0.14343
0.142436
0.141744
0.141539
0.142157
0.144218
0.147807
0.152423
0.157801
0.163797
0.170338
0.177387
0.184931
0.192972
0.201514
0.210566
0.22013
0.230208
0.240789
0.251855
0.263371
0.27529
0.287549
0.300066
0.312743
0.325467
0.338117
0.350561
0.362674
0.374339
0.385448
0.39591
0.405656
0.414638
0.422836
0.430255
)
;
    }
    frontAndBack
    {
        type            empty;
    }
}


// ************************************************************************* //
