/*--------------------------------*- C++ -*----------------------------------*\
| =========                 |                                                 |
| \\      /  F ield         | OpenFOAM: The Open Source CFD Toolbox           |
|  \\    /   O peration     | Version:  2312                                  |
|   \\  /    A nd           | Website:  www.openfoam.com                      |
|    \\/     M anipulation  |                                                 |
\*---------------------------------------------------------------------------*/
FoamFile
{
    version     2.0;
    format      ascii;
    arch        "LSB;label=64;scalar=64";
    class       volScalarField;
    location    "0.2";
    object      T;
}
// * * * * * * * * * * * * * * * * * * * * * * * * * * * * * * * * * * * * * //

dimensions      [0 0 0 1 0 0 0];

internalField   nonuniform List<scalar> 
4000
(
800.41
801.308
802.304
803.415
804.662
806.066
807.651
809.445
811.478
813.782
816.394
819.352
822.699
826.48
830.741
835.535
840.915
846.935
853.654
861.128
869.418
878.582
888.678
899.762
911.889
925.107
939.464
954.999
971.746
989.732
1008.98
1029.53
1051.4
1074.59
1099.1
1124.91
1152.02
1180.38
1209.98
1240.75
1272.66
1305.65
1339.47
1374.2
1409.79
1446.15
1483.2
1520.87
1559.07
1597.72
1636.73
1676.02
1715.49
1755.07
1794.65
1834.14
1873.44
1912.43
1950.94
1988.77
2025.6
2060.94
2094.02
2123.54
2147.43
2162.08
2161.28
2134.53
2086.4
2026.4
1960.09
1890.71
1820.23
1749.87
1680.4
1612.34
1546.07
1481.91
1420.1
1360.89
1304.46
1251.02
1200.71
1153.67
1109.99
1069.72
1032.87
999.407
969.256
942.281
918.317
897.176
878.644
862.496
848.496
836.411
826.012
817.082
809.424
802.846
800.408
801.302
802.293
803.398
804.638
806.034
807.611
809.396
811.418
813.711
816.309
819.253
822.584
826.347
830.59
835.364
840.722
846.72
853.415
860.866
869.131
878.27
888.341
899.401
911.504
924.7
939.036
954.552
971.284
989.256
1008.5
1029.04
1050.9
1074.1
1098.61
1124.44
1151.57
1179.96
1209.58
1240.39
1272.34
1305.38
1339.24
1374.03
1409.68
1446.1
1483.22
1520.96
1559.24
1597.96
1637.05
1676.42
1715.98
1755.64
1795.31
1834.9
1874.29
1913.36
1951.95
1989.85
2026.73
2062.11
2095.17
2124.6
2148.28
2162.48
2160.85
2132.65
2083.63
2023.1
1956.44
1886.85
1816.23
1745.78
1676.26
1608.18
1541.92
1477.8
1416.06
1356.94
1300.64
1247.35
1197.23
1150.39
1106.94
1066.91
1030.32
997.126
967.242
940.528
916.817
895.913
877.601
861.654
847.835
835.911
825.653
816.845
809.294
802.807
800.405
801.295
802.281
803.38
804.614
806.003
807.571
809.347
811.359
813.641
816.228
819.159
822.476
826.224
830.452
835.209
840.55
846.53
853.205
860.636
868.881
877.999
888.048
899.087
911.17
924.346
938.664
954.164
970.881
988.842
1008.07
1028.61
1050.48
1073.68
1098.21
1124.06
1151.2
1179.63
1209.29
1240.15
1272.15
1305.25
1339.2
1374.08
1409.81
1446.34
1483.57
1521.43
1559.82
1598.68
1637.9
1677.41
1717.11
1756.92
1796.74
1836.47
1876
1915.22
1953.95
1991.97
2028.95
2064.37
2097.39
2126.65
2149.93
2163.34
2160.25
2129.57
2079.09
2017.67
1950.47
1880.54
1809.73
1739.17
1669.61
1601.55
1535.36
1471.35
1409.78
1350.86
1294.81
1241.81
1192
1145.52
1102.44
1062.81
1026.62
993.837
964.354
938.027
914.683
894.124
876.131
860.472
846.911
835.215
825.155
816.519
809.115
802.753
800.404
801.289
802.269
803.364
804.591
805.973
807.535
809.302
811.306
813.578
816.155
819.075
822.381
826.117
830.332
835.076
840.402
846.366
853.026
860.44
868.668
877.769
887.802
898.824
910.89
924.051
938.355
953.843
970.55
988.505
1007.73
1028.27
1050.15
1073.36
1097.91
1123.78
1150.96
1179.43
1209.14
1240.06
1272.15
1305.33
1339.37
1374.36
1410.21
1446.86
1484.23
1522.24
1560.79
1599.8
1639.2
1678.88
1718.76
1758.76
1798.76
1838.68
1878.4
1917.8
1956.7
1994.86
2031.94
2067.4
2100.36
2129.35
2152.08
2164.41
2159.4
2125.59
2073.28
2010.77
1942.92
1872.61
1801.58
1730.93
1661.36
1593.36
1527.3
1463.47
1402.13
1343.5
1287.78
1235.16
1185.77
1139.73
1097.13
1057.98
1022.29
989.991
960.984
935.114
912.202
892.045
874.421
859.097
845.835
834.403
824.573
816.137
808.904
802.689
800.402
801.284
802.261
803.351
804.574
805.951
807.506
809.267
811.264
813.529
816.098
819.009
822.306
826.032
830.236
834.969
840.283
846.236
852.883
860.284
868.499
877.586
887.606
898.615
910.669
923.82
938.115
953.596
970.299
988.254
1007.49
1028.03
1049.92
1073.15
1097.73
1123.64
1150.86
1179.38
1209.16
1240.15
1272.32
1305.6
1339.75
1374.86
1410.85
1447.65
1485.17
1523.34
1562.07
1601.27
1640.86
1680.74
1720.83
1761.02
1801.24
1841.37
1881.3
1920.89
1959.97
1998.28
2035.46
2070.93
2103.75
2132.36
2154.35
2165.25
2157.7
2120.69
2066.5
2002.88
1934.37
1863.68
1792.45
1721.73
1652.18
1584.29
1518.39
1454.8
1393.75
1335.46
1280.14
1227.96
1179.05
1133.52
1091.44
1052.84
1017.69
985.929
957.439
932.062
909.612
889.882
872.647
857.673
844.722
833.563
823.971
815.741
808.685
802.623
800.401
801.28
802.254
803.341
804.561
805.934
807.485
809.242
811.233
813.492
816.055
818.96
822.249
825.968
830.164
834.888
840.194
846.137
852.775
860.166
868.371
877.45
887.461
898.462
910.509
923.655
937.946
953.426
970.132
988.092
1007.33
1027.9
1049.8
1073.06
1097.67
1123.63
1150.91
1179.49
1209.34
1240.41
1272.67
1306.06
1340.33
1375.57
1411.71
1448.66
1486.35
1524.7
1563.61
1603.01
1642.79
1682.89
1723.19
1763.6
1804.03
1844.38
1884.52
1924.3
1963.55
2002.01
2039.26
2074.7
2107.31
2135.4
2156.38
2165.4
2154.47
2114.78
2058.98
1994.39
1925.29
1854.27
1782.89
1712.12
1642.63
1574.87
1509.18
1445.85
1385.12
1327.22
1272.33
1220.62
1172.22
1127.23
1085.7
1047.66
1013.07
981.856
953.892
929.012
907.027
887.725
870.879
856.253
843.611
832.723
823.369
815.344
808.465
802.556
800.4
801.278
802.25
803.335
804.552
805.923
807.471
809.224
811.212
813.468
816.026
818.926
822.211
825.924
830.114
834.833
840.132
846.069
852.701
860.086
868.286
877.359
887.365
898.363
910.408
923.553
937.846
953.331
970.044
988.017
1007.28
1027.86
1049.8
1073.09
1097.74
1123.74
1151.08
1179.73
1209.66
1240.83
1273.19
1306.68
1341.09
1376.46
1412.75
1449.86
1487.72
1526.24
1565.35
1604.94
1644.93
1685.23
1725.74
1766.37
1807.01
1847.57
1887.91
1927.88
1967.3
2005.87
2043.17
2078.54
2110.88
2138.38
2158.2
2165.1
2150.38
2108.36
2051.15
1985.7
1916.1
1844.79
1773.29
1702.51
1633.1
1565.5
1500.03
1436.99
1376.61
1319.1
1264.65
1213.42
1165.54
1121.09
1080.11
1042.63
1008.59
977.916
950.466
926.072
904.538
885.649
869.177
854.887
842.543
831.916
822.789
814.962
808.253
802.492
800.4
801.276
802.248
803.332
804.547
805.916
807.463
809.214
811.2
813.453
816.009
818.907
822.188
825.898
830.085
834.8
840.096
846.029
852.658
860.04
868.237
877.309
887.314
898.313
910.36
923.509
937.809
953.304
970.031
988.02
1007.3
1027.91
1049.88
1073.21
1097.92
1123.98
1151.38
1180.1
1210.12
1241.38
1273.84
1307.45
1341.98
1377.5
1413.93
1451.2
1489.22
1527.92
1567.21
1606.99
1647.18
1687.68
1728.4
1769.23
1810.08
1850.83
1891.35
1931.5
1971.06
2009.73
2047.06
2082.33
2114.38
2141.27
2159.9
2164.67
2146.18
2101.95
2043.41
1977.17
1907.12
1835.57
1763.97
1693.21
1623.89
1556.46
1491.22
1428.47
1368.44
1311.33
1257.32
1206.56
1159.18
1115.25
1074.81
1037.86
1004.36
974.193
947.232
923.297
902.189
883.691
867.573
853.598
841.534
831.153
822.241
814.6
808.053
802.431
800.4
801.276
802.247
803.33
804.545
805.914
807.46
809.21
811.195
813.447
816.001
818.898
822.177
825.886
830.072
834.785
840.08
846.012
852.64
860.022
868.22
877.293
887.301
898.304
910.357
923.515
937.826
953.334
970.079
988.091
1007.4
1028.04
1050.05
1073.43
1098.18
1124.3
1151.77
1180.57
1210.67
1242.03
1274.59
1308.32
1342.97
1378.62
1415.2
1452.62
1490.81
1529.68
1569.14
1609.1
1649.48
1690.16
1731.07
1772.09
1813.13
1854.06
1894.75
1935.05
1974.74
2013.49
2050.83
2085.99
2117.74
2144.03
2161.51
2164.21
2142.14
2095.81
2036.03
1969.06
1898.58
1826.82
1755.14
1684.41
1615.2
1547.93
1482.94
1420.47
1360.77
1304.04
1250.45
1200.15
1153.25
1109.81
1069.88
1033.43
1000.42
970.74
944.234
920.727
900.015
881.879
866.087
852.405
840.599
830.446
821.732
814.265
807.867
802.375
800.4
801.276
802.247
803.331
804.546
805.914
807.46
809.211
811.195
813.447
816.002
818.898
822.177
825.886
830.071
834.785
840.08
846.014
852.643
860.028
868.228
877.306
887.32
898.33
910.393
923.562
937.888
953.414
970.18
988.218
1007.56
1028.24
1050.28
1073.71
1098.52
1124.7
1152.24
1181.12
1211.3
1242.75
1275.42
1309.26
1344.03
1379.81
1416.52
1454.09
1492.43
1531.45
1571.08
1611.21
1651.75
1692.62
1733.69
1774.89
1816.09
1857.18
1898.03
1938.47
1978.25
2017.07
2054.41
2089.46
2120.9
2146.62
2163
2163.76
2138.34
2090.06
2029.13
1961.48
1890.63
1818.68
1746.94
1676.24
1607.14
1540.05
1475.28
1413.09
1353.71
1297.34
1244.14
1194.26
1147.8
1104.83
1065.36
1029.38
996.829
967.585
941.497
918.38
898.03
880.224
864.731
851.315
839.746
829.8
821.268
813.958
807.697
802.323
800.4
801.277
802.248
803.332
804.548
805.917
807.463
809.214
811.2
813.452
816.008
818.904
822.185
825.895
830.082
834.797
840.095
846.031
852.663
860.052
868.258
877.342
887.364
898.384
910.458
923.642
937.984
953.531
970.321
988.385
1007.76
1028.47
1050.56
1074.04
1098.9
1125.14
1152.75
1181.7
1211.97
1243.51
1276.28
1310.22
1345.11
1381.01
1417.85
1455.55
1494.03
1533.2
1572.98
1613.26
1653.96
1694.98
1736.21
1777.56
1818.91
1860.15
1901.13
1941.68
1981.56
2020.42
2057.74
2092.68
2123.84
2149.01
2164.37
2163.33
2134.84
2084.77
2022.79
1954.54
1883.35
1811.24
1739.46
1668.8
1599.81
1532.87
1468.31
1406.38
1347.3
1291.26
1238.43
1188.94
1142.89
1100.33
1061.29
1025.73
993.589
964.743
939.031
916.267
896.242
878.734
863.509
850.333
838.977
829.218
820.849
813.681
807.544
802.277
800.4
801.277
802.25
803.335
804.551
805.921
807.469
809.221
811.207
813.461
816.018
818.916
822.199
825.91
830.1
834.818
840.119
846.058
852.696
860.09
868.303
877.394
887.426
898.457
910.545
923.744
938.105
953.673
970.487
988.58
1007.98
1028.74
1050.87
1074.39
1099.31
1125.61
1153.28
1182.31
1212.65
1244.28
1277.14
1311.19
1346.18
1382.19
1419.14
1456.97
1495.57
1534.88
1574.79
1615.21
1656.05
1697.2
1738.57
1780.06
1821.54
1862.9
1904
1944.64
1984.6
2023.5
2060.8
2095.62
2126.5
2151.17
2165.59
2162.89
2131.65
2079.98
2017.07
1948.27
1876.79
1804.54
1732.73
1662.11
1593.22
1526.44
1462.07
1400.38
1341.57
1285.83
1233.33
1184.19
1138.5
1096.32
1057.66
1022.48
990.707
962.216
936.839
914.389
894.653
877.409
862.423
849.461
838.293
828.7
820.476
813.435
807.407
802.235
800.4
801.279
802.252
803.338
804.555
805.926
807.475
809.229
811.217
813.472
816.03
818.931
822.216
825.93
830.122
834.844
840.149
846.093
852.736
860.137
868.357
877.457
887.499
898.542
910.644
923.859
938.239
953.829
970.668
988.789
1008.22
1029.01
1051.19
1074.76
1099.72
1126.08
1153.82
1182.91
1213.33
1245.03
1277.98
1312.12
1347.2
1383.31
1420.37
1458.31
1497.03
1536.45
1576.48
1617.02
1657.98
1699.26
1740.75
1782.35
1823.95
1865.41
1906.6
1947.33
1987.35
2026.28
2063.55
2098.26
2128.89
2153.1
2166.66
2162.47
2128.79
2075.7
2011.97
1942.71
1870.97
1798.6
1726.76
1656.19
1587.4
1520.76
1456.57
1395.08
1336.51
1281.05
1228.84
1180.01
1134.65
1092.8
1054.48
1019.63
988.181
960
934.918
912.742
893.261
876.248
861.471
848.695
837.693
828.246
820.15
813.219
807.288
802.199
800.401
801.28
802.254
803.341
804.56
805.932
807.482
809.237
811.227
813.484
816.044
818.947
822.235
825.952
830.147
834.873
840.182
846.131
852.78
860.187
868.415
877.525
887.577
898.632
910.748
923.98
938.378
953.989
970.852
989
1008.47
1029.29
1051.5
1075.11
1100.13
1126.54
1154.33
1183.48
1213.97
1245.75
1278.77
1312.99
1348.16
1384.36
1421.51
1459.54
1498.36
1537.88
1578.01
1618.66
1659.73
1701.11
1742.7
1784.4
1826.1
1867.65
1908.93
1949.72
1989.78
2028.73
2065.97
2100.57
2130.96
2154.75
2167.54
2162.03
2126.23
2071.92
2007.49
1937.83
1865.88
1793.43
1721.57
1651.04
1582.34
1515.82
1451.79
1390.49
1332.14
1276.91
1224.95
1176.4
1131.32
1089.76
1051.73
1017.17
986
958.088
933.26
911.322
892.06
875.247
860.65
848.035
837.175
827.854
819.867
813.033
807.185
802.168
800.401
801.281
802.257
803.344
804.564
805.938
807.489
809.246
811.237
813.496
816.059
818.964
822.254
825.974
830.173
834.902
840.216
846.17
852.824
860.239
868.474
877.593
887.655
898.722
910.851
924.098
938.514
954.145
971.03
989.203
1008.7
1029.55
1051.8
1075.45
1100.5
1126.96
1154.8
1184.01
1214.56
1246.4
1279.49
1313.77
1349.02
1385.3
1422.53
1460.64
1499.55
1539.16
1579.38
1620.11
1661.27
1702.73
1744.42
1786.2
1827.97
1869.6
1910.94
1951.79
1991.89
2030.84
2068.05
2102.53
2132.68
2156.04
2168.06
2161.18
2123.8
2068.57
2003.59
1933.63
1861.52
1789
1717.14
1646.65
1578.02
1511.62
1447.73
1386.59
1328.42
1273.39
1221.66
1173.33
1128.5
1087.19
1049.4
1015.08
984.155
956.471
931.858
910.121
891.044
874.4
859.955
847.477
836.738
827.522
819.629
812.876
807.097
802.141
800.402
801.282
802.259
803.348
804.568
805.943
807.496
809.254
811.247
813.508
816.072
818.98
822.272
825.995
830.197
834.93
840.248
846.207
852.867
860.287
868.53
877.657
887.729
898.806
910.948
924.208
938.64
954.288
971.193
989.388
1008.91
1029.79
1052.07
1075.75
1100.84
1127.34
1155.22
1184.48
1215.07
1246.97
1280.11
1314.46
1349.77
1386.11
1423.41
1461.59
1500.57
1540.25
1580.54
1621.35
1662.58
1704.12
1745.87
1787.72
1829.56
1871.25
1912.64
1953.53
1993.66
2032.61
2069.77
2104.14
2134.07
2157.03
2168.32
2160.17
2121.6
2065.68
2000.3
1930.1
1857.88
1785.31
1713.45
1643.01
1574.45
1508.14
1444.37
1383.37
1325.35
1270.49
1218.94
1170.81
1126.17
1085.06
1047.48
1013.37
982.634
955.139
930.704
909.132
890.207
873.703
859.383
847.017
836.377
827.249
819.432
812.746
807.025
802.12
800.402
801.284
802.261
803.35
804.572
805.948
807.502
809.261
811.256
813.518
816.085
818.994
822.289
826.014
830.219
834.955
840.277
846.24
852.905
860.331
868.579
877.713
887.793
898.88
911.032
924.305
938.749
954.412
971.334
989.548
1009.09
1029.99
1052.3
1076.01
1101.13
1127.66
1155.58
1184.87
1215.51
1247.44
1280.64
1315.03
1350.39
1386.79
1424.14
1462.38
1501.41
1541.15
1581.5
1622.36
1663.65
1705.24
1747.05
1788.96
1830.85
1872.58
1914.01
1954.94
1995.08
2034.02
2071.15
2105.42
2135.14
2157.76
2168.42
2159.17
2119.73
2063.3
1997.62
1927.26
1854.95
1782.35
1710.5
1640.09
1571.6
1505.37
1441.69
1380.8
1322.9
1268.18
1216.78
1168.8
1124.32
1083.38
1045.96
1012.01
981.429
954.082
929.788
908.347
889.544
873.149
858.93
846.652
836.091
827.033
819.277
812.643
806.968
802.102
800.402
801.284
802.262
803.353
804.575
805.952
807.507
809.268
811.263
813.527
816.095
819.006
822.302
826.03
830.237
834.976
840.3
846.267
852.936
860.366
868.62
877.76
887.846
898.941
911.101
924.383
938.838
954.513
971.448
989.676
1009.23
1030.15
1052.48
1076.21
1101.35
1127.91
1155.86
1185.18
1215.85
1247.82
1281.05
1315.48
1350.87
1387.31
1424.7
1462.98
1502.06
1541.84
1582.23
1623.14
1664.46
1706.1
1747.95
1789.9
1831.82
1873.59
1915.05
1956
1996.15
2035.09
2072.18
2106.37
2135.93
2158.28
2168.44
2158.32
2118.26
2061.47
1995.58
1925.11
1852.74
1780.12
1708.29
1637.91
1569.46
1503.28
1439.68
1378.87
1321.07
1266.46
1215.16
1167.3
1122.94
1082.12
1044.82
1010.99
980.529
953.293
929.104
907.762
889.049
872.737
858.591
846.38
835.878
826.871
819.16
812.566
806.926
802.089
800.402
801.285
802.263
803.354
804.578
805.955
807.511
809.272
811.269
813.533
816.102
819.014
822.312
826.041
830.251
834.991
840.318
846.288
852.959
860.393
868.65
877.794
887.885
898.985
911.151
924.44
938.903
954.586
971.53
989.768
1009.33
1030.27
1052.61
1076.35
1101.52
1128.09
1156.05
1185.4
1216.08
1248.08
1281.33
1315.79
1351.21
1387.67
1425.09
1463.4
1502.5
1542.31
1582.73
1623.67
1665.02
1706.69
1748.56
1790.53
1832.48
1874.27
1915.75
1956.71
1996.87
2035.8
2072.87
2107
2136.46
2158.6
2168.42
2157.7
2117.24
2060.22
1994.2
1923.65
1851.25
1778.62
1706.79
1636.44
1568.02
1501.89
1438.33
1377.58
1319.85
1265.3
1214.08
1166.29
1122.02
1081.28
1044.06
1010.31
979.927
952.766
928.648
907.371
888.718
872.461
858.365
846.198
835.735
826.763
819.082
812.514
806.897
802.081
800.403
801.286
802.264
803.355
804.579
805.957
807.513
809.275
811.272
813.537
816.107
819.02
822.319
826.049
830.259
835.001
840.329
846.3
852.973
860.409
868.669
877.815
887.909
899.012
911.181
924.474
938.941
954.628
971.577
989.821
1009.39
1030.34
1052.68
1076.43
1101.6
1128.19
1156.16
1185.52
1216.21
1248.22
1281.48
1315.95
1351.39
1387.86
1425.3
1463.62
1502.73
1542.56
1582.99
1623.95
1665.31
1706.99
1748.88
1790.86
1832.82
1874.63
1916.11
1957.08
1997.24
2036.17
2073.22
2107.32
2136.72
2158.76
2168.39
2157.36
2116.7
2059.56
1993.47
1922.89
1850.47
1777.84
1706.02
1635.68
1567.27
1501.17
1437.64
1376.92
1319.22
1264.71
1213.53
1165.78
1121.54
1080.85
1043.67
1009.96
979.62
952.497
928.414
907.171
888.549
872.319
858.249
846.105
835.662
826.707
819.042
812.488
806.882
802.076
800.403
801.286
802.264
803.356
804.58
805.958
807.514
809.276
811.273
813.539
816.109
819.022
822.321
826.051
830.262
835.004
840.333
846.304
852.978
860.414
868.675
877.821
887.916
899.02
911.19
924.483
938.951
954.639
971.589
989.834
1009.41
1030.35
1052.69
1076.45
1101.62
1128.2
1156.18
1185.53
1216.23
1248.24
1281.5
1315.98
1351.41
1387.88
1425.32
1463.64
1502.76
1542.58
1583.01
1623.97
1665.33
1707.01
1748.9
1790.88
1832.84
1874.64
1916.13
1957.09
1997.25
2036.18
2073.23
2107.33
2136.72
2158.76
2168.37
2157.32
2116.65
2059.5
1993.41
1922.83
1850.41
1777.78
1705.96
1635.62
1567.22
1501.12
1437.59
1376.88
1319.18
1264.67
1213.49
1165.75
1121.52
1080.82
1043.65
1009.94
979.603
952.483
928.402
907.16
888.54
872.312
858.243
846.1
835.658
826.704
819.04
812.487
806.882
802.076
800.403
801.286
802.264
803.356
804.579
805.957
807.513
809.275
811.272
813.538
816.107
819.02
822.319
826.049
830.26
835.002
840.33
846.301
852.973
860.409
868.668
877.814
887.907
899.009
911.177
924.468
938.933
954.618
971.565
989.805
1009.37
1030.31
1052.65
1076.4
1101.57
1128.14
1156.11
1185.45
1216.14
1248.14
1281.39
1315.85
1351.27
1387.73
1425.16
1463.46
1502.56
1542.37
1582.79
1623.73
1665.08
1706.75
1748.62
1790.59
1832.54
1874.33
1915.8
1956.76
1996.91
2035.84
2072.9
2107.03
2136.46
2158.59
2168.36
2157.58
2117.09
2060.04
1994.01
1923.47
1851.07
1778.45
1706.63
1636.28
1567.86
1501.74
1438.2
1377.46
1319.73
1265.19
1213.98
1166.2
1121.94
1081.2
1043.99
1010.25
979.877
952.722
928.61
907.338
888.691
872.438
858.346
846.183
835.724
826.754
819.076
812.51
806.895
802.08
800.402
801.285
802.264
803.355
804.578
805.956
807.511
809.273
811.27
813.534
816.103
819.016
822.314
826.043
830.252
834.993
840.32
846.289
852.96
860.393
868.65
877.792
887.882
898.98
911.144
924.429
938.888
954.567
971.506
989.738
1009.3
1030.23
1052.55
1076.29
1101.44
1128
1155.95
1185.27
1215.94
1247.92
1281.15
1315.58
1350.98
1387.41
1424.81
1463.09
1502.16
1541.94
1582.33
1623.24
1664.57
1706.2
1748.05
1789.99
1831.91
1873.68
1915.13
1956.07
1996.22
2035.15
2072.23
2106.41
2135.95
2158.25
2168.35
2158.13
2118.01
2061.18
1995.28
1924.8
1852.44
1779.83
1708.01
1637.64
1569.2
1503.05
1439.45
1378.66
1320.88
1266.28
1215
1167.15
1122.8
1082
1044.71
1010.89
980.444
953.22
929.041
907.708
889.004
872.699
858.561
846.356
835.859
826.856
819.15
812.559
806.922
802.088
800.402
801.285
802.262
803.353
804.576
805.953
807.508
809.269
811.265
813.529
816.097
819.008
822.305
826.033
830.24
834.979
840.303
846.27
852.938
860.368
868.621
877.758
887.843
898.935
911.092
924.369
938.819
954.488
971.415
989.634
1009.18
1030.09
1052.4
1076.12
1101.24
1127.78
1155.7
1185
1215.64
1247.58
1280.78
1315.18
1350.54
1386.93
1424.29
1462.53
1501.56
1541.29
1581.64
1622.51
1663.79
1705.38
1747.19
1789.09
1830.97
1872.7
1914.13
1955.04
1995.17
2034.11
2071.22
2105.47
2135.16
2157.73
2168.31
2158.92
2119.39
2062.9
1997.2
1926.84
1854.53
1781.95
1710.12
1639.72
1571.25
1505.03
1441.37
1380.51
1322.63
1267.93
1216.55
1168.59
1124.13
1083.21
1045.8
1011.87
981.311
953.98
929.7
908.273
889.481
873.097
858.887
846.618
836.065
827.012
819.262
812.633
806.963
802.101
800.402
801.284
802.261
803.351
804.573
805.949
807.504
809.264
811.258
813.521
816.088
818.998
822.293
826.019
830.224
834.96
840.282
846.245
852.909
860.335
868.582
877.714
887.792
898.875
911.023
924.29
938.728
954.383
971.295
989.498
1009.02
1029.91
1052.2
1075.89
1100.99
1127.49
1155.38
1184.64
1215.24
1247.14
1280.29
1314.64
1349.95
1386.3
1423.6
1461.78
1500.76
1540.44
1580.73
1621.53
1662.75
1704.29
1746.04
1787.88
1829.72
1871.4
1912.78
1953.67
1993.78
2032.72
2069.86
2104.21
2134.1
2157
2168.19
2159.87
2121.17
2065.18
1999.77
1929.57
1857.35
1784.79
1712.96
1642.53
1574
1507.72
1443.97
1382.99
1325
1270.17
1218.65
1170.54
1125.93
1084.84
1047.28
1013.2
982.484
955.008
930.591
909.036
890.127
873.636
859.329
846.973
836.343
827.223
819.414
812.733
807.018
802.118
800.402
801.283
802.259
803.349
804.57
805.945
807.499
809.257
811.251
813.512
816.078
818.986
822.279
826.002
830.205
834.939
840.257
846.216
852.876
860.296
868.537
877.662
887.731
898.806
910.942
924.197
938.621
954.26
971.153
989.335
1008.84
1029.7
1051.96
1075.62
1100.68
1127.14
1154.99
1184.21
1214.76
1246.61
1279.7
1313.99
1349.24
1385.52
1422.76
1460.87
1499.77
1539.38
1579.6
1620.33
1661.48
1702.94
1744.62
1786.39
1828.16
1869.78
1911.11
1951.95
1992.04
2030.97
2068.16
2102.61
2132.72
2156.01
2167.92
2160.85
2123.3
2067.98
2002.96
1932.99
1860.89
1788.38
1716.54
1646.08
1577.48
1511.11
1447.25
1386.14
1328
1273.01
1221.31
1173.01
1128.2
1086.92
1049.16
1014.88
983.972
956.312
931.722
910.004
890.946
874.319
859.889
847.423
836.696
827.491
819.606
812.861
807.089
802.139
800.401
801.282
802.258
803.346
804.566
805.941
807.493
809.25
811.243
813.503
816.066
818.972
822.264
825.985
830.185
834.915
840.23
846.185
852.839
860.254
868.488
877.605
887.666
898.729
910.854
924.095
938.502
954.123
970.996
989.154
1008.63
1029.46
1051.69
1075.31
1100.33
1126.75
1154.55
1183.71
1214.2
1245.99
1279.02
1313.24
1348.41
1384.62
1421.77
1459.8
1498.62
1538.14
1578.27
1618.91
1659.97
1701.35
1742.93
1784.63
1826.31
1867.86
1909.12
1949.9
1989.95
2028.88
2066.1
2100.66
2131.01
2154.72
2167.4
2161.71
2125.67
2071.25
2006.76
1937.09
1865.14
1792.71
1720.88
1650.38
1581.7
1515.22
1451.23
1389.97
1331.65
1276.46
1224.54
1176.02
1130.97
1089.45
1051.45
1016.92
985.785
957.901
933.1
911.185
891.944
875.151
860.571
847.972
837.126
827.816
819.841
813.015
807.175
802.165
800.401
801.281
802.256
803.343
804.563
805.936
807.487
809.244
811.235
813.493
816.055
818.959
822.248
825.967
830.165
834.892
840.203
846.154
852.803
860.212
868.44
877.548
887.599
898.652
910.763
923.989
938.38
953.98
970.83
988.963
1008.41
1029.21
1051.4
1074.97
1099.95
1126.32
1154.07
1183.17
1213.59
1245.31
1278.26
1312.4
1347.49
1383.6
1420.67
1458.6
1497.32
1536.74
1576.76
1617.3
1658.25
1699.52
1741.01
1782.6
1824.18
1865.64
1906.82
1947.53
1987.53
2026.44
2063.69
2098.36
2128.95
2153.08
2166.53
2162.15
2128.18
2074.95
2011.15
1941.86
1870.13
1797.79
1725.97
1655.44
1586.68
1520.08
1455.93
1394.48
1335.96
1280.53
1228.36
1179.58
1134.26
1092.45
1054.16
1019.35
987.934
959.786
934.734
912.585
893.129
876.138
861.381
848.623
837.636
828.203
820.119
813.199
807.277
802.196
800.401
801.28
802.254
803.341
804.56
805.932
807.482
809.237
811.227
813.485
816.045
818.948
822.235
825.952
830.147
834.871
840.179
846.126
852.771
860.173
868.395
877.496
887.537
898.579
910.677
923.888
938.26
953.84
970.667
988.772
1008.19
1028.95
1051.1
1074.63
1099.56
1125.87
1153.56
1182.59
1212.95
1244.58
1277.45
1311.5
1346.49
1382.51
1419.47
1457.29
1495.89
1535.19
1575.1
1615.52
1656.35
1697.49
1738.86
1780.33
1821.8
1863.15
1904.23
1944.86
1984.8
2023.68
2060.95
2095.73
2126.57
2151.16
2165.45
2162.54
2130.98
2079.14
2016.15
1947.34
1875.86
1803.63
1731.84
1661.26
1592.41
1525.68
1461.36
1399.71
1340.94
1285.25
1232.79
1183.7
1138.06
1095.92
1057.3
1022.17
990.431
961.975
936.632
914.212
894.504
877.285
862.321
849.379
838.229
828.651
820.442
813.412
807.395
802.232
800.401
801.279
802.253
803.339
804.557
805.929
807.478
809.233
811.222
813.478
816.038
818.939
822.225
825.941
830.134
834.856
840.161
846.104
852.745
860.143
868.359
877.453
887.486
898.517
910.603
923.799
938.154
953.714
970.517
988.595
1007.98
1028.71
1050.81
1074.3
1099.17
1125.43
1153.05
1182.01
1212.29
1243.84
1276.61
1310.56
1345.45
1381.36
1418.2
1455.9
1494.37
1533.54
1573.31
1613.59
1654.28
1695.29
1736.52
1777.85
1819.19
1860.42
1901.38
1941.91
1981.77
2020.61
2057.91
2092.8
2123.9
2149
2164.22
2162.96
2134.12
2083.86
2021.79
1953.51
1882.32
1810.24
1738.49
1667.87
1598.92
1532.03
1467.52
1405.64
1346.61
1290.62
1237.84
1188.4
1142.4
1099.89
1060.89
1025.38
993.282
964.476
938.801
916.07
896.076
878.596
863.396
850.243
838.906
829.164
820.81
813.656
807.53
802.273
800.4
801.279
802.252
803.338
804.556
805.927
807.476
809.23
811.219
813.475
816.034
818.935
822.221
825.935
830.127
834.848
840.152
846.093
852.732
860.126
868.337
877.426
887.451
898.473
910.549
923.732
938.071
953.611
970.391
988.443
1007.8
1028.49
1050.55
1073.99
1098.81
1125.01
1152.56
1181.45
1211.64
1243.1
1275.78
1309.62
1344.4
1380.18
1416.89
1454.46
1492.79
1531.82
1571.44
1611.56
1652.1
1692.95
1734.02
1775.2
1816.39
1857.47
1898.3
1938.71
1978.48
2017.27
2054.58
2089.59
2120.97
2146.6
2162.84
2163.36
2137.56
2089.07
2028.05
1960.37
1889.51
1817.59
1745.89
1675.23
1606.18
1539.14
1474.42
1412.28
1352.96
1296.64
1243.5
1193.68
1147.27
1104.35
1064.93
1029
996.492
967.292
941.244
918.164
897.848
880.072
864.607
851.216
839.668
829.741
821.225
813.93
807.682
802.319
800.4
801.279
802.252
803.338
804.556
805.928
807.477
809.231
811.22
813.477
816.036
818.938
822.224
825.939
830.132
834.853
840.156
846.097
852.735
860.127
868.336
877.421
887.442
898.457
910.524
923.696
938.021
953.545
970.304
988.331
1007.65
1028.31
1050.33
1073.73
1098.5
1124.63
1152.11
1180.92
1211.03
1242.4
1274.97
1308.71
1343.36
1379.02
1415.59
1453.01
1491.2
1530.06
1569.52
1609.47
1649.84
1690.52
1731.41
1772.42
1813.44
1854.35
1895.03
1935.31
1974.97
2013.7
2051
2086.13
2117.81
2144.01
2161.33
2163.79
2141.3
2094.75
2034.87
1967.86
1897.38
1825.65
1754
1683.32
1614.16
1546.95
1482.01
1419.6
1359.96
1303.29
1249.76
1199.52
1152.67
1109.29
1069.41
1033.02
1000.06
970.421
943.959
920.492
899.817
881.714
865.952
852.296
840.514
830.382
821.686
814.234
807.85
802.37
800.401
801.28
802.254
803.34
804.559
805.931
807.481
809.237
811.227
813.485
816.046
818.949
822.237
825.954
830.148
834.871
840.176
846.119
852.758
860.151
868.36
877.443
887.462
898.474
910.535
923.699
938.015
953.525
970.268
988.273
1007.57
1028.2
1050.18
1073.53
1098.25
1124.32
1151.74
1180.47
1210.5
1241.77
1274.24
1307.85
1342.39
1377.9
1414.34
1451.6
1489.63
1528.32
1567.6
1607.38
1647.56
1688.05
1728.75
1769.57
1810.4
1851.14
1891.64
1931.77
1971.3
2009.95
2047.24
2082.47
2114.45
2141.25
2159.72
2164.22
2145.29
2100.83
2042.18
1975.9
1905.84
1834.32
1762.76
1692.05
1622.79
1555.41
1490.23
1427.54
1367.57
1310.52
1256.57
1205.88
1158.56
1114.69
1074.31
1037.42
1003.96
973.849
946.935
923.043
901.975
883.513
867.427
853.481
841.442
831.083
822.191
814.567
808.035
802.426
800.401
801.281
802.256
803.344
804.564
805.938
807.49
809.248
811.24
813.501
816.065
818.971
822.262
825.983
830.181
834.908
840.217
846.164
852.806
860.203
868.415
877.501
887.521
898.533
910.592
923.752
938.061
953.562
970.292
988.28
1007.56
1028.16
1050.11
1073.42
1098.09
1124.1
1151.46
1180.12
1210.06
1241.23
1273.6
1307.1
1341.51
1376.89
1413.17
1450.28
1488.14
1526.66
1565.75
1605.34
1645.32
1685.61
1726.1
1766.72
1807.35
1847.89
1888.21
1928.16
1967.55
2006.09
2043.36
2078.68
2110.95
2138.36
2158.01
2164.63
2149.45
2107.18
2049.85
1984.36
1914.75
1843.48
1772.01
1701.29
1631.93
1564.38
1498.98
1436
1375.69
1318.24
1263.86
1212.7
1164.88
1120.49
1079.58
1042.15
1008.17
977.548
950.148
925.8
904.308
885.458
869.021
854.761
842.444
831.841
822.735
814.926
808.234
802.486
800.402
801.284
802.261
803.351
804.573
805.95
807.505
809.266
811.262
813.527
816.095
819.007
822.303
826.029
830.234
834.967
840.282
846.236
852.885
860.288
868.506
877.598
887.623
898.639
910.702
923.863
938.17
953.667
970.389
988.366
1007.63
1028.2
1050.13
1073.4
1098.03
1124
1151.29
1179.89
1209.75
1240.83
1273.1
1306.49
1340.77
1376.01
1412.15
1449.1
1486.78
1525.12
1564.03
1603.42
1643.2
1683.27
1723.56
1763.96
1804.38
1844.7
1884.82
1924.59
1963.82
2002.24
2039.46
2074.85
2107.39
2135.38
2156.2
2164.95
2153.56
2113.58
2057.65
1993
1923.9
1852.89
1781.55
1710.84
1641.4
1573.7
1508.07
1444.81
1384.15
1326.32
1271.5
1219.85
1171.52
1126.59
1085.13
1047.15
1012.62
981.465
953.553
928.723
906.782
887.521
870.711
856.118
843.506
832.643
823.311
815.306
808.444
802.55
800.403
801.287
802.267
803.361
804.587
805.967
807.527
809.293
811.295
813.565
816.14
819.058
822.362
826.096
830.309
835.051
840.375
846.338
852.997
860.411
868.638
877.74
887.774
898.798
910.868
924.035
938.347
953.845
970.566
988.538
1007.79
1028.35
1050.25
1073.5
1098.09
1124.02
1151.26
1179.79
1209.58
1240.58
1272.76
1306.04
1340.2
1375.31
1411.3
1448.09
1485.61
1523.78
1562.5
1601.69
1641.27
1681.13
1721.21
1761.39
1801.59
1841.7
1881.61
1921.18
1960.23
1998.52
2035.67
2071.1
2103.86
2132.37
2154.22
2164.89
2156.93
2119.55
2065.18
2001.47
1932.94
1862.26
1791.07
1720.39
1650.9
1583.07
1517.24
1453.71
1392.73
1334.52
1279.27
1227.15
1178.31
1132.85
1090.84
1052.3
1017.22
985.516
957.081
931.756
909.353
889.666
872.47
857.53
844.61
833.478
823.91
815.701
808.662
802.616
800.405
801.292
802.276
803.374
804.605
805.991
807.556
809.329
811.337
813.616
816.199
819.126
822.439
826.184
830.407
835.16
840.497
846.473
853.144
860.571
868.812
877.927
887.975
899.013
911.095
924.273
938.594
954.099
970.824
988.797
1008.04
1028.6
1050.49
1073.72
1098.28
1124.17
1151.37
1179.85
1209.57
1240.5
1272.59
1305.78
1339.83
1374.81
1410.67
1447.32
1484.68
1522.68
1561.22
1600.23
1639.61
1679.28
1719.15
1759.13
1799.12
1839.02
1878.72
1918.09
1956.97
1995.11
2032.16
2067.58
2100.49
2129.4
2152.03
2164.22
2158.98
2124.6
2072
2009.36
1941.46
1871.15
1800.15
1729.55
1660.04
1592.1
1526.1
1462.34
1401.07
1342.51
1286.87
1234.32
1185
1139.04
1096.5
1057.42
1021.79
989.558
960.608
934.792
911.93
891.818
874.235
858.947
845.718
834.313
824.509
816.095
808.88
802.682
800.407
801.299
802.288
803.391
804.628
806.02
807.594
809.374
811.392
813.679
816.273
819.211
822.536
826.292
830.529
835.296
840.648
846.639
853.327
860.77
869.029
878.161
888.226
899.281
911.38
924.573
938.908
954.426
971.161
989.14
1008.39
1028.95
1050.83
1074.04
1098.59
1124.45
1151.62
1180.05
1209.72
1240.59
1272.6
1305.71
1339.66
1374.54
1410.27
1446.8
1484.02
1521.87
1560.26
1599.11
1638.32
1677.81
1717.5
1757.29
1797.09
1836.81
1876.32
1915.52
1954.22
1992.22
2029.17
2064.55
2097.52
2126.7
2149.87
2163.1
2159.7
2128.52
2077.77
2016.22
1948.97
1879.05
1808.26
1737.75
1668.25
1600.25
1534.13
1470.19
1408.69
1349.85
1293.87
1240.94
1191.21
1144.8
1101.79
1062.23
1026.11
993.386
963.962
937.691
914.399
893.887
875.936
860.315
846.788
835.121
825.088
816.475
809.09
802.745
800.409
801.306
802.3
803.409
804.653
806.053
807.634
809.424
811.451
813.75
816.355
819.306
822.645
826.416
830.669
835.453
840.822
846.832
853.539
861.003
869.282
878.436
888.522
899.598
911.718
924.931
939.285
954.819
971.568
989.558
1008.82
1029.38
1051.26
1074.47
1099
1124.85
1151.98
1180.39
1210.02
1240.84
1272.8
1305.84
1339.71
1374.5
1410.14
1446.56
1483.68
1521.41
1559.68
1598.39
1637.47
1676.83
1716.38
1756.02
1795.67
1835.24
1874.61
1913.66
1952.23
1990.1
2026.95
2062.29
2095.3
2124.65
2148.21
2162.23
2160.29
2131.57
2082.29
2021.63
1954.92
1885.32
1814.74
1744.33
1674.87
1606.85
1540.67
1476.61
1414.95
1355.9
1299.68
1246.46
1196.41
1149.65
1106.27
1066.31
1029.79
996.662
966.839
940.182
916.523
895.668
877.4
861.492
847.708
835.814
825.583
816.799
809.269
802.799
800.411
801.312
802.311
803.426
804.676
806.084
807.674
809.473
811.511
813.822
816.441
819.406
822.761
826.55
830.821
835.626
841.016
847.048
853.779
861.267
869.571
878.749
888.861
899.961
912.105
925.341
939.715
955.268
972.033
990.036
1009.3
1029.87
1051.75
1074.96
1099.49
1125.32
1152.44
1180.82
1210.42
1241.2
1273.12
1306.12
1339.93
1374.67
1410.25
1446.61
1483.66
1521.32
1559.52
1598.15
1637.15
1676.43
1715.89
1755.44
1795.01
1834.48
1873.77
1912.73
1951.22
1989.02
2025.82
2061.12
2094.15
2123.59
2147.37
2161.84
2160.73
2133.45
2085.04
2024.91
1958.55
1889.17
1818.72
1748.41
1679
1611
1544.8
1480.71
1418.98
1359.83
1303.49
1250.12
1199.89
1152.92
1109.31
1069.11
1032.33
998.933
968.845
941.927
918.018
896.925
878.438
862.33
848.366
836.312
825.941
817.035
809.398
802.838
)
;

boundaryField
{
    fuel
    {
        type            fixedValue;
        value           uniform 800;
    }
    air
    {
        type            fixedValue;
        value           uniform 800;
    }
    outlet
    {
        type            inletOutlet;
        inletValue      uniform 293;
        value           nonuniform List<scalar> 
200
(
800.404
801.292
802.276
803.374
804.605
805.993
807.561
809.336
811.348
813.63
816.218
819.15
822.469
826.219
830.449
835.209
840.553
846.536
853.215
860.648
868.896
878.016
888.068
899.107
911.188
924.362
938.674
954.166
970.871
988.816
1008.03
1028.54
1050.37
1073.52
1098
1123.79
1150.87
1179.22
1208.79
1239.55
1271.45
1304.43
1338.24
1372.97
1408.56
1444.92
1481.98
1519.65
1557.86
1596.52
1635.53
1674.83
1714.32
1753.9
1793.5
1833.01
1872.32
1911.32
1949.85
1987.69
2024.54
2059.89
2092.97
2122.49
2146.35
2160.94
2160
2133
2084.73
2024.68
1958.34
1888.97
1818.53
1748.21
1678.78
1610.78
1544.57
1480.47
1418.74
1359.59
1303.24
1249.88
1199.65
1152.69
1109.09
1068.9
1032.14
998.758
968.685
941.785
917.892
896.817
878.346
862.254
848.305
836.265
825.906
817.012
809.386
802.834
800.406
801.296
802.283
803.384
804.62
806.012
807.584
809.364
811.382
813.67
816.264
819.204
822.531
826.29
830.529
835.3
840.654
846.649
853.34
860.787
869.049
878.184
888.251
899.307
911.405
924.596
938.926
954.436
971.158
989.121
1008.35
1028.88
1050.73
1073.9
1098.4
1124.2
1151.29
1179.65
1209.23
1240
1271.91
1304.9
1338.71
1373.44
1409.02
1445.38
1482.43
1520.1
1558.3
1596.95
1635.96
1675.24
1714.71
1754.28
1793.86
1833.35
1872.64
1911.62
1950.13
1987.94
2024.75
2060.07
2093.1
2122.54
2146.29
2160.68
2159.44
2131.91
2083.36
2023.18
1956.79
1887.43
1817.01
1746.74
1677.37
1609.43
1543.3
1479.27
1417.6
1358.53
1302.26
1248.97
1198.82
1151.94
1108.41
1068.29
1031.6
998.284
968.274
941.432
917.593
896.566
878.141
862.088
848.175
836.167
825.835
816.965
809.36
802.827
)
;
    }
    frontAndBack
    {
        type            empty;
    }
}


// ************************************************************************* //
