/*--------------------------------*- C++ -*----------------------------------*\
| =========                 |                                                 |
| \\      /  F ield         | OpenFOAM: The Open Source CFD Toolbox           |
|  \\    /   O peration     | Version:  2312                                  |
|   \\  /    A nd           | Website:  www.openfoam.com                      |
|    \\/     M anipulation  |                                                 |
\*---------------------------------------------------------------------------*/
FoamFile
{
    version     2.0;
    format      ascii;
    arch        "LSB;label=64;scalar=64";
    class       volScalarField;
    location    "0.15";
    object      CO2;
}
// * * * * * * * * * * * * * * * * * * * * * * * * * * * * * * * * * * * * * //

dimensions      [0 0 0 0 0 0 0];

internalField   nonuniform List<scalar> 
4000
(
2.56692e-07
8.49282e-07
1.57725e-06
2.50754e-06
3.72747e-06
5.35188e-06
7.53218e-06
1.04677e-05
1.44204e-05
1.97323e-05
2.68484e-05
3.63431e-05
4.89537e-05
6.56189e-05
8.75251e-05
0.00011616
0.000153371
0.000201439
0.000263148
0.000341869
0.000441645
0.000567277
0.000724408
0.000919602
0.0011604
0.00145534
0.00181401
0.0022469
0.00276539
0.00338146
0.00410744
0.00495555
0.00593777
0.00705054
0.00832546
0.00976103
0.0113618
0.0131296
0.0150638
0.0171613
0.0194164
0.0218219
0.0243687
0.0270469
0.0298457
0.0327537
0.0357594
0.0388507
0.0420139
0.0451525
0.0483369
0.0515555
0.0547978
0.0580536
0.0613127
0.0645646
0.0677979
0.0709994
0.0741522
0.0772332
0.0802087
0.0830277
0.085611
0.0878341
0.0894987
0.090285
0.0896715
0.0868012
0.0817283
0.0755708
0.0689708
0.0623043
0.0557928
0.0495662
0.0436997
0.0382355
0.033196
0.0285906
0.0244202
0.020679
0.0173559
0.0144345
0.011894
0.00970935
0.00785213
0.00629151
0.00499514
0.0039303
0.003065
0.00236891
0.0018141
0.00137554
0.00103133
0.000762702
0.00055392
0.000391984
0.000266328
0.000168478
9.1095e-05
2.6719e-05
2.60014e-07
8.6037e-07
1.59815e-06
2.54146e-06
3.7791e-06
5.4279e-06
7.64191e-06
1.0624e-05
1.46408e-05
2.00403e-05
2.72753e-05
3.69299e-05
4.97537e-05
6.67001e-05
8.89736e-05
0.000118082
0.0001559
0.000204733
0.000267395
0.000347287
0.000448483
0.00057581
0.000734935
0.000932433
0.00117584
0.0014737
0.00183553
0.00227177
0.0027937
0.00341319
0.00414241
0.00499341
0.00597791
0.00709591
0.00837678
0.00981715
0.0114219
0.0131934
0.015131
0.0172319
0.0194906
0.0218999
0.0244509
0.0271337
0.0299374
0.0328506
0.0358617
0.0389582
0.0421262
0.0452692
0.0484595
0.0516849
0.0549345
0.0581978
0.0614642
0.064723
0.0679626
0.0711692
0.0743255
0.0774072
0.0803793
0.0831881
0.0857507
0.0879364
0.0895364
0.0902144
0.08942
0.0862528
0.0810206
0.0747833
0.0681508
0.061481
0.0549844
0.0487847
0.0429535
0.0375307
0.0325371
0.0279813
0.0238629
0.0201753
0.0169062
0.0140384
0.0115498
0.0094145
0.00760333
0.0060847
0.00482579
0.00379369
0.0029564
0.00228382
0.00174839
0.00132553
0.00099386
0.000735122
0.000534048
0.000378069
0.000256987
0.000162636
8.80344e-05
2.58355e-05
2.66529e-07
8.81989e-07
1.63841e-06
2.6057e-06
3.87502e-06
5.56631e-06
7.83773e-06
1.08976e-05
1.50193e-05
2.05602e-05
2.79842e-05
3.789e-05
5.10447e-05
6.84233e-05
9.12556e-05
0.000121079
0.000159802
0.000209766
0.000273825
0.000355423
0.000458672
0.000588439
0.000750422
0.000951218
0.00119838
0.00150042
0.00186685
0.00230804
0.00283515
0.00345992
0.00419428
0.00504994
0.00603821
0.0071672
0.00845454
0.00990072
0.011511
0.0132878
0.0152309
0.0173375
0.0196022
0.0220181
0.0245764
0.0272672
0.0300798
0.0330026
0.0360236
0.0391303
0.0423083
0.0454621
0.0486641
0.0519022
0.055165
0.0584414
0.0617206
0.0649915
0.0682417
0.0714569
0.0746185
0.0777007
0.0806654
0.0834548
0.0859793
0.0880973
0.0895832
0.0900728
0.0889697
0.0853094
0.0798192
0.0734586
0.0667828
0.0601181
0.0536569
0.047512
0.0417484
0.0364021
0.0314913
0.0270223
0.0229932
0.0193958
0.0162161
0.0134352
0.0110296
0.00897213
0.00723237
0.00577799
0.00457574
0.00359263
0.00279692
0.00215901
0.00165203
0.00125216
0.000938828
0.000694542
0.000504745
0.000357496
0.000243138
0.000153961
8.33677e-05
2.44709e-05
2.75274e-07
9.10925e-07
1.69204e-06
2.69071e-06
4.00093e-06
5.74635e-06
8.08997e-06
1.12464e-05
1.54973e-05
2.12104e-05
2.8863e-05
3.90704e-05
5.262e-05
7.05117e-05
9.40047e-05
0.000124671
0.000164458
0.000215752
0.000281455
0.000365063
0.000470743
0.000603415
0.000768828
0.000973627
0.0012254
0.0015327
0.00190503
0.00235277
0.00288708
0.00351963
0.00426236
0.00512692
0.00612442
0.00726441
0.00855881
0.0100126
0.0116308
0.0134156
0.0153667
0.0174812
0.0197542
0.0221785
0.0247458
0.0274461
0.0302689
0.0332025
0.0362349
0.0393532
0.0425431
0.0457099
0.0489259
0.0521788
0.0554569
0.0587485
0.0620425
0.0653269
0.068589
0.0718132
0.0749794
0.0780592
0.0810109
0.0837709
0.0862402
0.0882629
0.0895908
0.0898245
0.0883131
0.0840773
0.0782972
0.0718078
0.0650971
0.058454
0.0520492
0.0459825
0.0403112
0.0350664
0.0302627
0.0259042
0.0219868
0.0185001
0.0154285
0.0127511
0.0104431
0.00847571
0.00681776
0.00543623
0.00429768
0.00336927
0.00261974
0.0020202
0.00154463
0.00117015
0.000877072
0.000648793
0.000471534
0.000334044
0.000227257
0.000143955
7.79553e-05
2.28841e-05
2.85618e-07
9.4512e-07
1.7553e-06
2.79069e-06
4.14844e-06
5.95634e-06
8.38273e-06
1.16492e-05
1.60463e-05
2.19532e-05
2.98616e-05
4.04048e-05
5.43925e-05
7.28517e-05
9.70739e-05
0.00012867
0.000169631
0.000222394
0.00028992
0.000375764
0.000484162
0.000620104
0.00078941
0.000998793
0.00125591
0.00156937
0.00194872
0.0024044
0.00294757
0.00358995
0.00434355
0.00522028
0.00623201
0.00737941
0.00868405
0.0101487
0.0117778
0.0135733
0.015535
0.0176598
0.0199428
0.0223771
0.0249543
0.0276647
0.0304977
0.0334419
0.0364851
0.0396145
0.0428157
0.0459951
0.0492245
0.0524915
0.0557839
0.0590899
0.0623974
0.0656943
0.0689666
0.0721977
0.0753655
0.0784386
0.0813704
0.0840896
0.0864849
0.0883804
0.0894945
0.0893718
0.0872658
0.0825691
0.0765597
0.0699783
0.0632592
0.0566593
0.0503297
0.0443584
0.0387953
0.0336665
0.0289834
0.0247472
0.0209516
0.0175844
0.0146278
0.0120594
0.00985299
0.00797864
0.0064043
0.00509663
0.00402219
0.00314847
0.00244488
0.00188333
0.00143875
0.00108923
0.000816046
0.000603474
0.00043853
0.00031065
0.000211351
0.000133894
7.24845e-05
2.12766e-05
2.96953e-07
9.82564e-07
1.82448e-06
2.89985e-06
4.30917e-06
6.18461e-06
8.70018e-06
1.20848e-05
1.66385e-05
2.27525e-05
3.09339e-05
4.1835e-05
5.62894e-05
7.53531e-05
0.000100353
0.000132941
0.000175158
0.000229499
0.000298988
0.000387253
0.000498608
0.000638129
0.000811726
0.00102621
0.00128931
0.00160974
0.00199713
0.00246197
0.00301548
0.0036694
0.00443567
0.00532609
0.00635206
0.00750841
0.00882808
0.0103072
0.0119504
0.0137597
0.0157345
0.0178717
0.0201664
0.0226117
0.0251992
0.0279195
0.0307622
0.0337158
0.0367684
0.039907
0.0431171
0.0463057
0.0495455
0.0528234
0.056127
0.0594439
0.0627617
0.0660675
0.0693466
0.0725809
0.0757462
0.0788077
0.0817134
0.0843835
0.0866927
0.0884421
0.0893122
0.0887818
0.0859943
0.080929
0.0747448
0.0681061
0.0614021
0.0548621
0.0486204
0.0427544
0.0373071
0.0323001
0.0277415
0.0236301
0.0199575
0.0167093
0.0138664
0.0114047
0.00929677
0.00751182
0.00601724
0.00477954
0.00376546
0.00294299
0.00228224
0.00175602
0.00134019
0.00101381
0.000759054
0.000561048
0.000407547
0.000288625
0.000196331
0.000124368
6.72979e-05
1.97515e-05
3.08903e-07
1.02202e-06
1.89735e-06
3.01475e-06
4.47824e-06
6.42452e-06
9.03355e-06
1.25419e-05
1.72595e-05
2.35901e-05
3.20569e-05
4.33325e-05
5.82754e-05
7.79725e-05
0.000103788
0.00013742
0.000180961
0.000236969
0.00030854
0.000399383
0.000513902
0.000657271
0.000835505
0.00105552
0.00132517
0.00165326
0.00204952
0.00252452
0.00308954
0.00375635
0.00453687
0.00544273
0.00647759
0.00765137
0.00898881
0.0104856
0.0121459
0.0139717
0.0159619
0.0181135
0.0204213
0.0228784
0.0254766
0.0282066
0.0310581
0.0340201
0.0370813
0.0402294
0.0434322
0.0466293
0.0498768
0.053162
0.0564724
0.0597957
0.0631193
0.0664294
0.0697106
0.0729436
0.0761018
0.0791471
0.0820221
0.0846383
0.0868568
0.0884561
0.08908
0.0881454
0.0846989
0.0792995
0.0729676
0.0662916
0.0596169
0.0531463
0.0469985
0.0412408
0.0359101
0.0310239
0.0265873
0.0225967
0.019042
0.0159071
0.0131712
0.0108093
0.0087927
0.00709012
0.00566857
0.00449456
0.00353515
0.00275889
0.00213664
0.00164207
0.00125195
0.000946219
0.000707918
0.00052292
0.00037965
0.000268752
0.000182752
0.000115742
6.25945e-05
1.83673e-05
3.21155e-07
1.06248e-06
1.97204e-06
3.1325e-06
4.65147e-06
6.67034e-06
9.37513e-06
1.30103e-05
1.7896e-05
2.44491e-05
3.32093e-05
4.48702e-05
6.03166e-05
8.06679e-05
0.000107328
0.000142042
0.000186961
0.000244709
0.000318459
0.00041201
0.000529865
0.000677308
0.000860473
0.0010864
0.00136306
0.00169938
0.00210518
0.00259111
0.00316843
0.00384882
0.00464398
0.00556523
0.00661591
0.00780899
0.00916619
0.0106827
0.0123625
0.0142068
0.0162145
0.0183822
0.0207043
0.0231739
0.025783
0.0285222
0.0313819
0.0343515
0.0374205
0.040578
0.0437494
0.046957
0.0502103
0.0534991
0.056812
0.0601368
0.0634608
0.06677
0.0700483
0.0732749
0.0764211
0.0794455
0.0822853
0.0848433
0.086967
0.0884137
0.0887919
0.0874629
0.0834231
0.0777338
0.0712836
0.0645892
0.0579549
0.0515596
0.0455073
0.0398567
0.034639
0.0298681
0.0255467
0.0216692
0.0182236
0.0151926
0.0125544
0.0102827
0.00834824
0.00671925
0.00536259
0.00424491
0.00333365
0.00259795
0.0020094
0.00154247
0.00117477
0.000887055
0.000663101
0.000489455
0.000355127
0.000251257
0.000170781
0.000108127
5.844e-05
1.71444e-05
3.33493e-07
1.10321e-06
2.04727e-06
3.25112e-06
4.82604e-06
6.91815e-06
9.71967e-06
1.34831e-05
1.8539e-05
2.53176e-05
3.43757e-05
4.64286e-05
6.23882e-05
8.34074e-05
0.000110931
0.000146756
0.000193091
0.000252633
0.000328638
0.000424999
0.000546329
0.000698029
0.000886363
0.00111851
0.00140258
0.00174763
0.00216361
0.00266124
0.00325182
0.0039469
0.00475778
0.00569465
0.00676513
0.00798089
0.00935856
0.0108964
0.0125974
0.0144621
0.0164889
0.0186739
0.0210113
0.0234941
0.0261141
0.0288621
0.0317286
0.0347033
0.0377756
0.0409332
0.0440848
0.0472923
0.050545
0.0538321
0.0571421
0.0604631
0.0637823
0.0670854
0.0703555
0.0735706
0.0766998
0.0796982
0.082497
0.08499
0.0870095
0.0882877
0.0883919
0.0866143
0.0821304
0.0762321
0.0697082
0.0630196
0.0564379
0.0501223
0.0441651
0.0386178
0.033507
0.0288437
0.0246283
0.0208538
0.0175069
0.0145692
0.0120178
0.009826
0.00796379
0.00639917
0.00509901
0.00403017
0.0031605
0.00245974
0.00190015
0.00145695
0.00110847
0.000836195
0.000624537
0.000460627
0.000333977
0.00023615
0.000160433
0.000101539
5.4844e-05
1.60858e-05
3.45723e-07
1.1436e-06
2.12186e-06
3.36878e-06
4.99928e-06
7.16425e-06
1.00621e-05
1.39535e-05
1.91794e-05
2.61837e-05
3.55404e-05
4.79869e-05
6.44628e-05
8.61554e-05
0.000114553
0.000151502
0.000199276
0.000260645
0.000338951
0.000438191
0.000563088
0.000719175
0.000912854
0.00115145
0.00144323
0.00179742
0.00222408
0.00273408
0.00333881
0.00404995
0.004879
0.00583697
0.00692308
0.00816369
0.00956291
0.0111234
0.0128471
0.0147338
0.016781
0.0189845
0.0213381
0.0238344
0.0264652
0.0292214
0.0320931
0.0350701
0.0381413
0.0412937
0.0444354
0.0476353
0.0508809
0.0541605
0.0574623
0.0607743
0.0640835
0.0673755
0.0706326
0.0738315
0.0769393
0.0799071
0.0826605
0.0850832
0.0869907
0.0880878
0.087894
0.0856199
0.0808382
0.0748092
0.0682538
0.0615927
0.0550732
0.0488397
0.0429753
0.0375259
0.0325144
0.0279496
0.0238303
0.0201481
0.0168889
0.0140334
0.0115581
0.00943573
0.007636
0.0061268
0.00487507
0.00384793
0.00301368
0.00234259
0.00180756
0.00138445
0.00105225
0.000793025
0.000591775
0.000436112
0.000315973
0.000223277
0.000151607
9.59163e-05
5.17748e-05
1.51823e-05
3.57675e-07
1.18307e-06
2.19478e-06
3.48386e-06
5.16883e-06
7.40529e-06
1.03978e-05
1.44151e-05
1.98086e-05
2.70357e-05
3.66878e-05
4.95244e-05
6.65129e-05
8.88755e-05
0.000118143
0.000156216
0.000205431
0.000268634
0.000349257
0.0004514
0.000579908
0.000740447
0.000939565
0.00118475
0.00148442
0.00184797
0.00228562
0.00280835
0.00342763
0.00415515
0.00500226
0.00597975
0.00708646
0.00835164
0.00977503
0.0113598
0.0131074
0.015017
0.0170857
0.0193085
0.021679
0.0241893
0.0268309
0.0295945
0.0324702
0.0354477
0.0385157
0.0416615
0.0447932
0.0479822
0.0512164
0.0544839
0.0577729
0.0610713
0.0643662
0.0676427
0.0708827
0.0740617
0.0771447
0.0800794
0.0827857
0.0851378
0.0869355
0.0878571
0.0873771
0.0846315
0.0796199
0.0735006
0.0669365
0.0603144
0.0538611
0.0477087
0.0419328
0.0365745
0.0316541
0.0271783
0.0231449
0.0195444
0.0163621
0.0135782
0.0111687
0.00910596
0.00735963
0.00589756
0.00468686
0.00369493
0.0028905
0.00224435
0.00172992
0.00132364
0.00100506
0.000756777
0.000564244
0.000415494
0.000300818
0.000212433
0.000144167
9.11724e-05
4.91861e-05
1.44201e-05
3.69174e-07
1.22105e-06
2.26497e-06
3.59468e-06
5.33222e-06
7.63776e-06
1.07219e-05
1.48613e-05
2.04174e-05
2.78611e-05
3.78009e-05
5.1018e-05
6.85075e-05
9.15261e-05
0.000121648
0.000160825
0.00021146
0.000276473
0.000359389
0.000464414
0.000596513
0.00076149
0.000966047
0.00121783
0.00152545
0.00189843
0.0023472
0.00288283
0.00351694
0.00426123
0.00512699
0.00612451
0.00725373
0.00854355
0.00999131
0.0116007
0.0133728
0.0153061
0.0173969
0.0196397
0.0220274
0.0245519
0.0272043
0.0299751
0.0328542
0.0358312
0.0388949
0.0420329
0.0451533
0.0483293
0.0515491
0.0548012
0.0580739
0.0613552
0.0646322
0.0678899
0.0711096
0.0742659
0.077322
0.0802226
0.0828823
0.0851668
0.0868619
0.0876222
0.086882
0.0837179
0.0785113
0.0723227
0.0657612
0.0591827
0.0527955
0.0467209
0.0410277
0.0357532
0.0309152
0.0265191
0.0225616
0.0190328
0.0159173
0.0131951
0.0108419
0.00882993
0.00712879
0.00570642
0.00453014
0.00356766
0.00278811
0.00216271
0.0016654
0.0012731
0.000965825
0.000726617
0.000541322
0.000398315
0.000288181
0.000203384
0.000137954
8.72094e-05
4.70232e-05
1.37832e-05
3.80046e-07
1.25696e-06
2.33136e-06
3.69956e-06
5.48695e-06
7.85808e-06
1.10294e-05
1.52849e-05
2.09962e-05
2.86468e-05
3.88617e-05
5.24433e-05
7.04135e-05
9.40627e-05
0.000125007
0.00016525
0.000217256
0.000284023
0.000369164
0.000476991
0.000612591
0.000781906
0.00099179
0.00125006
0.00156549
0.0019478
0.00240755
0.00295601
0.00360489
0.00436607
0.00525122
0.00626538
0.00741783
0.00873268
0.0102056
0.0118401
0.013637
0.0155942
0.0177074
0.0199704
0.0223756
0.0249144
0.0275776
0.0303554
0.0332376
0.0362137
0.0392728
0.0424023
0.0455103
0.0486718
0.0518754
0.05511
0.0583641
0.0616259
0.0648826
0.0681192
0.0713165
0.0744483
0.0774764
0.0803426
0.0829572
0.0851783
0.0867794
0.0873941
0.0864216
0.0828901
0.0775171
0.0712747
0.0647231
0.0581899
0.0518668
0.0458653
0.0402483
0.0350499
0.0302858
0.0259603
0.0220695
0.0186029
0.015545
0.0128755
0.0105701
0.00860091
0.00693767
0.00554846
0.0044008
0.00346273
0.00270374
0.00209547
0.00161226
0.00123147
0.000933498
0.000701756
0.000522415
0.000384137
0.000277745
0.000195906
0.000132818
8.39313e-05
4.52339e-05
1.32563e-05
3.90112e-07
1.29021e-06
2.39286e-06
3.79675e-06
5.63041e-06
8.06252e-06
1.13149e-05
1.56787e-05
2.15347e-05
2.93786e-05
3.9851e-05
5.37742e-05
7.21955e-05
9.64373e-05
0.000128155
0.000169403
0.000222705
0.000291131
0.000378382
0.00048887
0.000627802
0.000801254
0.00101623
0.00128071
0.00160365
0.00199495
0.00246535
0.00302626
0.00368953
0.00446709
0.00537056
0.00640397
0.00757718
0.00891554
0.0104127
0.0120719
0.0138931
0.0158737
0.0180089
0.0202919
0.0227144
0.0252675
0.0279415
0.0307264
0.0336119
0.0365875
0.0396421
0.0427613
0.0458565
0.0490031
0.05219
0.0554062
0.0586407
0.0618818
0.0651169
0.0683311
0.0715049
0.0746114
0.077611
0.0804433
0.0830143
0.0851756
0.0866898
0.0871724
0.0859926
0.0821435
0.0766319
0.07035
0.0638141
0.0573266
0.0510645
0.0451307
0.0395832
0.034453
0.0297545
0.025491
0.021658
0.018245
0.0152363
0.0126114
0.0103461
0.00841272
0.00678098
0.00541918
0.0042951
0.00337708
0.00263492
0.00204064
0.00156895
0.00119753
0.000907136
0.000681474
0.000506984
0.000372558
0.000269218
0.000189793
0.000128617
8.12494e-05
4.37699e-05
1.28253e-05
3.99193e-07
1.32022e-06
2.44836e-06
3.88451e-06
5.76003e-06
8.24734e-06
1.15732e-05
1.60352e-05
2.20229e-05
3.00426e-05
4.07495e-05
5.49842e-05
7.38174e-05
9.86011e-05
0.000131028
0.000173197
0.000227688
0.00029764
0.000386834
0.000499778
0.00064179
0.000819072
0.00103877
0.00130903
0.00163896
0.00203864
0.00251898
0.00309154
0.0037683
0.00456123
0.00548184
0.00653253
0.00772573
0.00908653
0.0106068
0.0122893
0.0141336
0.0161366
0.0182928
0.0205948
0.023034
0.025601
0.0282857
0.0310781
0.033968
0.0369453
0.0400006
0.0430903
0.0461791
0.0493137
0.0524852
0.0556837
0.0588987
0.0621191
0.0653327
0.0685244
0.0716747
0.074756
0.0777274
0.0805262
0.0830545
0.0851575
0.0865865
0.0869387
0.0855522
0.0814574
0.0758438
0.0695399
0.0630262
0.0565844
0.0503797
0.0445077
0.0390224
0.0339527
0.0293115
0.0251016
0.0213183
0.0179508
0.0149834
0.0123958
0.0101639
0.00826002
0.00665412
0.00531471
0.00420981
0.00330804
0.0025795
0.00199652
0.00153409
0.00117022
0.000885923
0.000665149
0.000494559
0.000363231
0.000262346
0.000184865
0.000125229
7.90855e-05
4.25889e-05
1.24775e-05
4.07119e-07
1.34641e-06
2.49681e-06
3.96115e-06
5.87327e-06
8.40892e-06
1.17992e-05
1.63474e-05
2.24505e-05
3.06249e-05
4.15381e-05
5.60472e-05
7.52436e-05
0.000100506
0.000133559
0.000176544
0.000232089
0.000303395
0.000394315
0.000509443
0.000654198
0.000834898
0.00105882
0.00133425
0.00167045
0.00207765
0.00256692
0.00314997
0.00383888
0.00464564
0.0055818
0.0066492
0.00786013
0.00924082
0.0107819
0.0124855
0.0143509
0.0163743
0.0185497
0.0208694
0.0233241
0.025904
0.028599
0.0313989
0.0342935
0.0372734
0.0403291
0.0433877
0.0464708
0.0495951
0.0527528
0.0559349
0.0591319
0.0623329
0.0655261
0.0686965
0.0718244
0.0748816
0.077826
0.0805927
0.08308
0.0851262
0.0864716
0.0866934
0.0850964
0.0808309
0.0751524
0.0688428
0.0623563
0.0559589
0.0498067
0.0439897
0.0385588
0.0335413
0.0289491
0.0247846
0.0210429
0.0177133
0.0147801
0.0122231
0.0100184
0.00813836
0.00655329
0.00523183
0.00414225
0.00325342
0.0025357
0.00196166
0.00150657
0.00114866
0.000869173
0.000652258
0.000484745
0.000355862
0.000256915
0.000180969
0.000122549
7.73743e-05
4.16547e-05
1.22024e-05
4.13726e-07
1.36824e-06
2.53723e-06
4.02509e-06
5.9678e-06
8.54386e-06
1.1988e-05
1.66085e-05
2.28084e-05
3.11125e-05
4.2199e-05
5.69388e-05
7.64409e-05
0.000102106
0.000135687
0.00017936
0.000235796
0.000308247
0.000400628
0.000517608
0.000664691
0.000848293
0.00107581
0.00135563
0.00169717
0.00211079
0.00260767
0.00319963
0.00389875
0.00471685
0.00566485
0.0067513
0.00797601
0.00937335
0.0109321
0.012654
0.0145376
0.0165787
0.0187709
0.0211059
0.0235742
0.0261656
0.0288699
0.0316767
0.0345758
0.0375578
0.0406128
0.0436462
0.0467233
0.0498384
0.0529841
0.056152
0.0593331
0.062517
0.065692
0.0688434
0.0719513
0.0749869
0.0779071
0.080645
0.0830953
0.0850903
0.08636
0.086464
0.0846771
0.0802912
0.0745718
0.0682658
0.061807
0.0554499
0.0493432
0.043573
0.0381879
0.0332137
0.0286619
0.0245345
0.0208265
0.0175274
0.0146215
0.0120889
0.00990553
0.0080443
0.00647549
0.005168
0.0040903
0.00321147
0.00250208
0.00193492
0.00148547
0.00113213
0.000856337
0.000642378
0.000477223
0.000350213
0.00025275
0.00017798
0.000120494
7.60613e-05
4.0938e-05
1.19914e-05
4.18879e-07
1.38527e-06
2.56875e-06
4.07498e-06
6.04158e-06
8.64923e-06
1.21355e-05
1.68125e-05
2.30883e-05
3.14941e-05
4.27166e-05
5.76377e-05
7.73801e-05
0.000103362
0.000137359
0.000181574
0.000238713
0.000312067
0.000405602
0.000524046
0.00067297
0.000858872
0.00108923
0.00137255
0.00171834
0.00213707
0.00264006
0.00323923
0.00394686
0.00477502
0.00573532
0.00682838
0.00806706
0.00947875
0.0110521
0.0127887
0.0146869
0.0167423
0.018948
0.0212954
0.0237747
0.0263756
0.0290875
0.0318999
0.0348024
0.0377851
0.0408367
0.0438597
0.0469287
0.0500351
0.0531706
0.0563269
0.0594949
0.0626648
0.0658249
0.0689607
0.072052
0.0750699
0.0779701
0.0806842
0.083104
0.085057
0.0862645
0.0862716
0.0843289
0.0798606
0.0741165
0.0678178
0.0613836
0.0550597
0.0489896
0.0432566
0.0379074
0.032967
0.0284465
0.0243476
0.0206655
0.0173895
0.0145042
0.0119899
0.00982255
0.00797527
0.00641851
0.00512132
0.00405236
0.00318086
0.00247757
0.00191544
0.0014701
0.0011201
0.000846993
0.000635187
0.000471748
0.000346101
0.00024972
0.000175806
0.000118999
7.51059e-05
4.04165e-05
1.18378e-05
4.2246e-07
1.39711e-06
2.59066e-06
4.10967e-06
6.0929e-06
8.72258e-06
1.22383e-05
1.69548e-05
2.32836e-05
3.17606e-05
4.30784e-05
5.81264e-05
7.80373e-05
0.000104242
0.000138531
0.000183127
0.000240759
0.000314749
0.000409096
0.000528571
0.000678793
0.000866317
0.00109869
0.00138448
0.00173328
0.00215565
0.00266299
0.00326733
0.00398099
0.00481605
0.00578399
0.00688467
0.00813211
0.00955366
0.0111373
0.0128844
0.014793
0.0168585
0.0190738
0.0214302
0.0239175
0.0265252
0.0292426
0.032059
0.0349639
0.0379469
0.0409962
0.0440129
0.0470761
0.050176
0.053304
0.0564518
0.0596104
0.0627701
0.0659194
0.0690438
0.0721231
0.075128
0.0780138
0.0807107
0.0831085
0.0850312
0.0861942
0.0861321
0.0840783
0.0795573
0.0737991
0.0675075
0.0610919
0.054792
0.048748
0.0430412
0.0377172
0.0328003
0.0283014
0.0242222
0.0205577
0.0172975
0.0144262
0.0119241
0.00976759
0.00792963
0.00638089
0.00509055
0.00402737
0.00316072
0.00246145
0.00190264
0.00146
0.00111219
0.000840852
0.00063046
0.000468148
0.000343398
0.000247726
0.000174375
0.000118014
7.44771e-05
4.00735e-05
1.17368e-05
4.24394e-07
1.4035e-06
2.6025e-06
4.12842e-06
6.12068e-06
8.7623e-06
1.2294e-05
1.7032e-05
2.33897e-05
3.19055e-05
4.32753e-05
5.83926e-05
7.83956e-05
0.000104722
0.000139171
0.000183975
0.000241877
0.000316215
0.000411007
0.000531046
0.000681981
0.000870395
0.00110387
0.00139102
0.00174148
0.00216586
0.0026756
0.00328278
0.00399976
0.00483862
0.00581084
0.00691604
0.00816827
0.00959507
0.0111843
0.0129371
0.0148515
0.0169226
0.0191433
0.0215045
0.0239962
0.0266077
0.0293281
0.0321466
0.0350528
0.038036
0.041084
0.0440979
0.0471578
0.0502539
0.0533776
0.0565205
0.0596737
0.0628277
0.0659708
0.0690888
0.0721614
0.075159
0.0780367
0.0807241
0.0831099
0.085016
0.0861548
0.0860553
0.0839417
0.0793941
0.0736295
0.0673426
0.0609375
0.0546509
0.0486212
0.0429286
0.0376181
0.0327138
0.0282264
0.0241576
0.0205024
0.0172505
0.0143865
0.0118908
0.00973973
0.00790655
0.0063619
0.00507503
0.00401478
0.00315057
0.00245334
0.00189619
0.00145491
0.00110821
0.000837754
0.000628074
0.00046633
0.00034203
0.000246718
0.000173651
0.000117516
7.41588e-05
3.99e-05
1.16857e-05
4.24648e-07
1.40434e-06
2.60407e-06
4.13092e-06
6.12441e-06
8.7677e-06
1.23017e-05
1.70427e-05
2.34046e-05
3.1926e-05
4.33034e-05
5.84309e-05
7.84475e-05
0.000104792
0.000139264
0.000184099
0.000242042
0.000316432
0.000411291
0.000531415
0.000682456
0.000871003
0.00110464
0.00139199
0.0017427
0.00216739
0.00267749
0.0032851
0.00400259
0.00484204
0.00581493
0.00692087
0.00817385
0.00960148
0.0111916
0.0129452
0.0148605
0.0169324
0.0191538
0.0215157
0.024008
0.0266199
0.0293406
0.0321593
0.0350655
0.0380485
0.0410962
0.0441095
0.0471687
0.050264
0.0533869
0.0565289
0.0596812
0.062834
0.0659762
0.0690931
0.0721646
0.0751612
0.0780378
0.0807239
0.0831084
0.0850129
0.0861495
0.0860468
0.0839282
0.0793789
0.0736145
0.0673288
0.0609252
0.0546404
0.0486124
0.0429213
0.0376122
0.0327092
0.0282228
0.0241548
0.0205003
0.0172489
0.0143853
0.0118899
0.0097391
0.00790607
0.00636154
0.00507475
0.00401455
0.00315038
0.00245318
0.00189605
0.00145479
0.00110811
0.000837666
0.000627999
0.000466268
0.00034198
0.000246678
0.000173621
0.000117495
7.41444e-05
3.98919e-05
1.16833e-05
4.23216e-07
1.39961e-06
2.59532e-06
4.1171e-06
6.10401e-06
8.73862e-06
1.2261e-05
1.69866e-05
2.33278e-05
3.18214e-05
4.31617e-05
5.82399e-05
7.81912e-05
0.000104449
0.000138809
0.000183497
0.000241248
0.000315392
0.000409937
0.000529661
0.000680199
0.000868117
0.00110097
0.00138736
0.0017369
0.00216015
0.00266855
0.00327413
0.00398925
0.00482599
0.0057959
0.00689895
0.00814861
0.00957259
0.0111588
0.0129084
0.0148195
0.0168874
0.0191049
0.0214632
0.0239521
0.0265612
0.0292794
0.0320963
0.0350012
0.0379837
0.0410319
0.0440467
0.0471078
0.0502055
0.0533311
0.0564761
0.0596319
0.0627886
0.0659349
0.0690561
0.0721323
0.0751341
0.0780166
0.08071
0.083104
0.0850219
0.0861786
0.0861073
0.0840393
0.0795132
0.0737554
0.0674671
0.0610561
0.0547612
0.0487222
0.04302
0.0377001
0.0327867
0.0282908
0.024214
0.0205515
0.0172929
0.0144228
0.0119216
0.00976573
0.00792824
0.00637983
0.00508972
0.0040267
0.00316015
0.00246097
0.00190222
0.00145964
0.00111188
0.000840584
0.000630234
0.00046796
0.000343245
0.000247606
0.000174284
0.000117948
7.44334e-05
4.00492e-05
1.17295e-05
4.20118e-07
1.38937e-06
2.57639e-06
4.08716e-06
6.05978e-06
8.67551e-06
1.21728e-05
1.68646e-05
2.31606e-05
3.15938e-05
4.28532e-05
5.78237e-05
7.76321e-05
0.000103702
0.000137814
0.00018218
0.000239514
0.00031312
0.000406978
0.000525831
0.00067527
0.000861814
0.00109297
0.00137726
0.00172423
0.00214438
0.00264904
0.00325016
0.00395995
0.00479029
0.00575212
0.00685386
0.00809459
0.0095098
0.0110871
0.0128277
0.0147299
0.0167891
0.0189982
0.0213487
0.0238307
0.0264336
0.0291469
0.0319599
0.0348625
0.0378443
0.040894
0.0439134
0.046979
0.0500818
0.0532133
0.0563653
0.0595287
0.0626938
0.065849
0.0689797
0.072066
0.0750788
0.0779739
0.0806825
0.0830962
0.0850417
0.0862394
0.0862323
0.0842676
0.0797906
0.0740469
0.0677533
0.0613264
0.0550105
0.0489484
0.0432227
0.03788
0.0329453
0.0284295
0.0243346
0.0206556
0.0173821
0.0144987
0.0119858
0.0098195
0.00797297
0.00641674
0.00511992
0.00405121
0.00317989
0.00247674
0.00191472
0.00146947
0.00111956
0.000846529
0.000634795
0.000471422
0.000345837
0.000249511
0.000175648
0.000118885
7.50307e-05
4.03746e-05
1.18253e-05
4.15415e-07
1.37384e-06
2.54764e-06
4.04171e-06
5.99262e-06
8.57971e-06
1.20388e-05
1.66795e-05
2.2907e-05
3.12483e-05
4.23851e-05
5.71923e-05
7.67843e-05
0.000102569
0.000136307
0.000180185
0.000236887
0.000309681
0.0004025
0.000520036
0.000667818
0.000852293
0.00108089
0.00136203
0.00170518
0.00212074
0.00261995
0.00321469
0.00391719
0.00473955
0.00569339
0.00677967
0.0080109
0.00941419
0.0109787
0.0127061
0.014595
0.0166412
0.018838
0.021177
0.0236486
0.0262427
0.0289487
0.0317562
0.0346552
0.037636
0.0406882
0.0437165
0.046789
0.0498992
0.0530395
0.0562016
0.0593764
0.0625539
0.0657223
0.068867
0.0719682
0.0749971
0.0779105
0.0806413
0.0830837
0.0850693
0.0863265
0.0864123
0.0845974
0.0801996
0.0744804
0.0681809
0.0617316
0.055385
0.0492886
0.0435281
0.0381516
0.0331849
0.0286393
0.0245171
0.0208133
0.0175174
0.014614
0.0120833
0.00990132
0.00804107
0.00647297
0.00516597
0.00408862
0.00321004
0.00250085
0.00193385
0.00148453
0.00113133
0.000855646
0.000641796
0.00047674
0.000349822
0.000252443
0.000177748
0.000120327
7.59507e-05
4.08762e-05
1.1973e-05
4.09216e-07
1.35335e-06
2.50975e-06
3.98178e-06
5.90409e-06
8.45342e-06
1.18622e-05
1.64356e-05
2.25728e-05
3.07934e-05
4.17689e-05
5.63616e-05
7.56694e-05
0.000101079
0.000134327
0.000177565
0.00023344
0.000305171
0.000396633
0.000512449
0.000658068
0.000839846
0.0010651
0.00134216
0.00168035
0.00208994
0.00258206
0.00316846
0.00386129
0.00467259
0.00561392
0.0066866
0.0079034
0.00929057
0.0108382
0.0125485
0.0144203
0.0164497
0.0186307
0.020955
0.0234136
0.0259964
0.0286933
0.0314939
0.0343884
0.037367
0.0404203
0.0434686
0.0465472
0.049666
0.0528172
0.0559922
0.0591815
0.0623747
0.0655598
0.0687221
0.071842
0.0748913
0.0778277
0.0805861
0.0830644
0.0850999
0.0864315
0.0866336
0.0850064
0.0807243
0.0750446
0.0687421
0.0622664
0.0558814
0.0497415
0.0439359
0.0385154
0.0335066
0.0289219
0.0247636
0.0210268
0.017701
0.0147708
0.0122161
0.010013
0.00813416
0.00654994
0.00522908
0.00413995
0.00325144
0.00253398
0.00196016
0.00150527
0.00114753
0.000868214
0.000651451
0.000484078
0.000355324
0.000256492
0.000180649
0.00012232
7.72229e-05
4.15703e-05
1.21773e-05
4.0165e-07
1.32835e-06
2.46351e-06
3.90868e-06
5.79612e-06
8.29945e-06
1.1647e-05
1.61384e-05
2.2166e-05
3.02398e-05
4.10195e-05
5.53518e-05
7.43151e-05
9.92712e-05
0.000131925
0.00017439
0.000229266
0.000299713
0.000389539
0.000503283
0.000646301
0.000824838
0.00104609
0.00131824
0.00165047
0.0020529
0.00253649
0.00311283
0.00379392
0.00459174
0.00551805
0.00657612
0.00777573
0.00914352
0.010671
0.0123608
0.0142123
0.016222
0.0183842
0.0206914
0.0231348
0.0257047
0.0283912
0.0311841
0.0340732
0.0370488
0.0401013
0.0431794
0.046263
0.049391
0.0525548
0.0557449
0.0589511
0.0621625
0.0653669
0.0685495
0.0716908
0.0747633
0.0777258
0.0805157
0.0830345
0.0851266
0.086542
0.0868751
0.0854599
0.0813423
0.0757253
0.0694281
0.0629259
0.0564976
0.0503065
0.0444472
0.0389733
0.0339135
0.0292806
0.0250775
0.0212997
0.0179365
0.0149724
0.0123874
0.0101573
0.00825474
0.00664982
0.00531112
0.00420675
0.0033054
0.0025772
0.0019945
0.00153234
0.00116871
0.000884639
0.000664073
0.000493673
0.000362518
0.000261787
0.000184443
0.000124926
7.88865e-05
4.2478e-05
1.24445e-05
3.92874e-07
1.29936e-06
2.40989e-06
3.82392e-06
5.67098e-06
8.12107e-06
1.13978e-05
1.57946e-05
2.16954e-05
2.95999e-05
4.0154e-05
5.41866e-05
7.27536e-05
9.71885e-05
0.00012916
0.00017074
0.000224471
0.000293451
0.000381407
0.000492789
0.000632844
0.000807693
0.0010244
0.00129099
0.00161648
0.00201083
0.00248483
0.00304991
0.00371788
0.00450051
0.00540895
0.00645318
0.00763202
0.00897759
0.0104825
0.0121494
0.0139782
0.015966
0.0181075
0.0203957
0.0228225
0.0253784
0.0280539
0.0308388
0.0337229
0.0366959
0.0397471
0.042855
0.045944
0.0490829
0.0522611
0.0554679
0.0586925
0.0619237
0.0651489
0.0683532
0.0715174
0.0746145
0.0776049
0.080428
0.0829895
0.0851403
0.0866418
0.0871073
0.0859025
0.0820246
0.076507
0.0702311
0.0637069
0.0572334
0.0509856
0.0450653
0.0395299
0.0344102
0.0297206
0.0254643
0.0216372
0.0182288
0.0152236
0.0126014
0.0103381
0.0084062
0.00677556
0.00541457
0.00429112
0.00337362
0.0026319
0.002038
0.00156665
0.00119556
0.000905463
0.000680076
0.000505837
0.000371637
0.000268499
0.000189252
0.00012823
8.09946e-05
4.36281e-05
1.27831e-05
3.83058e-07
1.26693e-06
2.34993e-06
3.72918e-06
5.53116e-06
7.92188e-06
1.11197e-05
1.54111e-05
2.11711e-05
2.88876e-05
3.91913e-05
5.28917e-05
7.10201e-05
9.48788e-05
0.000126098
0.000166701
0.000219172
0.000286538
0.000372442
0.000481235
0.000618046
0.000788868
0.00100061
0.00126115
0.00157933
0.00196493
0.00242858
0.00298159
0.00363571
0.0044028
0.00529451
0.00631563
0.00747477
0.0087974
0.0102784
0.0119212
0.0137259
0.0156903
0.0178098
0.0200781
0.0224873
0.0250287
0.0276929
0.0304701
0.0333501
0.0363224
0.0393761
0.0424987
0.0455982
0.0487505
0.0519445
0.0551689
0.0584126
0.0616639
0.0649101
0.0681364
0.0713237
0.0744459
0.0774646
0.0803217
0.082927
0.085138
0.0867272
0.0873264
0.0863314
0.0827684
0.0773882
0.0711513
0.0646114
0.0580924
0.051784
0.0457963
0.0401918
0.0350042
0.0302492
0.0259313
0.0220465
0.0185847
0.0155305
0.0128638
0.0105605
0.0085929
0.00693088
0.00554261
0.0043957
0.00345827
0.00269983
0.00209206
0.00160931
0.00122894
0.000931357
0.000699973
0.000520958
0.000382971
0.000276837
0.000195224
0.000132331
8.36112e-05
4.50559e-05
1.32035e-05
3.72381e-07
1.23167e-06
2.28474e-06
3.62621e-06
5.37927e-06
7.70564e-06
1.0818e-05
1.49955e-05
2.06034e-05
2.8117e-05
3.81508e-05
5.14939e-05
6.91509e-05
9.23913e-05
0.000122804
0.000162362
0.000213487
0.000279132
0.000362852
0.000468893
0.000602265
0.000768822
0.000975325
0.00122948
0.00153996
0.00191637
0.00236916
0.0029095
0.00354897
0.0042993
0.00517162
0.00617609
0.00731228
0.00860994
0.0100658
0.0116834
0.0134632
0.0154035
0.0175005
0.0197482
0.0221396
0.0246662
0.0273191
0.0300887
0.032965
0.0359375
0.0389953
0.0421259
0.0452374
0.0484037
0.0516133
0.0548548
0.0581167
0.0613873
0.0646536
0.0679009
0.0711105
0.0742572
0.077304
0.0801957
0.0828464
0.0851213
0.0868053
0.087551
0.0867897
0.083594
0.0783799
0.0721967
0.0656468
0.0590825
0.05271
0.0466493
0.0409685
0.0357049
0.0308761
0.0264876
0.0225362
0.0190123
0.0159006
0.0131813
0.0108303
0.00882009
0.00712031
0.00569904
0.00452366
0.00356197
0.00278312
0.00215836
0.00166165
0.00126989
0.000963126
0.000724378
0.000539497
0.00039686
0.000287051
0.000202537
0.000137351
8.68131e-05
4.68029e-05
1.37179e-05
3.61026e-07
1.19417e-06
2.21543e-06
3.51679e-06
5.21796e-06
7.47614e-06
1.0498e-05
1.45551e-05
2.00024e-05
2.73022e-05
3.70522e-05
5.00196e-05
6.71821e-05
8.97747e-05
0.000119344
0.00015781
0.000207534
0.000271388
0.000352841
0.000456031
0.000585847
0.000748007
0.000949114
0.00119671
0.0014993
0.0018663
0.00230801
0.00283543
0.00346005
0.0041935
0.00504696
0.00603084
0.0071453
0.00841851
0.00984987
0.0114424
0.0131974
0.0151137
0.0171881
0.0194155
0.021789
0.0243009
0.0269425
0.0297044
0.0325768
0.0355493
0.0386108
0.0417486
0.0448711
0.0480502
0.0512739
0.0545307
0.0578088
0.0610964
0.0643806
0.0676469
0.0708769
0.0740464
0.0771205
0.0800466
0.0827444
0.0850873
0.0868746
0.0877826
0.0872828
0.0845063
0.0794874
0.0733733
0.0668205
0.0602122
0.0537733
0.0476346
0.041871
0.0365235
0.0316122
0.027144
0.0231166
0.0195211
0.0163427
0.0135618
0.0111547
0.00909386
0.00734907
0.00588828
0.00467868
0.00368774
0.00288421
0.00223888
0.00172521
0.00131964
0.0010017
0.000753998
0.000561987
0.0004137
0.000299428
0.000211393
0.000143427
9.06876e-05
4.89168e-05
1.43402e-05
3.49172e-07
1.15502e-06
2.14311e-06
3.40265e-06
5.04981e-06
7.23708e-06
1.01651e-05
1.40972e-05
1.93783e-05
2.64571e-05
3.59139e-05
4.84942e-05
6.51479e-05
8.70753e-05
0.00011578
0.00015313
0.000201421
0.000263453
0.000342601
0.000442899
0.000569119
0.00072684
0.000922519
0.00116354
0.00145823
0.00181585
0.00224654
0.00276119
0.00337122
0.00408835
0.0049241
0.00588969
0.00698192
0.00822997
0.00963674
0.0112047
0.0129352
0.0148281
0.0168805
0.019088
0.0214442
0.0239416
0.0265719
0.0293258
0.0321938
0.0351654
0.0382297
0.0413739
0.0445059
0.0476957
0.0509308
0.0541998
0.0574909
0.0607922
0.064091
0.067373
0.0706205
0.0738103
0.0769095
0.0798692
0.0826146
0.0850288
0.0869267
0.0880112
0.087799
0.0854955
0.0807062
0.0746816
0.0681368
0.0614889
0.0549831
0.0487629
0.0429105
0.0374715
0.0324691
0.0279117
0.0237986
0.0201214
0.0168661
0.0140138
0.0115411
0.00942083
0.00762288
0.00611521
0.00486484
0.00383893
0.00300581
0.00233578
0.00180172
0.0013795
0.0010481
0.000789614
0.000589013
0.000433922
0.000314281
0.000222014
0.00015071
9.53291e-05
5.14489e-05
1.50857e-05
3.36999e-07
1.11482e-06
2.06887e-06
3.28554e-06
4.87736e-06
6.9921e-06
9.82416e-06
1.36289e-05
1.87407e-05
2.55946e-05
3.47538e-05
4.69418e-05
6.30807e-05
8.43364e-05
0.00011217
0.000148397
0.000195252
0.000255458
0.000332305
0.000429726
0.000552374
0.0007057
0.00089602
0.00113056
0.0014175
0.00176594
0.00218587
0.00268804
0.00328381
0.00398479
0.00480242
0.00574747
0.00682095
0.00804671
0.00943071
0.0109752
0.0126826
0.014553
0.0165845
0.0187729
0.0211124
0.0235958
0.0262147
0.0289602
0.0318226
0.0347918
0.0378571
0.0410062
0.0441472
0.0473447
0.0505873
0.0538641
0.0571637
0.0604744
0.0637835
0.067077
0.0703379
0.0735444
0.0766656
0.0796563
0.0824478
0.0849333
0.0869444
0.0882119
0.0883007
0.0864987
0.0820025
0.0761058
0.0695906
0.0629139
0.056345
0.050042
0.0440964
0.0385593
0.0334573
0.0288014
0.0245922
0.0208227
0.0174799
0.0145457
0.0119971
0.0098077
0.00794757
0.0063848
0.00508632
0.00401902
0.00315078
0.00245134
0.00189297
0.00145088
0.00110342
0.000832047
0.000621189
0.00045798
0.000331937
0.00023463
0.000159355
0.000100835
5.4453e-05
1.59699e-05
3.24685e-07
1.07417e-06
1.99379e-06
3.16714e-06
4.70311e-06
6.7447e-06
9.48015e-06
1.31568e-05
1.80984e-05
2.47269e-05
3.35883e-05
4.53842e-05
6.10098e-05
8.1597e-05
0.000108566
0.000143681
0.000189116
0.000247523
0.000322108
0.000416707
0.000535866
0.000684914
0.000870033
0.00109831
0.00137778
0.00171741
0.00212706
0.00261739
0.00319967
0.00388549
0.00468639
0.00561338
0.00666908
0.00787159
0.00923547
0.0107584
0.0124442
0.0142938
0.0163057
0.0184762
0.0207999
0.0232697
0.0258774
0.0286137
0.0314691
0.0344332
0.0374955
0.0406456
0.0438032
0.0470022
0.050246
0.053525
0.0568278
0.0601427
0.0634571
0.0667571
0.0700267
0.0732451
0.0763838
0.0794012
0.0822343
0.0847857
0.0869024
0.0883406
0.0887073
0.0873609
0.0833012
0.0776091
0.0711649
0.0644807
0.0578582
0.0514748
0.0454335
0.0397928
0.0345837
0.0298203
0.0255051
0.0216328
0.0181916
0.0151643
0.0125292
0.0102603
0.00832836
0.00670161
0.00534701
0.00423124
0.00332175
0.0025877
0.00200067
0.00153512
0.00116867
0.000882061
0.000659082
0.000486285
0.000352689
0.000249444
0.000169497
0.000107289
5.7975e-05
1.70066e-05
3.12433e-07
1.03371e-06
1.91909e-06
3.04936e-06
4.52981e-06
6.49877e-06
9.13834e-06
1.2688e-05
1.74612e-05
2.38669e-05
3.24341e-05
4.38437e-05
5.89641e-05
7.88949e-05
0.000105016
0.000139044
0.000183095
0.000239753
0.000312146
0.000404019
0.000519818
0.00066476
0.000844909
0.00106723
0.00133962
0.00167093
0.00207093
0.0025502
0.00311999
0.00379201
0.0045781
0.00548988
0.00653143
0.00771154
0.00905543
0.0105583
0.0122242
0.0140547
0.0160487
0.0182029
0.0205119
0.0229687
0.0255652
0.028292
0.031139
0.0340954
0.0371498
0.0402908
0.0434811
0.0466697
0.0499078
0.0531833
0.0564841
0.0597979
0.0631122
0.0664136
0.0696866
0.0729118
0.0760629
0.0791016
0.0819705
0.0845808
0.0867929
0.0883848
0.0889985
0.0880484
0.0845784
0.0791737
0.0728459
0.0661788
0.0595148
0.0530555
0.0469182
0.0411703
0.0358481
0.0309693
0.0265392
0.0225541
0.0190041
0.0158732
0.0131409
0.0107822
0.00876859
0.0070687
0.00564967
0.00447801
0.00352078
0.00274654
0.00212615
0.00163327
0.00124465
0.000940267
0.000703141
0.00051916
0.000376764
0.00026661
0.000181238
0.000114755
6.20467e-05
1.82049e-05
3.00464e-07
9.94188e-07
1.84609e-06
2.93425e-06
4.36042e-06
6.25835e-06
8.8042e-06
1.22297e-05
1.68385e-05
2.30267e-05
3.13073e-05
4.23407e-05
5.69702e-05
7.62642e-05
0.000101565
0.000134543
0.00017726
0.000232239
0.000302534
0.000391809
0.000504416
0.000645474
0.000820941
0.00103767
0.00130345
0.00162703
0.00201807
0.00248712
0.0030454
0.00370472
0.00447714
0.00537484
0.00640324
0.00756578
0.00889184
0.0103769
0.0120255
0.0138393
0.0158175
0.017957
0.0202526
0.0226974
0.025283
0.0280001
0.0308381
0.0337859
0.0368316
0.0399624
0.0431638
0.0463431
0.0495735
0.052842
0.0561363
0.059444
0.0627531
0.0660505
0.0693217
0.0725488
0.0757073
0.0787626
0.0816625
0.0843269
0.0866301
0.0883722
0.0892321
0.0886859
0.0858725
0.0807999
0.0746183
0.0679872
0.0612932
0.0547638
0.0485325
0.042676
0.0372373
0.0322379
0.027686
0.0235804
0.0199129
0.0166692
0.0138304
0.0113725
0.00926793
0.00748619
0.00599463
0.00475976
0.00374832
0.0029283
0.00226979
0.00174559
0.00133157
0.00100679
0.000753435
0.000556636
0.000404167
0.000286119
0.000194562
0.000123216
6.66589e-05
1.95621e-05
2.89099e-07
9.56644e-07
1.77672e-06
2.82479e-06
4.19921e-06
6.02935e-06
8.48568e-06
1.17925e-05
1.6244e-05
2.2224e-05
3.02302e-05
4.09037e-05
5.50636e-05
7.37491e-05
9.82665e-05
0.000130245
0.000171696
0.000225085
0.0002934
0.000380231
0.000489852
0.000627294
0.000798422
0.00101
0.00126971
0.00158623
0.00196914
0.00242889
0.00297667
0.0036242
0.00438343
0.00526612
0.00628356
0.007436
0.00874628
0.0102164
0.0118504
0.0136502
0.015615
0.0177419
0.0200257
0.0224594
0.0250347
0.0277418
0.0305703
0.0335088
0.0365453
0.0396671
0.04286
0.0460307
0.0492511
0.0525091
0.0557925
0.0590897
0.0623889
0.0656778
0.0689426
0.0721667
0.075328
0.0783952
0.0813214
0.0840351
0.0864245
0.0883126
0.0894166
0.0892777
0.0871446
0.0824373
0.0764281
0.0698528
0.0631427
0.0565527
0.0502331
0.0442714
0.0387169
0.0335959
0.0289198
0.0246898
0.0208998
0.0175376
0.0145855
0.0120215
0.00981905
0.00794848
0.0063777
0.00507338
0.00400206
0.00313125
0.0024303
0.00187115
0.0014287
0.00108107
0.000809521
0.000598359
0.000434617
0.000307755
0.00020931
0.000132566
7.17478e-05
2.10583e-05
2.78721e-07
9.22336e-07
1.71325e-06
2.72446e-06
4.05116e-06
5.81856e-06
8.19173e-06
1.1388e-05
1.56926e-05
2.14777e-05
2.92265e-05
3.95619e-05
5.32808e-05
7.13948e-05
9.51776e-05
0.000126219
0.000166487
0.000218393
0.000284869
0.000369443
0.000476318
0.000610456
0.000777648
0.000984583
0.00123889
0.00154916
0.00192494
0.00237662
0.00291535
0.0035528
0.0043008
0.0051709
0.00617397
0.00731919
0.00861951
0.0100788
0.0117017
0.0134906
0.0154448
0.0175613
0.019835
0.0222589
0.0248243
0.0275215
0.0303399
0.0332681
0.036294
0.0394049
0.0425868
0.0457452
0.0489526
0.0521969
0.0554663
0.0587496
0.0620355
0.0653123
0.0685671
0.0717845
0.0749445
0.0780185
0.0809648
0.0837195
0.0861831
0.088199
0.0895177
0.0897374
0.0882031
0.0839471
0.0781621
0.0716759
0.0649727
0.0583388
0.0519437
0.0458864
0.0402239
0.0349871
0.0301908
0.025839
0.0219276
0.0184464
0.0153799
0.0127074
0.0104039
0.00844087
0.00678703
0.00540938
0.00427446
0.00334941
0.00260296
0.0020062
0.0015331
0.0011608
0.00086961
0.000642953
0.000467074
0.000330749
0.000224937
0.000142447
7.71187e-05
2.26363e-05
2.69947e-07
8.93302e-07
1.65943e-06
2.63915e-06
3.92478e-06
5.63782e-06
7.93844e-06
1.10376e-05
1.52122e-05
2.08241e-05
2.83429e-05
3.83748e-05
5.1696e-05
6.92932e-05
9.24102e-05
0.000122602
0.000161797
0.000212362
0.00027718
0.000359726
0.000464148
0.000595354
0.000759082
0.000961973
0.00121162
0.00151658
0.00188637
0.00233141
0.00286285
0.00349239
0.00423193
0.00509316
0.00608734
0.00722128
0.00851439
0.00996592
0.011581
0.0133618
0.0153081
0.0174166
0.0196822
0.0220977
0.0246543
0.0273422
0.0301506
0.0330682
0.0360831
0.0391827
0.042353
0.0454986
0.0486922
0.0519219
0.0551764
0.0584447
0.0617161
0.0649794
0.0682226
0.0714313
0.0745868
0.0776633
0.0806227
0.0834069
0.0859259
0.0880376
0.0895151
0.0899924
0.0888699
0.0851805
0.0796805
0.0733205
0.0666506
0.0599944
0.0535426
0.0474071
0.0416525
0.0363146
0.0314114
0.0269495
0.0229269
0.0193355
0.0161615
0.0133859
0.0109854
0.00893279
0.00719766
0.00574766
0.00454952
0.00357022
0.002778
0.00214324
0.00163906
0.00124166
0.000930455
0.000687999
0.000499756
0.000353814
0.000240549
0.00015228
8.24361e-05
2.41949e-05
2.63411e-07
8.71613e-07
1.61904e-06
2.57468e-06
3.82851e-06
5.49887e-06
7.74181e-06
1.07629e-05
1.48319e-05
2.03016e-05
2.76302e-05
3.74093e-05
5.03973e-05
6.75592e-05
9.01133e-05
0.000119585
0.000157869
0.000207294
0.000270704
0.00035153
0.000453883
0.00058263
0.000743478
0.000943046
0.00118891
0.00148965
0.00185482
0.00229487
0.00282109
0.00344534
0.00417981
0.00503685
0.00602475
0.00715022
0.00843684
0.00988232
0.0114918
0.0132672
0.015208
0.017311
0.0195707
0.0219797
0.0245292
0.0272092
0.030009
0.0329174
0.0359225
0.0390122
0.0421726
0.0453075
0.0484894
0.0517067
0.0549482
0.0582035
0.0614623
0.0647138
0.0679464
0.0711466
0.0742968
0.077373
0.0803397
0.0831433
0.0857005
0.0878797
0.0894713
0.0901366
0.089322
0.0861218
0.0808774
0.0746391
0.0680117
0.0613498
0.0548625
0.0486723
0.0428502
0.0374361
0.0324506
0.0279021
0.0237906
0.0201094
0.0168464
0.0139844
0.0115013
0.00937132
0.00756521
0.00605138
0.004797
0.00376908
0.00293564
0.00226652
0.00173418
0.00131403
0.000984709
0.000727981
0.000528611
0.000374062
0.000254173
0.000160812
8.70236e-05
2.55361e-05
2.60085e-07
8.60509e-07
1.5981e-06
2.5407e-06
3.77676e-06
5.42265e-06
7.63175e-06
1.0606e-05
1.46107e-05
1.99923e-05
2.72014e-05
3.68196e-05
4.95931e-05
6.64721e-05
8.86566e-05
0.000117651
0.000155324
0.00020398
0.00026643
0.000346078
0.000447002
0.000574043
0.000732887
0.000930138
0.00117338
0.0014712
0.00183318
0.00226988
0.00279264
0.00341344
0.00414454
0.00499811
0.0059859
0.00710439
0.00838511
0.00982604
0.0114316
0.0132035
0.015141
0.0172407
0.0194969
0.0219022
0.0244477
0.0271233
0.0299184
0.0328216
0.0358215
0.0389062
0.0420619
0.0451923
0.0483684
0.0515789
0.0548133
0.0580612
0.0613128
0.0645574
0.0677838
0.0709788
0.0741257
0.0772011
0.0801713
0.0829849
0.0855627
0.0877792
0.089435
0.0902082
0.0895735
0.086668
0.0815816
0.0754224
0.068827
0.0621683
0.055666
0.0494489
0.0435917
0.0381364
0.033105
0.0285073
0.024344
0.0206095
0.0172928
0.0143774
0.0118427
0.00966366
0.00781178
0.00625624
0.00496465
0.00390426
0.00304304
0.00235063
0.00179909
0.0013634
0.00102167
0.000755176
0.000548195
0.00038777
0.000263371
0.000166562
9.00351e-05
2.64053e-05
)
;

boundaryField
{
    fuel
    {
        type            fixedValue;
        value           uniform 0;
    }
    air
    {
        type            fixedValue;
        value           uniform 0;
    }
    outlet
    {
        type            inletOutlet;
        inletValue      uniform 0;
        value           nonuniform List<scalar> 
200
(
2.56692e-07
8.49282e-07
1.57725e-06
2.50754e-06
3.72747e-06
5.35188e-06
7.53218e-06
1.04677e-05
1.44204e-05
1.97323e-05
2.68484e-05
3.63431e-05
4.89537e-05
6.56189e-05
8.75251e-05
0.00011616
0.000153371
0.000201439
0.000263148
0.000341869
0.000441645
0.000567277
0.000724408
0.000919602
0.0011604
0.00145534
0.00181401
0.0022469
0.00276539
0.00338146
0.00410744
0.00495555
0.00593777
0.00705054
0.00832546
0.00976103
0.0113618
0.0131296
0.0150638
0.0171613
0.0194164
0.0218219
0.0243687
0.0270469
0.0298457
0.0327537
0.0357594
0.0388507
0.0420139
0.0451525
0.0483369
0.0515555
0.0547978
0.0580536
0.0613127
0.0645646
0.0677979
0.0709994
0.0741522
0.0772332
0.0802087
0.0830277
0.085611
0.0878341
0.0894987
0.090285
0.0896715
0.0868012
0.0817283
0.0755708
0.0689708
0.0623043
0.0557928
0.0495662
0.0436997
0.0382355
0.033196
0.0285906
0.0244202
0.020679
0.0173559
0.0144345
0.011894
0.00970935
0.00785213
0.00629151
0.00499514
0.0039303
0.003065
0.00236891
0.0018141
0.00137554
0.00103133
0.000762702
0.00055392
0.000391984
0.000266328
0.000168478
9.1095e-05
2.6719e-05
2.60085e-07
8.60509e-07
1.5981e-06
2.5407e-06
3.77676e-06
5.42265e-06
7.63175e-06
1.0606e-05
1.46107e-05
1.99923e-05
2.72014e-05
3.68196e-05
4.95931e-05
6.64721e-05
8.86566e-05
0.000117651
0.000155324
0.00020398
0.00026643
0.000346078
0.000447002
0.000574043
0.000732887
0.000930138
0.00117338
0.0014712
0.00183318
0.00226988
0.00279264
0.00341344
0.00414454
0.00499811
0.0059859
0.00710439
0.00838511
0.00982604
0.0114316
0.0132035
0.015141
0.0172407
0.0194969
0.0219022
0.0244477
0.0271233
0.0299184
0.0328216
0.0358215
0.0389062
0.0420619
0.0451923
0.0483684
0.0515789
0.0548133
0.0580612
0.0613128
0.0645574
0.0677838
0.0709788
0.0741257
0.0772011
0.0801713
0.0829849
0.0855627
0.0877792
0.089435
0.0902082
0.0895735
0.086668
0.0815816
0.0754224
0.068827
0.0621683
0.055666
0.0494489
0.0435917
0.0381364
0.033105
0.0285073
0.024344
0.0206095
0.0172928
0.0143774
0.0118427
0.00966366
0.00781178
0.00625624
0.00496465
0.00390426
0.00304304
0.00235063
0.00179909
0.0013634
0.00102167
0.000755176
0.000548195
0.00038777
0.000263371
0.000166562
9.00351e-05
2.64053e-05
)
;
    }
    frontAndBack
    {
        type            empty;
    }
}


// ************************************************************************* //
