/*--------------------------------*- C++ -*----------------------------------*\
| =========                 |                                                 |
| \\      /  F ield         | OpenFOAM: The Open Source CFD Toolbox           |
|  \\    /   O peration     | Version:  2312                                  |
|   \\  /    A nd           | Website:  www.openfoam.com                      |
|    \\/     M anipulation  |                                                 |
\*---------------------------------------------------------------------------*/
FoamFile
{
    version     2.0;
    format      ascii;
    arch        "LSB;label=64;scalar=64";
    class       volScalarField;
    location    "0.15";
    object      H2O;
}
// * * * * * * * * * * * * * * * * * * * * * * * * * * * * * * * * * * * * * //

dimensions      [0 0 0 0 0 0 0];

internalField   nonuniform List<scalar> 
4000
(
2.10152e-07
6.953e-07
1.29128e-06
2.0529e-06
3.05165e-06
4.38154e-06
6.16653e-06
8.56985e-06
1.18059e-05
1.61547e-05
2.19805e-05
2.97538e-05
4.00779e-05
5.37216e-05
7.1656e-05
9.50988e-05
0.000125564
0.000164917
0.000215437
0.000279885
0.000361571
0.000464424
0.000593067
0.00075287
0.000950006
0.00119148
0.00148511
0.00183952
0.002264
0.00276837
0.00336272
0.00405707
0.0048612
0.00577221
0.00681598
0.00799127
0.00930177
0.0107491
0.0123326
0.0140498
0.0158961
0.0178654
0.0199505
0.0221431
0.0244344
0.0268152
0.0292759
0.0318067
0.0343964
0.036966
0.039573
0.042208
0.0448625
0.047528
0.0501962
0.0528585
0.0555055
0.0581266
0.0607078
0.0632302
0.0656662
0.067974
0.070089
0.071909
0.0732718
0.0739156
0.0734133
0.0710633
0.0669102
0.0618692
0.0564658
0.051008
0.0456771
0.0405794
0.0357765
0.0313031
0.0271772
0.0234068
0.0199926
0.0169297
0.0142091
0.0118174
0.00973754
0.00794896
0.00642847
0.0051508
0.00408947
0.0032177
0.00250929
0.00193941
0.00148519
0.00112615
0.000844338
0.000624417
0.00045349
0.000320914
0.00021804
0.000137931
7.45787e-05
2.18746e-05
2.12871e-07
7.04377e-07
1.30839e-06
2.08067e-06
3.09392e-06
4.44377e-06
6.25636e-06
8.69782e-06
1.19863e-05
1.64068e-05
2.233e-05
3.02342e-05
4.07329e-05
5.46068e-05
7.28419e-05
9.66731e-05
0.000127634
0.000167613
0.000218914
0.000284321
0.000367169
0.000471411
0.000601685
0.000763374
0.000962652
0.0012065
0.00150273
0.00185988
0.00228718
0.00279435
0.00339135
0.00408806
0.00489406
0.00580936
0.006858
0.00803721
0.00935103
0.0108013
0.0123877
0.0141076
0.0159568
0.0179292
0.0200177
0.0222141
0.0245095
0.0268945
0.0293596
0.0318947
0.0344884
0.0370615
0.0396733
0.042314
0.0449744
0.047646
0.0503202
0.0529882
0.0556404
0.0582656
0.0608496
0.0633726
0.0658058
0.0681054
0.0702034
0.0719927
0.0733027
0.0738577
0.0732074
0.0706144
0.0663309
0.0612244
0.0557945
0.0503339
0.0450152
0.0399396
0.0351656
0.030726
0.0266379
0.022908
0.0195363
0.0165173
0.013841
0.0114931
0.0094557
0.00770757
0.00622478
0.00498149
0.00395083
0.00310586
0.00242038
0.00186974
0.00143139
0.0010852
0.000813665
0.000601838
0.000437221
0.000309522
0.000210393
0.000133149
7.2073e-05
2.11513e-05
2.18205e-07
7.22076e-07
1.34135e-06
2.13327e-06
3.17245e-06
4.55709e-06
6.41668e-06
8.92175e-06
1.22962e-05
1.68324e-05
2.29104e-05
3.10202e-05
4.17899e-05
5.60176e-05
7.47101e-05
9.91266e-05
0.000130828
0.000171733
0.000224178
0.000290982
0.000375511
0.00048175
0.000614364
0.000778754
0.0009811
0.00122838
0.00152837
0.00188957
0.00232112
0.00283261
0.00343382
0.00413434
0.00494343
0.00586772
0.00692165
0.00810563
0.00942395
0.0108786
0.0124694
0.014194
0.0160482
0.018026
0.0201205
0.0223234
0.0246261
0.0270189
0.0294922
0.0320356
0.0346375
0.0372194
0.0398409
0.0424919
0.0451631
0.0478455
0.0505301
0.0532079
0.0558689
0.0585011
0.0610895
0.0636129
0.06604
0.0683237
0.0703905
0.0721245
0.073341
0.0737418
0.0728387
0.069842
0.0653472
0.0601399
0.0546745
0.0492181
0.0439284
0.0388977
0.034179
0.0298021
0.0257816
0.0221229
0.0188244
0.0158792
0.013276
0.0109993
0.00902986
0.0073454
0.00592108
0.00473039
0.00374612
0.00294125
0.00228981
0.00176756
0.0013525
0.00102514
0.00076861
0.000568615
0.00041323
0.000292679
0.000199055
0.000126046
6.82524e-05
2.00341e-05
2.25364e-07
7.45766e-07
1.38526e-06
2.20286e-06
3.27553e-06
4.70448e-06
6.62319e-06
9.20735e-06
1.26875e-05
1.73648e-05
2.36299e-05
3.19866e-05
4.30795e-05
5.77273e-05
7.69609e-05
0.000102067
0.00013464
0.000176634
0.000230425
0.000298874
0.000385393
0.00049401
0.000629433
0.0007971
0.00100322
0.00125481
0.00155963
0.00192619
0.00236362
0.00288149
0.00348956
0.00419737
0.00501401
0.0059473
0.00700703
0.00819726
0.00952203
0.0109832
0.0125806
0.0143117
0.0161726
0.0181574
0.0202592
0.0224699
0.0247809
0.0271826
0.0296652
0.0322181
0.0348296
0.0374223
0.0400552
0.0427184
0.0454021
0.0480969
0.0507936
0.0534826
0.0561532
0.0587928
0.0613849
0.0639064
0.0663229
0.0685825
0.0706041
0.07226
0.0733472
0.0735385
0.0723011
0.0688333
0.0641013
0.0587884
0.0532944
0.0478558
0.0426122
0.0376455
0.0330024
0.0287085
0.0247758
0.0212076
0.0180004
0.0151459
0.0126311
0.0104392
0.00854963
0.00693899
0.00558164
0.00445059
0.00351847
0.00275839
0.00214476
0.00165392
0.00126457
0.00095799
0.000718051
0.000531161
0.000386041
0.000273479
0.000186054
0.000117855
6.38213e-05
1.8735e-05
2.33833e-07
7.73761e-07
1.43705e-06
2.28471e-06
3.3963e-06
4.8764e-06
6.86287e-06
9.5371e-06
1.3137e-05
1.79729e-05
2.44474e-05
3.30791e-05
4.45307e-05
5.9643e-05
7.94736e-05
0.000105341
0.000138875
0.000182072
0.000237355
0.000307635
0.00039638
0.000507674
0.000646283
0.000817703
0.0010282
0.00128483
0.0015954
0.00196846
0.00241315
0.00293906
0.00355602
0.0042738
0.00510209
0.00604146
0.00710955
0.00830863
0.00964234
0.0111124
0.0127183
0.0144579
0.016327
0.0183199
0.0204298
0.0226488
0.0249682
0.0273786
0.0298701
0.0324321
0.0350529
0.0376558
0.0402997
0.0429744
0.0456698
0.0483764
0.0510842
0.0537833
0.0564623
0.0591076
0.0617011
0.064217
0.0666172
0.0688434
0.0708045
0.0723562
0.0732684
0.0731679
0.0714437
0.0675986
0.0626787
0.0572906
0.0517898
0.0463864
0.0412044
0.0363158
0.0317613
0.0275625
0.0237284
0.0202603
0.0171529
0.0143962
0.0119756
0.00987296
0.00806656
0.00653205
0.00524315
0.00417257
0.00329293
0.00257763
0.0020016
0.00154187
0.00117789
0.000891743
0.00066809
0.000494058
0.00035902
0.000254327
0.000173031
0.000109618
5.93424e-05
1.7419e-05
2.43113e-07
8.04417e-07
1.49369e-06
2.37408e-06
3.52788e-06
5.06328e-06
7.12276e-06
9.89373e-06
1.36218e-05
1.86273e-05
2.53253e-05
3.42499e-05
4.60836e-05
6.16909e-05
8.21579e-05
0.000108838
0.0001434
0.000187889
0.000244778
0.00031704
0.000408206
0.000522431
0.000664553
0.000840145
0.00105555
0.00131788
0.00163504
0.0020156
0.00246875
0.0030041
0.00363145
0.00436042
0.00520038
0.00614707
0.00722747
0.00843841
0.0097837
0.011265
0.0128817
0.0146314
0.0165101
0.018512
0.0206304
0.0228575
0.0251847
0.0276028
0.0301019
0.0326715
0.0352996
0.0379101
0.0405624
0.0432461
0.0459507
0.0486662
0.0513825
0.0540889
0.0567734
0.0594213
0.0620127
0.0645191
0.066898
0.069084
0.0709746
0.0724068
0.0731191
0.0726848
0.0704028
0.0662559
0.0611929
0.0557578
0.0502694
0.0449151
0.0398051
0.0350027
0.030543
0.0264438
0.0227117
0.0193458
0.016339
0.0136798
0.0113523
0.00933696
0.00761118
0.00614986
0.00492626
0.00391297
0.00308274
0.0024094
0.00186845
0.00143764
0.0010972
0.000829994
0.000621431
0.000459325
0.000333655
0.000236294
0.000160734
0.000101819
5.50962e-05
1.61704e-05
2.52896e-07
8.36722e-07
1.55335e-06
2.46815e-06
3.6663e-06
5.2597e-06
7.39569e-06
1.02679e-05
1.41302e-05
1.9313e-05
2.62447e-05
3.5476e-05
4.77096e-05
6.38354e-05
8.49704e-05
0.000112504
0.000148151
0.000194005
0.000252599
0.000326971
0.000420727
0.000538102
0.00068402
0.000864144
0.0010849
0.00135351
0.00167792
0.0020668
0.00252938
0.00307529
0.0037143
0.00445591
0.00530315
0.00626411
0.00735906
0.00858443
0.00994376
0.0114385
0.0130679
0.0148294
0.0167188
0.0187304
0.0208575
0.0230925
0.025427
0.027852
0.0303581
0.0329354
0.0355576
0.038175
0.0408337
0.0435232
0.0462335
0.0489543
0.0516752
0.0543852
0.0570715
0.0597183
0.0623038
0.064797
0.0671508
0.0692927
0.0711089
0.0724183
0.072929
0.0721639
0.0693422
0.0649218
0.0597379
0.0542724
0.0488078
0.0435104
0.0384772
0.0337635
0.0293993
0.025399
0.0217668
0.0184998
0.0155895
0.013023
0.0107831
0.00884946
0.00719851
0.00580462
0.00464081
0.00367966
0.00289419
0.00225868
0.00174925
0.00134435
0.00102496
0.000774661
0.000579566
0.00042811
0.000310816
0.000220025
0.000149618
9.47571e-05
5.12456e-05
1.50371e-05
2.62926e-07
8.69839e-07
1.6145e-06
2.56455e-06
3.80812e-06
5.46095e-06
7.67533e-06
1.06514e-05
1.46513e-05
2.00162e-05
2.71881e-05
3.67348e-05
4.93807e-05
6.60421e-05
8.78684e-05
0.000116289
0.000153063
0.000200341
0.000260719
0.000337309
0.000433796
0.000554507
0.000704462
0.000889423
0.00111592
0.00139127
0.0017235
0.00212132
0.00259396
0.003151
0.00380199
0.0045562
0.00541639
0.00639315
0.00750428
0.00874585
0.0101211
0.011631
0.0132747
0.0150493
0.0169504
0.0189723
0.0211083
0.0233509
0.0256921
0.0281233
0.0306358
0.0332209
0.0358173
0.0384433
0.0411067
0.0437993
0.0465115
0.0492335
0.0519548
0.054664
0.057348
0.0599895
0.0625653
0.0650413
0.0673662
0.0694605
0.0711992
0.0723835
0.0726932
0.0716051
0.0682978
0.06364
0.0583592
0.0528786
0.0474472
0.0422114
0.0372564
0.0326303
0.0283586
0.0244528
0.0209149
0.0177404
0.0149195
0.0124381
0.0102781
0.00841834
0.00683463
0.00550099
0.00439031
0.00347527
0.00272923
0.00212692
0.00164507
0.00126281
0.000961774
0.000726224
0.000542875
0.000400712
0.000290739
0.000205701
0.000139817
8.8523e-05
4.78443e-05
1.4036e-05
2.73028e-07
9.03191e-07
1.67608e-06
2.66166e-06
3.95104e-06
5.66383e-06
7.95741e-06
1.10385e-05
1.51777e-05
2.07273e-05
2.81431e-05
3.80107e-05
5.10767e-05
6.82849e-05
9.08186e-05
0.000120148
0.000158082
0.000206829
0.000269053
0.000347943
0.000447275
0.00057147
0.000725658
0.000915712
0.00114828
0.00143077
0.00177133
0.00217873
0.00266223
0.0032313
0.00389515
0.00466216
0.00553855
0.00653389
0.00766177
0.00892077
0.0103133
0.01184
0.0134993
0.0152881
0.0172018
0.0192344
0.0213794
0.0236292
0.0259759
0.0284113
0.0309265
0.0335116
0.0360918
0.0387178
0.0413808
0.0440719
0.0467818
0.0495006
0.052218
0.0549222
0.0575994
0.0602316
0.0627935
0.0652482
0.0675396
0.0695806
0.0712339
0.0722803
0.0723657
0.0709104
0.0672394
0.0624105
0.0570695
0.0515936
0.0462052
0.0410347
0.0361576
0.031616
0.0274319
0.0236141
0.020163
0.0170728
0.0143327
0.0119277
0.00983891
0.00804446
0.00651988
0.00523894
0.00417452
0.00329946
0.00258747
0.00201377
0.00155564
0.00119279
0.000907498
0.000684585
0.000511303
0.000377111
0.000273424
0.000193334
0.000131345
8.31294e-05
4.49003e-05
1.31693e-05
2.83041e-07
9.36254e-07
1.73715e-06
2.75799e-06
4.09287e-06
5.86531e-06
8.23777e-06
1.14236e-05
1.5702e-05
2.14363e-05
2.90966e-05
3.92865e-05
5.27751e-05
7.05347e-05
9.37832e-05
0.000124033
0.000163145
0.000213388
0.000277497
0.000358743
0.000460995
0.000588782
0.000747346
0.000942682
0.00118156
0.00147153
0.00182084
0.00223837
0.00273345
0.00331566
0.00399439
0.00477868
0.00566786
0.00668354
0.00782907
0.00910667
0.0105178
0.0120624
0.0137385
0.0155424
0.0174693
0.019513
0.0216669
0.0239233
0.0262743
0.0287116
0.031226
0.0338068
0.0363789
0.0389986
0.0416557
0.0443407
0.0470439
0.0497554
0.0524646
0.0551598
0.0578263
0.0604452
0.0629895
0.0654193
0.0676735
0.0696568
0.0712185
0.0721167
0.071958
0.0700963
0.0661815
0.0612457
0.0558788
0.0504254
0.0450879
0.0399847
0.0351835
0.0307221
0.0266193
0.0228821
0.0195097
0.0164951
0.0138268
0.0114891
0.00946255
0.00772495
0.00625153
0.00501596
0.00399117
0.00315027
0.00246727
0.00191786
0.00147984
0.00113344
0.000861464
0.000649243
0.000484481
0.000357041
0.000258685
0.000182795
0.00012412
7.85258e-05
4.23876e-05
1.24297e-05
2.92825e-07
9.68566e-07
1.79685e-06
2.85221e-06
4.23168e-06
6.06265e-06
8.51262e-06
1.18015e-05
1.62172e-05
2.21339e-05
3.0036e-05
4.05452e-05
5.44535e-05
7.27616e-05
9.67228e-05
0.000127893
0.000168184
0.000219928
0.000285934
0.000369557
0.000474766
0.000606197
0.000769213
0.000969941
0.00121528
0.00151292
0.00187122
0.00229917
0.00280617
0.00340178
0.00409531
0.00489557
0.00580162
0.00683742
0.00800273
0.00930017
0.0107309
0.0122943
0.0139879
0.0158077
0.0177484
0.0198035
0.0219662
0.0242287
0.0265831
0.0290207
0.0315325
0.0341079
0.0366718
0.0392826
0.0419304
0.0446055
0.0472982
0.0499986
0.0526961
0.0553785
0.0580311
0.0606336
0.0631577
0.0655603
0.067776
0.0697015
0.0711733
0.0719278
0.0715349
0.0692871
0.0651841
0.0601743
0.0548003
0.0493788
0.0440956
0.0390587
0.03433
0.0299432
0.0259149
0.0222506
0.0189485
0.0160008
0.0133955
0.0111164
0.00914372
0.00745497
0.00602527
0.00482828
0.00383709
0.00302501
0.00236643
0.00183743
0.00141627
0.00108365
0.000822834
0.000619566
0.000461941
0.000340162
0.000246277
0.000173917
0.000118028
7.46421e-05
4.02682e-05
1.18056e-05
3.0224e-07
9.99659e-07
1.85431e-06
2.94294e-06
4.36544e-06
6.25297e-06
8.77795e-06
1.21668e-05
1.67156e-05
2.28097e-05
3.09473e-05
4.1768e-05
5.60865e-05
7.49316e-05
9.9592e-05
0.000131666
0.00017312
0.000226346
0.000294229
0.000380211
0.00048836
0.000623425
0.000790894
0.000997027
0.00124887
0.00155423
0.00192163
0.00236015
0.00287928
0.00348863
0.00419742
0.00501408
0.00593857
0.00699453
0.0081798
0.00949743
0.0109482
0.012531
0.0142427
0.0160788
0.0180337
0.0201005
0.0222719
0.0245403
0.0268974
0.0293346
0.0318429
0.034412
0.0369666
0.0395667
0.0422028
0.0448652
0.0475446
0.050231
0.0529138
0.0555809
0.0582168
0.0608008
0.0633028
0.0656775
0.067855
0.0697253
0.0711131
0.0717355
0.0711295
0.0685391
0.0642765
0.0592099
0.0538381
0.0484523
0.0432232
0.03825
0.033589
0.0292708
0.02531
0.0217109
0.018471
0.015582
0.0130314
0.0108027
0.00887618
0.00722898
0.00583628
0.0046718
0.00370878
0.00292081
0.0022826
0.00177059
0.00136345
0.00104227
0.000790712
0.000594875
0.000443175
0.000326097
0.000235932
0.000166509
0.000112942
7.13976e-05
3.84974e-05
1.12842e-05
3.1114e-07
1.02906e-06
1.90866e-06
3.0288e-06
4.49211e-06
6.43334e-06
9.02964e-06
1.25136e-05
1.71894e-05
2.34529e-05
3.18157e-05
4.29349e-05
5.76469e-05
7.70083e-05
0.000102342
0.000135289
0.000177865
0.000232527
0.000302232
0.000390508
0.000501523
0.000640139
0.00081197
0.00102341
0.00128165
0.00159465
0.00197104
0.00242006
0.00295129
0.00357446
0.00429913
0.00512941
0.00607291
0.00714937
0.00835521
0.00969342
0.0111645
0.0127668
0.0144969
0.0163496
0.0183187
0.0203972
0.0225776
0.0248517
0.0272114
0.0296479
0.0321523
0.0347144
0.0372589
0.0398472
0.04247
0.0451181
0.0477822
0.0504526
0.0531188
0.0557686
0.0583862
0.0609502
0.0634292
0.0657758
0.0679163
0.0697347
0.0710455
0.0715488
0.0707526
0.0678614
0.0634626
0.058352
0.0529882
0.0476395
0.0424629
0.0375495
0.0329509
0.028695
0.0247947
0.0212535
0.0180681
0.01523
0.0127266
0.0105411
0.00865363
0.00704149
0.00567981
0.00454247
0.00360289
0.00283491
0.00221353
0.00171554
0.00131995
0.00100819
0.000764246
0.000574521
0.000427697
0.000314489
0.000227387
0.000160387
0.000108737
6.87138e-05
3.70326e-05
1.08528e-05
3.19381e-07
1.05629e-06
1.95901e-06
3.10837e-06
4.60957e-06
6.60072e-06
9.26339e-06
1.2836e-05
1.76303e-05
2.4052e-05
3.26257e-05
4.40245e-05
5.91058e-05
7.89524e-05
0.00010492
0.000138689
0.000182327
0.000238346
0.000309778
0.000400234
0.000513976
0.000655979
0.00083198
0.00104851
0.0013129
0.00163325
0.00201836
0.00247757
0.00302059
0.00365717
0.00439683
0.00524287
0.00620337
0.00729908
0.00852479
0.00988313
0.0113741
0.0129957
0.0147437
0.0166128
0.0185961
0.0206863
0.0228755
0.0251554
0.0275178
0.0299538
0.0324546
0.0350083
0.0375423
0.0401184
0.0427275
0.0453606
0.0480086
0.0506621
0.0533106
0.055942
0.0585404
0.0610837
0.0635395
0.0658582
0.0679631
0.0697325
0.0709722
0.0713673
0.0704013
0.0672501
0.0627378
0.0575949
0.052244
0.0469328
0.0418061
0.0369481
0.0324064
0.0282064
0.0243598
0.0208693
0.0177312
0.014937
0.0124738
0.0103249
0.00847028
0.00688742
0.00555153
0.00443663
0.00351636
0.00276478
0.00215719
0.00167066
0.00128448
0.000980405
0.000742664
0.000557917
0.000415064
0.00030501
0.000220406
0.000155382
0.000105297
6.65181e-05
3.58341e-05
1.04999e-05
3.26816e-07
1.08085e-06
2.00445e-06
3.18021e-06
4.71568e-06
6.75203e-06
9.47487e-06
1.31279e-05
1.80299e-05
2.45956e-05
3.33613e-05
4.50151e-05
6.04336e-05
8.07238e-05
0.000107271
0.000141795
0.000186407
0.000243676
0.000316698
0.000409164
0.000525427
0.000670567
0.000850435
0.00107169
0.00134181
0.00166902
0.00206226
0.00253102
0.00308508
0.00373424
0.00448794
0.00534813
0.00632499
0.00743906
0.00868369
0.0100611
0.011571
0.0132109
0.0149761
0.0168608
0.0188578
0.0209593
0.0231573
0.0254434
0.0278093
0.0302468
0.0327481
0.0352776
0.0378064
0.0403727
0.0429692
0.0455877
0.0482198
0.0508564
0.0534873
0.0561003
0.0586795
0.0612021
0.0636347
0.0659261
0.067996
0.0697177
0.0708876
0.0711759
0.0700409
0.0666885
0.0620927
0.0569317
0.051599
0.0463252
0.0412454
0.0364381
0.0319473
0.0277968
0.0239971
0.0205505
0.0174531
0.0146961
0.0122668
0.0101484
0.00832111
0.0067624
0.00544767
0.00435111
0.00344654
0.00270826
0.00211182
0.00163453
0.00125595
0.000958049
0.000725297
0.000544552
0.000404891
0.000297374
0.00021478
0.000151347
0.000102523
6.47466e-05
3.48671e-05
1.02152e-05
3.33304e-07
1.10229e-06
2.04412e-06
3.24296e-06
4.8084e-06
6.88431e-06
9.65988e-06
1.33835e-05
1.838e-05
2.50723e-05
3.40069e-05
4.58854e-05
6.16013e-05
8.22831e-05
0.000109344
0.000144535
0.000190009
0.000248387
0.000322822
0.000417076
0.000535586
0.000683523
0.000866848
0.00109234
0.00136758
0.00170096
0.00210152
0.00257885
0.00314286
0.00380334
0.00456977
0.00544365
0.00643502
0.00756538
0.00882701
0.0102218
0.0117489
0.0134055
0.0151865
0.0170856
0.0190952
0.0212074
0.0234138
0.025706
0.0280758
0.0305154
0.0330171
0.0355211
0.0380452
0.040603
0.0431882
0.0457934
0.0484107
0.0510314
0.0536456
0.0562412
0.058802
0.0613049
0.0637155
0.0659806
0.0680169
0.0696921
0.0707935
0.0709751
0.0696677
0.0661756
0.0615266
0.056361
0.0510505
0.0458131
0.0407763
0.0360139
0.0315678
0.0274599
0.0237004
0.0202909
0.0172276
0.0145017
0.0121003
0.010007
0.00820194
0.00666281
0.00536512
0.00428325
0.00339123
0.00266355
0.00207595
0.00160599
0.00123341
0.000940397
0.000711585
0.000533998
0.000396857
0.000291341
0.000210334
0.000148158
0.00010033
6.33457e-05
3.41024e-05
9.98999e-06
3.38714e-07
1.12017e-06
2.0772e-06
3.2953e-06
4.88579e-06
6.99479e-06
9.81448e-06
1.35972e-05
1.8673e-05
2.54715e-05
3.4548e-05
4.66153e-05
6.25815e-05
8.35933e-05
0.000111086
0.000146841
0.000193044
0.000252359
0.000327991
0.000423761
0.000544176
0.00069449
0.000880754
0.00110984
0.00138946
0.00172809
0.00213488
0.00261951
0.00319187
0.00386165
0.00463776
0.00552723
0.00652989
0.00767388
0.00895004
0.0103597
0.0119018
0.0135728
0.0153676
0.0172792
0.0193
0.0214216
0.0236355
0.0259334
0.0283069
0.0307483
0.0332493
0.0357328
0.038252
0.0408022
0.0433776
0.0459712
0.0485755
0.0511821
0.0537815
0.0563615
0.0589059
0.0613911
0.0637819
0.0660234
0.0680294
0.0696627
0.0707022
0.0707873
0.0693244
0.0657337
0.0610513
0.0558886
0.0506009
0.0453963
0.0403968
0.0356728
0.0312641
0.0271917
0.0234652
0.0200862
0.0170505
0.0143495
0.0119705
0.00989704
0.00810957
0.0065858
0.00530143
0.004231
0.00334869
0.0026292
0.00204843
0.0015841
0.00121614
0.000926867
0.000701075
0.000525909
0.000390698
0.000286716
0.000206924
0.000145711
9.86475e-05
6.22707e-05
3.35156e-05
9.81721e-06
3.42933e-07
1.13411e-06
2.10301e-06
3.33615e-06
4.94619e-06
7.08104e-06
9.93526e-06
1.37643e-05
1.89022e-05
2.57839e-05
3.49717e-05
4.71874e-05
6.33504e-05
8.46217e-05
0.000112455
0.000148653
0.000195432
0.000255486
0.000332063
0.000429032
0.000550955
0.000703151
0.000891744
0.00112369
0.00140679
0.0017496
0.00216139
0.00265193
0.00323126
0.00390926
0.00469546
0.00559034
0.00660443
0.00776017
0.00904828
0.01047
0.012024
0.0137067
0.0155125
0.0174343
0.0194642
0.0215935
0.0238137
0.0261161
0.0284924
0.0309343
0.0334326
0.0359076
0.0384201
0.0409633
0.0435303
0.0461143
0.048708
0.0513031
0.0538903
0.0564575
0.0589884
0.061459
0.0638334
0.0660555
0.0680365
0.0696354
0.070624
0.0706298
0.0690394
0.0653811
0.0606785
0.0555218
0.0502542
0.0450769
0.0401074
0.0354138
0.0310345
0.0269898
0.0232889
0.0199332
0.0169186
0.0142366
0.0118745
0.00981599
0.00804164
0.00652928
0.00525478
0.00419278
0.00331763
0.00260414
0.00202837
0.00156816
0.00120356
0.000917018
0.000693426
0.000520022
0.000386216
0.00028335
0.000204443
0.000143931
9.74231e-05
6.14885e-05
3.30886e-05
9.69149e-06
3.45864e-07
1.1438e-06
2.12095e-06
3.36455e-06
4.98821e-06
7.1411e-06
1.00194e-05
1.38807e-05
1.90621e-05
2.60021e-05
3.52679e-05
4.75876e-05
6.38884e-05
8.53419e-05
0.000113414
0.000149924
0.000197107
0.000257682
0.000334924
0.000432736
0.000555722
0.000709246
0.000899486
0.00113346
0.00141902
0.00176481
0.00218017
0.00267493
0.0032592
0.00394285
0.0047353
0.00563642
0.00665768
0.00782149
0.00911802
0.0105483
0.0121109
0.0138019
0.0156156
0.0175447
0.019581
0.021716
0.0239407
0.0262464
0.0286246
0.0310668
0.0335632
0.036033
0.0385408
0.0410786
0.0436395
0.0462166
0.0488025
0.0513893
0.0539676
0.0565255
0.0590465
0.0615067
0.0638692
0.0660771
0.0680402
0.0696143
0.0705664
0.0705156
0.0688342
0.0651328
0.0604186
0.0552678
0.0500154
0.0448577
0.0399096
0.0352374
0.0308787
0.0268533
0.0231701
0.0198305
0.0168304
0.0141613
0.0118106
0.00976219
0.00799664
0.00649192
0.00522398
0.00416759
0.00329717
0.00258765
0.00201517
0.00155767
0.00119529
0.000910544
0.000688398
0.000516152
0.000383269
0.000281137
0.000202811
0.00014276
9.66174e-05
6.09737e-05
3.28079e-05
9.60881e-06
3.47447e-07
1.14903e-06
2.13064e-06
3.3799e-06
5.01094e-06
7.17362e-06
1.0065e-05
1.39439e-05
1.9149e-05
2.61208e-05
3.54291e-05
4.78055e-05
6.41818e-05
8.57348e-05
0.000113938
0.000150618
0.000198023
0.000258882
0.000336488
0.000434763
0.000558332
0.000712585
0.000903728
0.00113881
0.00142573
0.00177317
0.00219049
0.00268758
0.00327457
0.00396134
0.00475728
0.0056621
0.00668729
0.0078554
0.0091565
0.0105915
0.0121588
0.0138544
0.0156724
0.0176056
0.0196455
0.0217835
0.0240107
0.0263182
0.0286974
0.0311397
0.0336351
0.0361026
0.0386077
0.0411424
0.0436998
0.0462729
0.0488544
0.0514364
0.0540098
0.0565624
0.0590779
0.0615321
0.063888
0.0660881
0.0680413
0.0696019
0.0705342
0.0704527
0.0687223
0.0649992
0.0602798
0.0551328
0.049889
0.0447422
0.0398058
0.0351452
0.0307976
0.0267825
0.0231087
0.0197776
0.0167852
0.0141228
0.0117781
0.00973486
0.00797383
0.00647302
0.00520843
0.00415488
0.00328686
0.00257934
0.00200852
0.00155239
0.00119112
0.00090728
0.000685862
0.000514198
0.00038178
0.000280017
0.000201985
0.000142167
9.62095e-05
6.07132e-05
3.26657e-05
9.56696e-06
3.47655e-07
1.14972e-06
2.13193e-06
3.38195e-06
5.014e-06
7.17804e-06
1.00713e-05
1.39527e-05
1.91611e-05
2.61375e-05
3.54521e-05
4.78369e-05
6.42243e-05
8.5792e-05
0.000114014
0.000150721
0.000198158
0.00025906
0.00033672
0.000435065
0.00055872
0.000713083
0.000904362
0.00113961
0.00142674
0.00177442
0.00219204
0.00268948
0.00327688
0.00396413
0.00476063
0.00566606
0.00669186
0.00786064
0.00916244
0.0105982
0.0121661
0.0138624
0.0156811
0.0176147
0.0196551
0.0217935
0.0240209
0.0263286
0.0287078
0.03115
0.0336451
0.036112
0.0386166
0.0411507
0.0437074
0.0462797
0.0488604
0.0514417
0.0540141
0.0565659
0.0590805
0.0615338
0.0638888
0.066088
0.0680401
0.0695993
0.0705299
0.0704458
0.0687113
0.0649868
0.0602675
0.0551215
0.049879
0.0447336
0.0397985
0.0351393
0.0307928
0.0267787
0.0231058
0.0197753
0.0167834
0.0141215
0.0117771
0.00973415
0.00797331
0.00647263
0.00520814
0.00415465
0.00328668
0.00257919
0.00200839
0.00155228
0.00119102
0.000907196
0.000685789
0.000514137
0.000381729
0.000279976
0.000201953
0.000142142
9.61917e-05
6.07014e-05
3.26592e-05
9.56501e-06
3.46483e-07
1.14585e-06
2.12477e-06
3.37064e-06
4.9973e-06
7.15423e-06
1.0038e-05
1.39068e-05
1.90982e-05
2.60519e-05
3.53361e-05
4.76805e-05
6.40144e-05
8.55116e-05
0.000113642
0.000150227
0.000197508
0.000258209
0.000335612
0.000433629
0.000556873
0.000710719
0.000901359
0.00113582
0.00142198
0.0017685
0.00218472
0.0026805
0.00326596
0.003951
0.00474505
0.00564811
0.0066712
0.00783699
0.00913558
0.010568
0.0121326
0.0138256
0.015641
0.0175717
0.0196094
0.0217454
0.0239708
0.026277
0.0286552
0.031097
0.0335925
0.0360607
0.0385668
0.0411028
0.0436617
0.0462365
0.0488201
0.0514045
0.0539803
0.0565356
0.0590541
0.0615116
0.0638715
0.0660766
0.0680365
0.0696067
0.0705537
0.0704953
0.0688022
0.0650968
0.0603829
0.0552348
0.0499861
0.0448325
0.0398885
0.0352201
0.0308647
0.0268422
0.0231614
0.0198238
0.0168254
0.0141575
0.0118078
0.00976013
0.00799512
0.00649078
0.00522311
0.00416691
0.00329662
0.00258719
0.00201478
0.00155733
0.00119499
0.000910289
0.000688179
0.000515967
0.000383115
0.000281011
0.000202712
0.000142685
9.65634e-05
6.0938e-05
3.27879e-05
9.60287e-06
3.43947e-07
1.13747e-06
2.10926e-06
3.34612e-06
4.96109e-06
7.10257e-06
9.96574e-06
1.38069e-05
1.89614e-05
2.58655e-05
3.50835e-05
4.73398e-05
6.35568e-05
8.48997e-05
0.000112827
0.000149149
0.000196088
0.000256349
0.00033319
0.000430493
0.000552837
0.000705559
0.000894803
0.00112755
0.00141161
0.00175558
0.00216875
0.00266088
0.00324198
0.00392177
0.00470921
0.0056112
0.00662697
0.00778559
0.00907692
0.010502
0.0120593
0.0137451
0.0155537
0.017478
0.01951
0.021641
0.0238623
0.0261653
0.0285416
0.0309828
0.0334795
0.0359515
0.0384613
0.0410015
0.0435653
0.0461458
0.0487356
0.0513268
0.05391
0.0564731
0.0589998
0.0614663
0.0638365
0.066054
0.0680301
0.0696229
0.0706034
0.0705976
0.0689891
0.0653239
0.0606215
0.055469
0.0502074
0.0450366
0.0400736
0.035386
0.0310121
0.026972
0.023275
0.0199225
0.0169105
0.0142305
0.01187
0.00981264
0.00803914
0.0065274
0.00525332
0.00419163
0.00331669
0.00260335
0.00202769
0.00156757
0.00120305
0.000916575
0.000693046
0.000519701
0.000385949
0.000283134
0.000204273
0.000143801
9.733e-05
6.1427e-05
3.30543e-05
9.68127e-06
3.40096e-07
1.12475e-06
2.08573e-06
3.30891e-06
4.90611e-06
7.02413e-06
9.85605e-06
1.36554e-05
1.87537e-05
2.55827e-05
3.47003e-05
4.68228e-05
6.28627e-05
8.3972e-05
0.000111593
0.000147516
0.000193937
0.000253533
0.000329524
0.000425749
0.000546737
0.000697765
0.000884911
0.00111508
0.00139602
0.00173623
0.00214493
0.00263184
0.00320697
0.00388022
0.00466113
0.00555045
0.00655845
0.00770731
0.00898814
0.0104024
0.0119488
0.013624
0.0154225
0.0173374
0.0193609
0.0214847
0.0237
0.0259985
0.0283719
0.0308123
0.0333111
0.0357903
0.0383058
0.040852
0.043423
0.0460118
0.048611
0.0512123
0.0538063
0.0563808
0.0589197
0.0613995
0.0637847
0.0660203
0.0680199
0.0696455
0.0706747
0.070745
0.0692592
0.0656587
0.0609765
0.0558191
0.0505391
0.0453432
0.0403522
0.0356361
0.0312344
0.0271682
0.0234468
0.0200719
0.0170397
0.0143414
0.0119644
0.00989247
0.00810612
0.00658316
0.00529936
0.00422933
0.00334731
0.00262803
0.00204742
0.00158323
0.00121537
0.000926207
0.00070051
0.000525432
0.000390303
0.000286396
0.000206673
0.00014552
9.85104e-05
6.21802e-05
3.3465e-05
9.80219e-06
3.35021e-07
1.10798e-06
2.05471e-06
3.25985e-06
4.83363e-06
6.92074e-06
9.71148e-06
1.34557e-05
1.84802e-05
2.52103e-05
3.41958e-05
4.61427e-05
6.19499e-05
8.27526e-05
0.000109972
0.000145371
0.000191116
0.00024984
0.00032472
0.000419537
0.000538755
0.000687575
0.000871991
0.00109882
0.00137569
0.00171102
0.00211391
0.00259399
0.00316121
0.00382541
0.00459607
0.00547426
0.00647044
0.00760611
0.00887316
0.0102733
0.0118057
0.0134673
0.0152528
0.0171557
0.0191685
0.0212831
0.023491
0.0257838
0.0281535
0.030592
0.0330917
0.0355873
0.0381078
0.0406611
0.0432409
0.0458403
0.0484514
0.0510656
0.0536732
0.0562622
0.0588164
0.0613128
0.0637168
0.0659752
0.0680041
0.0696706
0.0707607
0.0709262
0.069594
0.0660882
0.0614384
0.0562785
0.050977
0.0457496
0.0407229
0.03597
0.0315322
0.0274316
0.0236781
0.0202737
0.0172145
0.0144917
0.0120927
0.0100012
0.00819753
0.00665937
0.00536238
0.004281
0.00338934
0.00266193
0.00207455
0.00160477
0.00123235
0.000939477
0.000710799
0.000533337
0.000396311
0.0002909
0.000209988
0.000147896
0.000100142
6.32217e-05
3.40332e-05
9.96944e-06
3.28827e-07
1.08751e-06
2.01685e-06
3.2e-06
4.74523e-06
6.79468e-06
9.53527e-06
1.32124e-05
1.81471e-05
2.4757e-05
3.35823e-05
4.5316e-05
6.08411e-05
8.12725e-05
0.000108006
0.000142772
0.000187698
0.000245372
0.000318912
0.000412034
0.000529121
0.000675287
0.000856424
0.00107923
0.00135123
0.00168069
0.0020766
0.00254845
0.00310605
0.00375922
0.00451758
0.00538381
0.00636592
0.00748572
0.00873628
0.0101197
0.0116355
0.0132808
0.015051
0.0169399
0.0189402
0.0210442
0.0232436
0.0255301
0.0278955
0.0303315
0.0328306
0.0353506
0.0378751
0.040436
0.0430262
0.0456378
0.0482627
0.0508919
0.0535153
0.0561209
0.0586926
0.061208
0.0636335
0.0659175
0.0679797
0.0696924
0.0708511
0.0711239
0.0699653
0.0665942
0.0619957
0.0568402
0.0515169
0.0462541
0.0411855
0.0363886
0.0319071
0.0277647
0.0239718
0.0205308
0.0174379
0.0146844
0.0122578
0.0101414
0.00831568
0.00675808
0.00544415
0.00434817
0.00344403
0.0027061
0.00210993
0.00163288
0.00125452
0.000956815
0.000724246
0.000543671
0.000404166
0.00029679
0.000214323
0.000151002
0.000102276
6.45837e-05
3.47763e-05
1.01882e-05
3.21642e-07
1.06378e-06
1.97295e-06
3.13061e-06
4.64278e-06
6.64865e-06
9.33125e-06
1.29309e-05
1.77619e-05
2.42332e-05
3.28737e-05
4.43621e-05
5.95627e-05
7.95674e-05
0.000105743
0.000139783
0.000183773
0.000240245
0.000312255
0.000403442
0.000518103
0.000661251
0.000838664
0.00105692
0.0013234
0.00164625
0.00203431
0.00249693
0.0030438
0.00368453
0.00442826
0.00528316
0.00624827
0.00734987
0.0085819
0.00994662
0.0114439
0.0130712
0.0148244
0.0166978
0.0186845
0.0207771
0.0229675
0.0252475
0.0276087
0.0300426
0.0325406
0.035085
0.037614
0.0401837
0.0427857
0.0454111
0.0480511
0.0506964
0.0533368
0.0559602
0.0585507
0.0610863
0.0635345
0.0658457
0.0679428
0.0697036
0.0709329
0.0713139
0.0703276
0.0671528
0.0626356
0.0574976
0.0521563
0.0468564
0.0417415
0.0368946
0.0323628
0.0281713
0.024332
0.0208474
0.0177142
0.0149238
0.0124634
0.0103167
0.00846374
0.00688208
0.00554709
0.00443286
0.00351311
0.00276195
0.00215471
0.00166849
0.0012826
0.000978791
0.000741295
0.000556772
0.000414125
0.000304256
0.000219818
0.000154939
0.00010498
6.63095e-05
3.5718e-05
1.04654e-05
3.13606e-07
1.03723e-06
1.92387e-06
3.05305e-06
4.52831e-06
6.48557e-06
9.10356e-06
1.26169e-05
1.73326e-05
2.365e-05
3.20855e-05
4.3302e-05
5.81436e-05
7.76765e-05
0.000103235
0.000136476
0.000179434
0.000234586
0.000304915
0.000393982
0.000505989
0.000645839
0.000819191
0.00103249
0.00129298
0.00160867
0.00198826
0.002441
0.00297652
0.00360453
0.00433456
0.00517055
0.00611953
0.00720236
0.00841487
0.00975977
0.0112373
0.0128455
0.0145807
0.0164377
0.0184101
0.0204908
0.0226719
0.0249456
0.0273034
0.0297368
0.0322369
0.0347933
0.0373309
0.0399116
0.0425265
0.0451663
0.0478219
0.0504837
0.0531413
0.0557826
0.0583921
0.0609482
0.0634196
0.0657587
0.0678916
0.0697017
0.0710028
0.0714934
0.0706788
0.0677618
0.0633571
0.058251
0.0528968
0.0475598
0.0423951
0.0374931
0.0329047
0.0286576
0.0247648
0.0212297
0.0180492
0.0152151
0.0127147
0.0105315
0.00864577
0.00703493
0.00567425
0.00453768
0.00359872
0.00283126
0.00221033
0.00171275
0.00131753
0.00100612
0.000762494
0.000573062
0.000426504
0.000313535
0.000226644
0.000159828
0.000108338
6.84518e-05
3.68868e-05
1.08096e-05
3.04865e-07
1.00836e-06
1.8705e-06
2.96875e-06
4.40396e-06
6.30854e-06
8.85657e-06
1.22766e-05
1.68678e-05
2.30191e-05
3.12338e-05
4.21576e-05
5.66133e-05
7.564e-05
0.000100539
0.000132924
0.00017478
0.000228523
0.000297064
0.000383878
0.000493069
0.000629428
0.00079849
0.00100656
0.00126075
0.00156891
0.00193961
0.00238198
0.00290551
0.0035198
0.00423396
0.00505631
0.0059865
0.00704889
0.00824082
0.00956509
0.0110222
0.0126107
0.0143275
0.0161677
0.0181255
0.020194
0.0223659
0.0246334
0.0269882
0.0294217
0.0319251
0.0344881
0.0370354
0.0396277
0.0422553
0.0449091
0.0475797
0.0502572
0.0529313
0.0555898
0.0582176
0.0607937
0.0632881
0.0656555
0.0678256
0.069688
0.0710667
0.0716772
0.071054
0.0684376
0.064169
0.0591068
0.0537445
0.0483703
0.0431532
0.0381913
0.0335406
0.0292313
0.025278
0.0216852
0.0184502
0.0155652
0.0130177
0.0107914
0.00886671
0.00722093
0.00582934
0.00466575
0.00370348
0.00291616
0.00227852
0.00176703
0.00136038
0.00103965
0.000788503
0.000593042
0.000441682
0.000324906
0.000235006
0.000165815
0.000112448
7.10732e-05
3.83172e-05
1.12307e-05
2.95569e-07
9.77653e-07
1.81375e-06
2.87916e-06
4.2719e-06
6.12065e-06
8.59465e-06
1.19161e-05
1.63758e-05
2.23521e-05
3.03343e-05
4.09506e-05
5.50014e-05
7.34978e-05
9.77061e-05
0.000129198
0.000169906
0.000222183
0.000288868
0.000373348
0.000479628
0.000612386
0.000777032
0.000979738
0.00122746
0.00152793
0.00188955
0.00232135
0.00283272
0.00343318
0.00413191
0.0049374
0.0058498
0.00689216
0.008064
0.00936783
0.0108046
0.0123735
0.0140718
0.0158953
0.0178385
0.019895
0.0220576
0.0243187
0.0266704
0.0291039
0.0316104
0.0341793
0.0367356
0.0393382
0.0419775
0.0446438
0.0473276
0.0500191
0.0527079
0.0553819
0.0580263
0.0606212
0.0631378
0.0655335
0.0677421
0.0696603
0.0711235
0.0718668
0.0714576
0.0691845
0.0650756
0.0600701
0.0547053
0.0492952
0.0440237
0.038998
0.0342794
0.0299014
0.0258806
0.0222225
0.0189254
0.0159818
0.0133796
0.011103
0.00913226
0.00744506
0.00601662
0.00482069
0.0038304
0.00301912
0.00236128
0.00183295
0.00141242
0.00108037
0.000820082
0.000617292
0.000460094
0.000338693
0.000245139
0.000173066
0.000117423
7.42451e-05
4.00478e-05
1.17402e-05
2.85864e-07
9.45604e-07
1.75454e-06
2.78572e-06
4.13423e-06
5.92493e-06
8.32205e-06
1.15413e-05
1.58649e-05
2.16602e-05
2.94024e-05
3.97018e-05
5.3336e-05
7.12878e-05
9.47883e-05
0.000125366
0.000164902
0.000215686
0.000280484
0.000362598
0.000465933
0.000595058
0.000755259
0.000952579
0.00119384
0.00148662
0.00183922
0.00226056
0.00275999
0.00334709
0.00403131
0.00482184
0.00571604
0.00673781
0.00788951
0.00917315
0.01059
0.0121396
0.0138199
0.0156271
0.0175561
0.0196008
0.0217542
0.0240088
0.0263568
0.0287896
0.0312984
0.0338724
0.0364366
0.039048
0.0416966
0.0443729
0.0470673
0.04977
0.0524708
0.0551577
0.0578163
0.0604278
0.0629651
0.0653882
0.0676358
0.0696123
0.0711661
0.072054
0.0718802
0.0699944
0.0660734
0.0611412
0.055783
0.0503404
0.0450142
0.0399218
0.0351304
0.0306776
0.0265821
0.0228511
0.0194837
0.0164732
0.0138081
0.011473
0.00944862
0.00771275
0.00624079
0.00500647
0.0039828
0.0031429
0.00246083
0.00191228
0.00147505
0.00112938
0.000858073
0.00064645
0.00048222
0.000355248
0.000257299
0.000181761
0.000123385
7.80451e-05
4.21208e-05
1.23505e-05
2.75898e-07
9.12697e-07
1.69376e-06
2.68984e-06
3.99305e-06
5.72437e-06
8.04295e-06
1.11579e-05
1.53428e-05
2.09541e-05
2.84527e-05
3.84308e-05
5.16436e-05
6.90455e-05
9.18328e-05
0.000121492
0.000159851
0.000209142
0.000272056
0.000351813
0.000452223
0.000577751
0.000733564
0.000925582
0.00116049
0.00144576
0.00178955
0.00220068
0.00268842
0.00326231
0.0039317
0.0047054
0.00558425
0.00658777
0.00772084
0.00898531
0.0103831
0.0119144
0.0135776
0.0153692
0.0172845
0.0193176
0.0214618
0.0237095
0.0260529
0.0284838
0.0309933
0.0335714
0.0361429
0.0387607
0.0414154
0.0440981
0.0467994
0.0495099
0.052219
0.0549153
0.057585
0.0602101
0.0627654
0.0652139
0.0674993
0.0695342
0.0711806
0.0722183
0.072291
0.0708157
0.0671348
0.0623071
0.0569732
0.0515071
0.0461292
0.040969
0.0361013
0.0315681
0.0273912
0.0235794
0.0201334
0.0170474
0.0143107
0.0119084
0.00982196
0.00802948
0.00650661
0.00522718
0.00416413
0.00329033
0.00257951
0.00200689
0.00154976
0.00118783
0.000903362
0.000681189
0.000508562
0.000374944
0.000271754
0.000192089
0.000130463
8.25526e-05
4.45802e-05
1.30744e-05
2.65817e-07
8.79411e-07
1.6323e-06
2.59291e-06
3.85039e-06
5.52183e-06
7.76131e-06
1.07713e-05
1.4817e-05
2.02437e-05
2.74984e-05
3.71557e-05
4.99482e-05
6.68027e-05
8.88818e-05
0.00011763
0.000154827
0.000202645
0.000263707
0.000341155
0.000438709
0.000560733
0.000712288
0.00089918
0.00112798
0.00140603
0.00174141
0.00214284
0.00261954
0.00318102
0.00383671
0.00459562
0.00545992
0.0064444
0.007561
0.00880785
0.010188
0.0117022
0.0133493
0.0151263
0.0170287
0.0190507
0.0211856
0.0234258
0.0257635
0.0281901
0.0306973
0.0332762
0.0358613
0.0384803
0.041136
0.0438204
0.0465244
0.0492383
0.0519517
0.0546535
0.0573302
0.0599651
0.0625347
0.065005
0.0673245
0.0694133
0.0711463
0.0723237
0.0726239
0.0715216
0.068198
0.0635379
0.0582621
0.0527898
0.047368
0.0421419
0.037196
0.032578
0.0283134
0.0244136
0.0208808
0.0177106
0.0148933
0.0124149
0.0102576
0.00840005
0.00681835
0.00548655
0.00437755
0.00346408
0.00271949
0.00211853
0.00163793
0.00125679
0.000956778
0.000722136
0.000539585
0.000398117
0.000288743
0.000204217
0.000138766
8.7837e-05
4.74637e-05
1.39231e-05
2.55786e-07
8.46291e-07
1.57114e-06
2.49649e-06
3.70852e-06
5.32048e-06
7.48148e-06
1.03875e-05
1.42954e-05
1.95396e-05
2.65535e-05
3.58944e-05
4.82734e-05
6.45906e-05
8.59756e-05
0.000113834
0.000149898
0.000196284
0.000255551
0.000330767
0.00042557
0.000544233
0.000691719
0.00087373
0.00109673
0.00136798
0.00169545
0.00208782
0.00255431
0.00310449
0.00374805
0.00449451
0.00534722
0.00631337
0.0074136
0.00864396
0.0100079
0.0115065
0.0131389
0.0149025
0.0167929
0.0188043
0.02093
0.0231624
0.0254932
0.0279136
0.0304142
0.0329857
0.0355976
0.0382081
0.0408591
0.0435407
0.046243
0.048956
0.0516694
0.0543722
0.0570518
0.0596923
0.062272
0.0647598
0.0671086
0.0692456
0.0710566
0.0723599
0.0728623
0.0720845
0.0692436
0.0648188
0.0596383
0.05418
0.0487243
0.043436
0.0384115
0.0337057
0.0293485
0.0253543
0.0217274
0.0184649
0.0155585
0.0129953
0.0107584
0.00882733
0.00717877
0.00578709
0.00462533
0.0036661
0.00288243
0.00224857
0.00174066
0.00133714
0.00101899
0.000769788
0.000575655
0.000425032
0.000308453
0.000218271
0.000148378
9.39485e-05
5.07971e-05
1.49042e-05
2.45988e-07
8.13933e-07
1.51138e-06
2.40225e-06
3.56984e-06
5.12365e-06
7.20792e-06
1.00123e-05
1.37856e-05
1.88517e-05
2.5631e-05
3.4664e-05
4.6641e-05
6.24368e-05
8.315e-05
0.000110149
0.000145121
0.000190132
0.000247682
0.00032077
0.000412961
0.000528444
0.000672097
0.00084953
0.00106712
0.00133203
0.00165218
0.00203618
0.00249324
0.00303302
0.0036654
0.00440034
0.00524227
0.00619404
0.00727967
0.00849551
0.00984517
0.0113301
0.0129496
0.0147012
0.0165806
0.0185822
0.020699
0.0229234
0.0252469
0.0276602
0.0301537
0.0327168
0.0353378
0.0379407
0.0405854
0.0432613
0.0459583
0.0486663
0.0513754
0.054075
0.0567531
0.059395
0.0619809
0.0644822
0.0668564
0.0690377
0.0709233
0.0723495
0.0730535
0.0726064
0.0703031
0.0661502
0.0610893
0.0556605
0.0501802
0.0448347
0.0397331
0.0349385
0.0304858
0.0263929
0.0226663
0.0193051
0.0163025
0.013647
0.0113228
0.00931053
0.00758757
0.00612888
0.00490775
0.00389678
0.00306872
0.00239737
0.00185826
0.0014291
0.00109015
0.000824251
0.000616831
0.000455713
0.000330888
0.000234243
0.000159286
0.000100876
5.45731e-05
1.60153e-05
2.36683e-07
7.83196e-07
1.45459e-06
2.31263e-06
3.43786e-06
4.93618e-06
6.94715e-06
9.65443e-06
1.32988e-05
1.81946e-05
2.47492e-05
3.34875e-05
4.50801e-05
6.03777e-05
8.045e-05
0.00010663
0.000140566
0.000184275
0.000240204
0.000311292
0.000401037
0.00051356
0.000653661
0.000826874
0.0010395
0.00129863
0.00161212
0.00198851
0.00243697
0.0029671
0.00358867
0.00431133
0.00514429
0.00608779
0.0071605
0.00836407
0.00970184
0.0111753
0.0127839
0.0145252
0.0163949
0.0183873
0.0204957
0.022712
0.0250276
0.0274334
0.0299193
0.0324751
0.0350891
0.0376849
0.0403215
0.0429887
0.0456769
0.0483763
0.0510773
0.0537698
0.0564427
0.0590822
0.0616704
0.0641815
0.0665771
0.0687988
0.0707549
0.0723008
0.0732046
0.0730909
0.0713446
0.0674907
0.062571
0.0571878
0.0516943
0.0462992
0.0411254
0.0362446
0.0316972
0.0275047
0.0236764
0.0202133
0.0171105
0.0143578
0.0119411
0.0098419
0.00803877
0.00650735
0.00522136
0.00415353
0.00327645
0.00256352
0.00198967
0.00153189
0.00116967
0.00088506
0.000662748
0.000489871
0.000355817
0.000251957
0.00017136
0.000108531
5.87393e-05
1.72403e-05
2.28187e-07
7.55108e-07
1.40262e-06
2.23049e-06
3.31665e-06
4.7636e-06
6.7065e-06
9.32327e-06
1.28474e-05
1.75836e-05
2.39275e-05
3.2389e-05
4.36205e-05
5.84503e-05
7.79211e-05
0.000103335
0.000136301
0.000178797
0.00023322
0.000302459
0.000389957
0.000499775
0.000636654
0.00080607
0.00101427
0.00126829
0.00157593
0.00194572
0.00238677
0.00290865
0.00352103
0.00423337
0.00505457
0.00599216
0.00705672
0.00825139
0.00958011
0.0110446
0.0126445
0.0143773
0.0162388
0.0182231
0.0203234
0.0225316
0.024839
0.0272363
0.0297136
0.0322605
0.0348654
0.0374512
0.0400771
0.0427331
0.0454098
0.0480978
0.0507879
0.0534706
0.0561353
0.0587694
0.0613564
0.0638731
0.0662852
0.0685404
0.0705573
0.0722077
0.0732874
0.0734672
0.0722111
0.0687268
0.0639907
0.0586805
0.0531926
0.0477615
0.0425258
0.0375668
0.032931
0.0286437
0.024717
0.0211541
0.0179519
0.0151019
0.0125914
0.0104034
0.00851756
0.00691046
0.00555648
0.00442861
0.00349947
0.00274214
0.00213102
0.00164246
0.00125514
0.000950334
0.000711942
0.00052638
0.000382389
0.000270781
0.000184154
0.00011662
6.31364e-05
1.85321e-05
2.21004e-07
7.31338e-07
1.35856e-06
2.16065e-06
3.21318e-06
4.61563e-06
6.49913e-06
9.03639e-06
1.24541e-05
1.70485e-05
2.32041e-05
3.14171e-05
4.23231e-05
5.67297e-05
7.56554e-05
0.000100373
0.000132462
0.000173859
0.000226925
0.000294504
0.000379994
0.000487411
0.000621454
0.000787559
0.00099194
0.00124161
0.00154436
0.0019087
0.00234379
0.00285919
0.00346464
0.00416972
0.00498365
0.005912
0.00697066
0.00815901
0.00948124
0.0109392
0.0125326
0.0142588
0.0161137
0.0180912
0.0201843
0.0223848
0.0246841
0.0270727
0.0295409
0.0320785
0.034674
0.0372493
0.0398639
0.042508
0.0451724
0.0478482
0.0505264
0.0531981
0.0558533
0.0584802
0.0610636
0.0635823
0.0660051
0.0682845
0.0703468
0.0720756
0.0732852
0.073676
0.072757
0.0697365
0.0652338
0.0600269
0.0545663
0.0491169
0.0438348
0.0388118
0.0341005
0.0297304
0.0257163
0.0220633
0.0187701
0.0158298
0.0132312
0.0109589
0.00899367
0.00731319
0.00589266
0.00470556
0.00372465
0.00292291
0.00227433
0.00175465
0.00134188
0.00101653
0.000761755
0.000563259
0.000409146
0.000289665
0.000196936
0.00012467
6.74897e-05
1.98082e-05
2.15652e-07
7.13582e-07
1.32549e-06
2.10787e-06
3.13437e-06
4.50188e-06
6.33815e-06
8.81147e-06
1.21428e-05
1.66208e-05
2.26206e-05
3.06267e-05
4.12598e-05
5.53101e-05
7.3775e-05
9.79034e-05
0.000129246
0.00016971
0.000221623
0.000287795
0.00037159
0.000476994
0.000608679
0.000772063
0.000973352
0.00121957
0.00151852
0.00187879
0.0023096
0.00282067
0.00342197
0.00412362
0.00493241
0.00585383
0.00690716
0.00809057
0.0094082
0.0108617
0.0124507
0.0141724
0.0160223
0.0179946
0.0200818
0.0222759
0.0245681
0.0269492
0.0294094
0.0319389
0.0345264
0.0370928
0.0396979
0.0423318
0.0449856
0.0476507
0.0503186
0.0529806
0.0556272
0.0582471
0.0608262
0.0633446
0.0657734
0.0680687
0.0701622
0.0719464
0.0732494
0.0737941
0.0731272
0.0705072
0.0662136
0.0611064
0.0556806
0.0502266
0.0449155
0.0398476
0.0350811
0.0306486
0.026567
0.0228432
0.0194771
0.0164634
0.013792
0.0114489
0.009416
0.00767221
0.00619357
0.00495421
0.00392726
0.00308572
0.00240338
0.00185558
0.00141976
0.00107579
0.000806172
0.000595992
0.000432769
0.000306241
0.000208089
0.000131655
7.12455e-05
2.09062e-05
2.12929e-07
7.04491e-07
1.30835e-06
2.08005e-06
3.092e-06
4.43948e-06
6.24805e-06
8.68307e-06
1.19617e-05
1.63676e-05
2.22695e-05
3.01439e-05
4.06015e-05
5.44201e-05
7.25824e-05
9.63199e-05
0.000127163
0.000166997
0.000218124
0.000283331
0.000365957
0.000469964
0.000600008
0.000761495
0.000960634
0.00120445
0.00150081
0.00185833
0.00228631
0.00279455
0.0033931
0.00409191
0.0049006
0.0058163
0.00686482
0.00804449
0.00935893
0.0108096
0.0123958
0.0141148
0.0159619
0.0179312
0.0200151
0.0222056
0.0244939
0.0268708
0.0293268
0.0318521
0.0344357
0.0369985
0.0395988
0.0422272
0.0448751
0.0475342
0.0501962
0.0528526
0.055494
0.0581098
0.060686
0.0632038
0.0656355
0.067939
0.0700494
0.0718641
0.0732196
0.0738526
0.073333
0.0709544
0.0667901
0.0617476
0.056348
0.0508966
0.0455732
0.0404834
0.0356881
0.0312219
0.0271028
0.0233386
0.0199302
0.0168728
0.0141574
0.0117707
0.00969555
0.00791155
0.00639544
0.00512193
0.00406452
0.00319639
0.00249131
0.00192444
0.0014729
0.00111621
0.000836435
0.000618256
0.000448803
0.000317464
0.00021562
0.000136363
7.37109e-05
2.16178e-05
)
;

boundaryField
{
    fuel
    {
        type            fixedValue;
        value           uniform 0;
    }
    air
    {
        type            fixedValue;
        value           uniform 0;
    }
    outlet
    {
        type            inletOutlet;
        inletValue      uniform 0;
        value           nonuniform List<scalar> 
200
(
2.10152e-07
6.953e-07
1.29128e-06
2.0529e-06
3.05165e-06
4.38154e-06
6.16653e-06
8.56985e-06
1.18059e-05
1.61547e-05
2.19805e-05
2.97538e-05
4.00779e-05
5.37216e-05
7.1656e-05
9.50988e-05
0.000125564
0.000164917
0.000215437
0.000279885
0.000361571
0.000464424
0.000593067
0.00075287
0.000950006
0.00119148
0.00148511
0.00183952
0.002264
0.00276837
0.00336272
0.00405707
0.0048612
0.00577221
0.00681598
0.00799127
0.00930177
0.0107491
0.0123326
0.0140498
0.0158961
0.0178654
0.0199505
0.0221431
0.0244344
0.0268152
0.0292759
0.0318067
0.0343964
0.036966
0.039573
0.042208
0.0448625
0.047528
0.0501962
0.0528585
0.0555055
0.0581266
0.0607078
0.0632302
0.0656662
0.067974
0.070089
0.071909
0.0732718
0.0739156
0.0734133
0.0710633
0.0669102
0.0618692
0.0564658
0.051008
0.0456771
0.0405794
0.0357765
0.0313031
0.0271772
0.0234068
0.0199926
0.0169297
0.0142091
0.0118174
0.00973754
0.00794896
0.00642847
0.0051508
0.00408947
0.0032177
0.00250929
0.00193941
0.00148519
0.00112615
0.000844338
0.000624417
0.00045349
0.000320914
0.00021804
0.000137931
7.45787e-05
2.18746e-05
2.12929e-07
7.04491e-07
1.30835e-06
2.08005e-06
3.092e-06
4.43948e-06
6.24805e-06
8.68307e-06
1.19617e-05
1.63676e-05
2.22695e-05
3.01439e-05
4.06015e-05
5.44201e-05
7.25824e-05
9.63199e-05
0.000127163
0.000166997
0.000218124
0.000283331
0.000365957
0.000469964
0.000600008
0.000761495
0.000960634
0.00120445
0.00150081
0.00185833
0.00228631
0.00279455
0.0033931
0.00409191
0.0049006
0.0058163
0.00686482
0.00804449
0.00935893
0.0108096
0.0123958
0.0141148
0.0159619
0.0179312
0.0200151
0.0222056
0.0244939
0.0268708
0.0293268
0.0318521
0.0344357
0.0369985
0.0395988
0.0422272
0.0448751
0.0475342
0.0501962
0.0528526
0.055494
0.0581098
0.060686
0.0632038
0.0656355
0.067939
0.0700494
0.0718641
0.0732196
0.0738526
0.073333
0.0709544
0.0667901
0.0617476
0.056348
0.0508966
0.0455732
0.0404834
0.0356881
0.0312219
0.0271028
0.0233386
0.0199302
0.0168728
0.0141574
0.0117707
0.00969555
0.00791155
0.00639544
0.00512193
0.00406452
0.00319639
0.00249131
0.00192444
0.0014729
0.00111621
0.000836435
0.000618256
0.000448803
0.000317464
0.00021562
0.000136363
7.37109e-05
2.16178e-05
)
;
    }
    frontAndBack
    {
        type            empty;
    }
}


// ************************************************************************* //
