/*--------------------------------*- C++ -*----------------------------------*\
| =========                 |                                                 |
| \\      /  F ield         | OpenFOAM: The Open Source CFD Toolbox           |
|  \\    /   O peration     | Version:  2312                                  |
|   \\  /    A nd           | Website:  www.openfoam.com                      |
|    \\/     M anipulation  |                                                 |
\*---------------------------------------------------------------------------*/
FoamFile
{
    version     2.0;
    format      ascii;
    arch        "LSB;label=64;scalar=64";
    class       volScalarField;
    location    "0.15";
    object      N2;
}
// * * * * * * * * * * * * * * * * * * * * * * * * * * * * * * * * * * * * * //

dimensions      [0 0 0 0 0 0 0];

internalField   nonuniform List<scalar> 
4000
(
0.000765103
0.00249249
0.00445392
0.00668448
0.00922316
0.0121134
0.0154031
0.0191452
0.0233973
0.028222
0.0336864
0.0398618
0.0468235
0.0546491
0.0634182
0.0732105
0.0841044
0.0961746
0.10949
0.124111
0.140086
0.157451
0.176222
0.196397
0.21795
0.240829
0.264957
0.290227
0.316505
0.343632
0.371426
0.399688
0.428219
0.456351
0.484376
0.511943
0.538812
0.56477
0.589634
0.613257
0.635522
0.65635
0.675693
0.693535
0.709886
0.724778
0.73826
0.750396
0.761253
0.770674
0.778979
0.786253
0.792579
0.798037
0.802702
0.806646
0.809936
0.812634
0.814798
0.816482
0.817735
0.818601
0.819124
0.819339
0.819281
0.818978
0.818455
0.81773
0.816814
0.815712
0.814429
0.812972
0.811348
0.809568
0.807642
0.805587
0.80342
0.801163
0.79884
0.796478
0.794106
0.791754
0.789452
0.78723
0.785112
0.783123
0.781278
0.779591
0.778067
0.776708
0.775509
0.774463
0.773559
0.772785
0.772127
0.771572
0.771108
0.770721
0.770397
0.770117
0.000766703
0.00249791
0.00446436
0.00670183
0.00925
0.012153
0.0154595
0.0192234
0.0235031
0.0283623
0.0338691
0.040096
0.0471191
0.0550173
0.063871
0.0737606
0.084765
0.096959
0.110411
0.125181
0.141315
0.158847
0.177792
0.198142
0.219869
0.242916
0.267199
0.292608
0.319
0.346208
0.37404
0.402284
0.430709
0.45887
0.486972
0.514542
0.541362
0.567235
0.591989
0.615485
0.637614
0.658301
0.677502
0.695204
0.711417
0.726176
0.73953
0.751541
0.762275
0.771576
0.779783
0.786972
0.793223
0.798613
0.803217
0.807106
0.810344
0.812995
0.815115
0.816758
0.817972
0.818804
0.819293
0.819478
0.819392
0.819063
0.818515
0.817766
0.816825
0.815699
0.814392
0.812911
0.811263
0.809458
0.80751
0.805434
0.803248
0.800975
0.798639
0.796267
0.79389
0.791536
0.789238
0.787022
0.784916
0.78294
0.781112
0.779442
0.777937
0.776595
0.775414
0.774384
0.773495
0.772734
0.772088
0.771543
0.771087
0.770707
0.77039
0.770115
0.000771508
0.0025137
0.00449309
0.0067462
0.0093136
0.0122404
0.0155765
0.0193768
0.0237011
0.0286144
0.0341862
0.0404903
0.047604
0.0556073
0.0645813
0.0746071
0.0857634
0.0981247
0.111758
0.126722
0.143062
0.160807
0.179969
0.200537
0.222476
0.245725
0.270197
0.295772
0.322306
0.349623
0.377523
0.405784
0.43416
0.462403
0.490519
0.518041
0.544773
0.57053
0.59515
0.618498
0.64047
0.660995
0.680033
0.697571
0.713623
0.728221
0.741418
0.753273
0.763854
0.773012
0.781086
0.788154
0.794293
0.79958
0.804088
0.807886
0.81104
0.813613
0.815659
0.817234
0.818384
0.819156
0.81959
0.819723
0.819589
0.819215
0.818624
0.817834
0.816853
0.815685
0.814338
0.812816
0.811129
0.809286
0.807303
0.805194
0.802979
0.800682
0.798327
0.795942
0.793558
0.791206
0.788914
0.786711
0.784623
0.78267
0.780867
0.779225
0.777747
0.776433
0.775278
0.774272
0.773405
0.772663
0.772034
0.771503
0.771059
0.770689
0.77038
0.770112
0.000778542
0.00253673
0.00453465
0.00680956
0.00940291
0.0123608
0.0157344
0.0195796
0.0239578
0.0289351
0.0345825
0.0409751
0.0481915
0.0563126
0.0654204
0.0755964
0.0869192
0.0994628
0.113294
0.128468
0.14503
0.163005
0.182401
0.203205
0.225377
0.248851
0.273534
0.299305
0.326012
0.353479
0.381507
0.409874
0.438343
0.466653
0.494671
0.52209
0.548706
0.574333
0.598808
0.621999
0.643804
0.664156
0.683016
0.700375
0.716247
0.730668
0.743689
0.755371
0.765781
0.77478
0.782704
0.789631
0.795638
0.8008
0.805191
0.808879
0.81193
0.814405
0.81636
0.817848
0.818919
0.819616
0.81998
0.820049
0.819854
0.819424
0.81878
0.817938
0.816905
0.815687
0.814288
0.812717
0.810981
0.809094
0.807067
0.80492
0.802673
0.800348
0.797972
0.795574
0.793185
0.790834
0.788551
0.786364
0.784298
0.78237
0.780597
0.778985
0.777538
0.776254
0.775127
0.774148
0.773305
0.772584
0.771973
0.771459
0.771028
0.770669
0.770369
0.770109
0.000787336
0.00256547
0.00458634
0.00688786
0.00951232
0.0125068
0.0159234
0.0198193
0.024257
0.029304
0.0350325
0.0415189
0.0488429
0.0570864
0.0663322
0.0766622
0.0881553
0.100885
0.114918
0.130307
0.147096
0.165307
0.184946
0.205994
0.228408
0.252119
0.277028
0.30301
0.32991
0.357549
0.38573
0.414237
0.442856
0.471127
0.499063
0.526399
0.552917
0.578425
0.602762
0.625798
0.647436
0.667609
0.686285
0.703455
0.719138
0.733369
0.746201
0.757698
0.767926
0.776755
0.784518
0.791292
0.797154
0.80218
0.806441
0.810007
0.812943
0.815309
0.817163
0.818556
0.819538
0.820152
0.820439
0.820436
0.820174
0.819682
0.818979
0.818079
0.816988
0.815713
0.814259
0.812633
0.810845
0.808908
0.806836
0.804648
0.802365
0.800012
0.797615
0.795204
0.792809
0.79046
0.788188
0.786018
0.783974
0.782073
0.780328
0.778748
0.777332
0.776078
0.77498
0.774027
0.773207
0.772507
0.771914
0.771415
0.770997
0.770649
0.770358
0.770106
0.000797094
0.00259733
0.0046435
0.00697419
0.00963243
0.0126661
0.0161284
0.0200776
0.0245771
0.0296959
0.0355072
0.0420886
0.049521
0.0578874
0.0672714
0.0777553
0.0894185
0.102334
0.116568
0.132173
0.14919
0.167639
0.187523
0.208821
0.231485
0.255441
0.280587
0.306792
0.333898
0.361724
0.390067
0.418709
0.447428
0.475573
0.503542
0.53085
0.557299
0.582706
0.606916
0.629803
0.651274
0.671267
0.689753
0.706727
0.72221
0.736241
0.748876
0.760178
0.770217
0.778863
0.786453
0.793065
0.798773
0.803654
0.807779
0.811216
0.814031
0.816283
0.81803
0.819324
0.820212
0.82074
0.820947
0.82087
0.82054
0.819982
0.819218
0.818257
0.817107
0.815772
0.81426
0.812578
0.810736
0.808749
0.80663
0.804401
0.802083
0.7997
0.797282
0.794857
0.792457
0.79011
0.787847
0.785693
0.78367
0.781795
0.780078
0.778526
0.77714
0.775914
0.774842
0.773914
0.773116
0.772435
0.771859
0.771374
0.770968
0.77063
0.770347
0.770103
0.000807363
0.00263084
0.00470354
0.00706468
0.00975798
0.0128322
0.0163413
0.0203446
0.0249067
0.0300975
0.0359916
0.0426676
0.0502076
0.0586955
0.0682158
0.0788517
0.0906827
0.103782
0.118215
0.134034
0.151277
0.169964
0.190095
0.211643
0.23456
0.258765
0.284153
0.310587
0.337906
0.365923
0.394431
0.423204
0.451807
0.480046
0.50806
0.535367
0.561771
0.587096
0.611191
0.633936
0.655242
0.675055
0.693347
0.71012
0.725398
0.739225
0.751658
0.762768
0.772575
0.781037
0.788453
0.794897
0.800448
0.805179
0.809164
0.812469
0.81516
0.817296
0.818935
0.820128
0.820923
0.821364
0.821492
0.82134
0.820941
0.82032
0.819494
0.818472
0.817262
0.815868
0.814297
0.812559
0.810664
0.808626
0.806461
0.804191
0.801837
0.799426
0.796987
0.794548
0.792141
0.789796
0.787541
0.785401
0.783397
0.781544
0.779853
0.778327
0.776967
0.775767
0.774719
0.773812
0.773033
0.77237
0.771809
0.771337
0.770942
0.770613
0.770338
0.7701
0.000817719
0.00266462
0.00476402
0.00715571
0.0098841
0.0129987
0.0165543
0.0206112
0.0252351
0.0304969
0.0364722
0.0432409
0.0508862
0.059493
0.0691468
0.0799314
0.0919268
0.105207
0.119836
0.135865
0.153333
0.172256
0.192631
0.214431
0.2376
0.262057
0.287688
0.314352
0.341881
0.370079
0.398728
0.427596
0.456243
0.484566
0.512624
0.539932
0.566298
0.591546
0.615532
0.638139
0.659284
0.678915
0.697012
0.713581
0.728651
0.742271
0.754501
0.765418
0.774924
0.783224
0.790471
0.79675
0.802143
0.806724
0.810566
0.813739
0.816306
0.818327
0.819858
0.820952
0.821656
0.822012
0.822061
0.821838
0.821372
0.820688
0.819801
0.81872
0.817451
0.815999
0.814372
0.812579
0.810631
0.808544
0.806335
0.804024
0.801636
0.799196
0.796735
0.794282
0.791868
0.789523
0.787274
0.785146
0.783158
0.781324
0.779655
0.778152
0.776815
0.775637
0.77461
0.773722
0.772961
0.772313
0.771765
0.771304
0.770919
0.770598
0.770329
0.770097
0.000827918
0.00269787
0.00482352
0.00724522
0.010008
0.0131621
0.0167632
0.0208724
0.0255564
0.0308871
0.0369413
0.0438001
0.0515476
0.0602698
0.0700533
0.0809825
0.093138
0.106594
0.121414
0.13765
0.155338
0.174493
0.195111
0.21716
0.240581
0.265288
0.291164
0.31806
0.345803
0.374187
0.402983
0.431925
0.460695
0.489132
0.517206
0.544508
0.570834
0.596009
0.619889
0.64236
0.663344
0.682795
0.700697
0.717061
0.731921
0.745327
0.757346
0.768049
0.777298
0.785415
0.792487
0.7986
0.803833
0.808264
0.811965
0.815006
0.817451
0.819359
0.820786
0.821783
0.822398
0.822673
0.822647
0.822355
0.821825
0.82108
0.820135
0.818997
0.817671
0.816163
0.814481
0.812635
0.810637
0.808503
0.80625
0.803901
0.801479
0.799012
0.796529
0.794061
0.791639
0.789292
0.787047
0.784927
0.782953
0.781136
0.779485
0.778001
0.776683
0.775525
0.774516
0.773644
0.772898
0.772263
0.771726
0.771275
0.770898
0.770585
0.770322
0.770095
0.000837757
0.00272995
0.00488091
0.00733151
0.0101274
0.0133196
0.0169643
0.0211238
0.0258655
0.0312624
0.0373925
0.0443377
0.0521835
0.0610169
0.0709252
0.0819939
0.0943042
0.10793
0.122936
0.139373
0.157275
0.176658
0.197513
0.219806
0.243476
0.268431
0.294549
0.32168
0.349641
0.378226
0.407207
0.43634
0.465088
0.493672
0.52175
0.549041
0.575329
0.600432
0.624208
0.646546
0.667372
0.686644
0.704353
0.720512
0.73516
0.748351
0.760153
0.770636
0.77967
0.787591
0.794482
0.800425
0.805498
0.809781
0.813344
0.816256
0.818581
0.820379
0.821705
0.822609
0.823139
0.823336
0.82324
0.822882
0.822291
0.82149
0.820489
0.819296
0.817915
0.816355
0.814621
0.812725
0.810679
0.8085
0.806206
0.803819
0.801365
0.798871
0.796367
0.793883
0.791452
0.789101
0.786858
0.784745
0.782781
0.780977
0.779341
0.777873
0.776572
0.775429
0.774435
0.773578
0.772844
0.77222
0.771693
0.771251
0.770881
0.770573
0.770316
0.770093
0.000847104
0.00276042
0.00493542
0.00741348
0.0102408
0.013469
0.0171553
0.0213624
0.026159
0.0316188
0.037821
0.0448485
0.0527878
0.061727
0.0717545
0.0829566
0.0954149
0.109204
0.124388
0.141018
0.159128
0.17873
0.199814
0.222345
0.246257
0.271454
0.29781
0.325169
0.353342
0.382119
0.411262
0.44052
0.469357
0.498053
0.526175
0.553469
0.579722
0.604756
0.628431
0.650639
0.671311
0.690409
0.707927
0.723886
0.738325
0.751304
0.762891
0.773162
0.781991
0.78972
0.79643
0.802204
0.807121
0.811257
0.814685
0.817472
0.819682
0.821375
0.822604
0.82342
0.823869
0.823993
0.823829
0.82341
0.822763
0.821907
0.820854
0.819609
0.818178
0.816567
0.814785
0.812842
0.810751
0.80853
0.806196
0.803774
0.801289
0.798769
0.796244
0.793745
0.791303
0.788948
0.786704
0.784596
0.782639
0.780845
0.779221
0.777767
0.776479
0.775349
0.774368
0.773522
0.772799
0.772184
0.771665
0.77123
0.770866
0.770564
0.77031
0.770092
0.000855848
0.00278892
0.00498641
0.00749015
0.0103469
0.0136089
0.017334
0.0215858
0.0264337
0.0319526
0.0382223
0.0453271
0.0533544
0.0623934
0.0725332
0.0838611
0.0964594
0.110403
0.125757
0.14257
0.160877
0.180688
0.201992
0.224751
0.248895
0.274325
0.300911
0.328491
0.356872
0.385838
0.415145
0.444526
0.473485
0.502279
0.530437
0.55773
0.583948
0.608916
0.632495
0.654579
0.675104
0.694035
0.71137
0.727134
0.741372
0.754145
0.765526
0.775594
0.784227
0.79177
0.798306
0.803916
0.80868
0.812675
0.815973
0.81864
0.82074
0.822333
0.82347
0.824203
0.824577
0.824632
0.824406
0.82393
0.82323
0.822324
0.821221
0.819928
0.81845
0.816793
0.814966
0.812979
0.810847
0.808586
0.806216
0.803761
0.801246
0.798701
0.796156
0.793641
0.791189
0.788827
0.786583
0.784476
0.782524
0.780738
0.779123
0.777679
0.776402
0.775283
0.774312
0.773475
0.772761
0.772154
0.771642
0.771213
0.770854
0.770556
0.770306
0.77009
0.000863896
0.00281516
0.00503335
0.00756073
0.0104446
0.0137377
0.0174986
0.0217916
0.0266869
0.0322603
0.0385926
0.045769
0.0538778
0.0630092
0.0732534
0.0846983
0.097427
0.111515
0.127026
0.144012
0.162503
0.182511
0.204022
0.226995
0.251359
0.27701
0.303814
0.331605
0.360186
0.389338
0.418826
0.448233
0.47733
0.506232
0.534442
0.561744
0.587936
0.612845
0.636335
0.658304
0.67869
0.697464
0.714627
0.730208
0.744255
0.756834
0.768021
0.777896
0.786344
0.793711
0.80008
0.805535
0.810154
0.814015
0.81719
0.819744
0.821741
0.823239
0.824292
0.824947
0.825251
0.825243
0.824959
0.82443
0.823681
0.822729
0.821582
0.820245
0.818724
0.817024
0.815155
0.813129
0.810958
0.808661
0.806257
0.803772
0.80123
0.798661
0.796097
0.793567
0.791104
0.788736
0.786488
0.784382
0.782433
0.780653
0.779045
0.777608
0.776339
0.775229
0.774266
0.773437
0.772729
0.772129
0.771623
0.771198
0.770844
0.770549
0.770302
0.770089
0.000871164
0.00283885
0.00507574
0.00762448
0.0105328
0.0138541
0.0176473
0.0219777
0.0269159
0.0325388
0.0389279
0.0461692
0.0543522
0.0635678
0.0739072
0.0854589
0.0983068
0.112527
0.128183
0.145326
0.163986
0.184175
0.205877
0.229049
0.253615
0.279472
0.30648
0.334469
0.363239
0.392566
0.422208
0.451723
0.4809
0.509881
0.538137
0.56545
0.59162
0.616477
0.639887
0.661752
0.682011
0.700641
0.717645
0.733057
0.746929
0.75933
0.770338
0.780031
0.788307
0.79551
0.801725
0.807035
0.81152
0.815257
0.818317
0.820767
0.822669
0.824081
0.825055
0.825639
0.825879
0.825813
0.825477
0.824901
0.824109
0.823115
0.821927
0.82055
0.81899
0.817252
0.815346
0.813283
0.811078
0.808748
0.806314
0.803801
0.801234
0.798644
0.796061
0.793518
0.791044
0.788668
0.786417
0.78431
0.782363
0.780586
0.778982
0.777552
0.77629
0.775186
0.774229
0.773406
0.772704
0.772109
0.771607
0.771186
0.770835
0.770543
0.770299
0.770088
0.000877572
0.00285974
0.00511312
0.00768072
0.0106107
0.0139568
0.0177787
0.022142
0.0271183
0.0327849
0.0392243
0.0465234
0.0547722
0.0640627
0.0744868
0.0861337
0.0990878
0.113425
0.129211
0.146495
0.165308
0.185659
0.207532
0.230882
0.255632
0.281674
0.308866
0.337034
0.365976
0.395462
0.425243
0.454833
0.484096
0.513157
0.541459
0.568785
0.594938
0.61975
0.643089
0.664861
0.685008
0.703508
0.720371
0.735633
0.74935
0.761596
0.772456
0.781928
0.790066
0.79713
0.803209
0.80839
0.812754
0.816379
0.819336
0.821692
0.823508
0.824842
0.825746
0.826267
0.82645
0.826333
0.825951
0.825333
0.824501
0.82347
0.822247
0.820834
0.819239
0.817468
0.815529
0.813434
0.811199
0.80884
0.806379
0.803841
0.801252
0.798643
0.796044
0.793487
0.791003
0.78862
0.786365
0.784256
0.782309
0.780534
0.778934
0.777508
0.776251
0.775151
0.7742
0.773382
0.772684
0.772093
0.771594
0.771177
0.770828
0.770539
0.770296
0.770088
0.000883051
0.0028776
0.00514508
0.00772881
0.0106773
0.0140446
0.017891
0.0222826
0.0272916
0.0329958
0.0394784
0.0468271
0.0551326
0.0644877
0.0749847
0.0867138
0.0997597
0.114199
0.130097
0.147503
0.166448
0.18694
0.208962
0.232467
0.257377
0.28358
0.310933
0.339258
0.368349
0.397973
0.427878
0.457563
0.486891
0.516012
0.544351
0.571689
0.597828
0.622603
0.645882
0.667573
0.687623
0.706011
0.722752
0.737885
0.751469
0.763582
0.774313
0.783578
0.791598
0.798542
0.804504
0.809574
0.813834
0.817361
0.820228
0.822501
0.824243
0.825509
0.826352
0.826819
0.826952
0.826791
0.826369
0.825714
0.824849
0.823786
0.822532
0.821089
0.819464
0.817664
0.815697
0.813575
0.811314
0.80893
0.806446
0.803886
0.801278
0.798652
0.796039
0.79347
0.790977
0.788588
0.786328
0.784217
0.78227
0.780496
0.778898
0.777475
0.776221
0.775125
0.774177
0.773363
0.772668
0.77208
0.771585
0.771169
0.770823
0.770535
0.770294
0.770087
0.000887532
0.00289222
0.00517123
0.00776815
0.0107318
0.0141166
0.0179831
0.0223979
0.0274336
0.0331687
0.039687
0.0470765
0.0554287
0.064837
0.0753943
0.0871912
0.100313
0.114837
0.130827
0.148335
0.167389
0.187998
0.210144
0.233778
0.25882
0.285158
0.312645
0.341099
0.37031
0.400036
0.430004
0.459892
0.489236
0.518396
0.546763
0.57411
0.600238
0.624981
0.648211
0.669836
0.689805
0.708102
0.724742
0.739767
0.753241
0.765244
0.775864
0.78496
0.792879
0.799722
0.805587
0.810564
0.814736
0.818182
0.820974
0.823179
0.824858
0.826068
0.82686
0.827281
0.827374
0.827176
0.826721
0.826037
0.825144
0.824055
0.822774
0.821307
0.819657
0.817833
0.815843
0.813699
0.811416
0.809012
0.806509
0.803932
0.801308
0.798667
0.796042
0.793463
0.790962
0.788567
0.786303
0.78419
0.782242
0.780468
0.778872
0.777451
0.776199
0.775106
0.77416
0.773349
0.772657
0.772071
0.771577
0.771164
0.770819
0.770533
0.770293
0.770086
0.000890967
0.00290341
0.00519127
0.00779831
0.0107735
0.0141717
0.0180536
0.0224863
0.0275426
0.0333015
0.0398471
0.0472681
0.0556565
0.0651058
0.0757098
0.0875593
0.10074
0.115329
0.131392
0.148978
0.168117
0.188817
0.211059
0.234793
0.259939
0.286382
0.313974
0.342532
0.371846
0.401678
0.43177
0.461592
0.491026
0.520243
0.548641
0.575998
0.602119
0.626838
0.650029
0.671602
0.691509
0.709734
0.726296
0.741238
0.754625
0.766538
0.777064
0.786056
0.793886
0.800647
0.806435
0.811339
0.815443
0.818825
0.821559
0.82371
0.825341
0.826506
0.827259
0.827645
0.827706
0.82748
0.826999
0.826291
0.825377
0.824267
0.822967
0.82148
0.819812
0.817969
0.815961
0.8138
0.8115
0.809081
0.806563
0.803972
0.801335
0.798684
0.796049
0.793462
0.790955
0.788555
0.786287
0.784172
0.782223
0.780449
0.778854
0.777434
0.776183
0.775092
0.774148
0.773338
0.772648
0.772064
0.771572
0.77116
0.770816
0.770531
0.770292
0.770086
0.000893301
0.00291103
0.0052049
0.00781882
0.010802
0.0142093
0.0181018
0.0225466
0.0276171
0.0333924
0.0399569
0.0473996
0.0558128
0.0652906
0.0759268
0.0878126
0.101034
0.115668
0.131781
0.149421
0.16862
0.189383
0.211692
0.235496
0.260714
0.287231
0.314896
0.343528
0.372914
0.402813
0.432963
0.462814
0.49228
0.521529
0.549948
0.577313
0.603428
0.628131
0.651295
0.672833
0.692697
0.710872
0.72738
0.742264
0.755591
0.767442
0.777902
0.786825
0.794592
0.801296
0.807029
0.811882
0.815938
0.819276
0.821968
0.824082
0.825678
0.826814
0.827538
0.827899
0.827938
0.827693
0.827194
0.826471
0.825541
0.824417
0.823103
0.821603
0.819922
0.818067
0.816046
0.813873
0.811562
0.809132
0.806603
0.804003
0.801358
0.798699
0.796057
0.793464
0.790952
0.788549
0.786279
0.784162
0.782212
0.780438
0.778843
0.777423
0.776174
0.775083
0.774141
0.773332
0.772643
0.77206
0.771568
0.771157
0.770814
0.77053
0.770291
0.770086
0.000894519
0.00291499
0.00521201
0.00782953
0.0108168
0.014229
0.018127
0.0225784
0.0276564
0.0334403
0.0400149
0.0474692
0.0558957
0.0653887
0.0760422
0.0879475
0.101191
0.115849
0.131989
0.149658
0.168889
0.189686
0.212031
0.235873
0.26113
0.287686
0.315392
0.344064
0.373489
0.403425
0.433607
0.463482
0.492965
0.522227
0.550655
0.578024
0.604137
0.628832
0.651982
0.673501
0.693341
0.71149
0.727968
0.742821
0.756115
0.767932
0.778357
0.787245
0.794978
0.80165
0.807353
0.812178
0.816208
0.819521
0.822191
0.824285
0.825863
0.826981
0.827691
0.828039
0.828066
0.827809
0.827302
0.826569
0.825632
0.8245
0.823179
0.821672
0.819984
0.818121
0.816095
0.813915
0.811598
0.809162
0.806628
0.804022
0.801373
0.798709
0.796064
0.793468
0.790953
0.788548
0.786276
0.784158
0.782207
0.780433
0.778838
0.777418
0.776169
0.775079
0.774137
0.773329
0.77264
0.772057
0.771567
0.771156
0.770813
0.770529
0.770291
0.770086
0.000894621
0.00291533
0.00521262
0.00783047
0.0108181
0.0142307
0.0181294
0.0225814
0.0276602
0.0334451
0.0400209
0.0474765
0.0559047
0.0653995
0.0760551
0.087963
0.101209
0.115871
0.132014
0.149687
0.168922
0.189724
0.212073
0.23592
0.261183
0.287745
0.315456
0.344134
0.373564
0.403505
0.433693
0.463572
0.493058
0.522323
0.550753
0.578123
0.604237
0.628931
0.652079
0.673596
0.693432
0.711578
0.728051
0.742899
0.756188
0.768
0.77842
0.787302
0.795031
0.801698
0.807397
0.812218
0.816244
0.819554
0.822221
0.824312
0.825887
0.827004
0.827712
0.828058
0.828083
0.827826
0.827317
0.826583
0.825645
0.824513
0.823191
0.821683
0.819994
0.818131
0.816104
0.813923
0.811606
0.809169
0.806634
0.804028
0.801378
0.798714
0.796068
0.793472
0.790956
0.78855
0.786278
0.78416
0.782209
0.780434
0.778839
0.777419
0.77617
0.77508
0.774138
0.773329
0.77264
0.772058
0.771567
0.771156
0.770813
0.770529
0.770291
0.770086
0.000893609
0.00291203
0.00520672
0.00782161
0.0108059
0.0142146
0.0181088
0.0225556
0.0276285
0.0334067
0.0399746
0.0474214
0.0558394
0.0653228
0.0759654
0.0878586
0.101088
0.115732
0.131855
0.149507
0.168718
0.189495
0.211818
0.235638
0.260871
0.287404
0.315085
0.343733
0.373134
0.403048
0.433213
0.463083
0.492559
0.521816
0.55024
0.577609
0.603724
0.628425
0.651583
0.673113
0.692967
0.711131
0.727625
0.742495
0.755807
0.767643
0.778087
0.786995
0.794747
0.801437
0.807158
0.811999
0.816044
0.819372
0.822056
0.824162
0.825751
0.82688
0.827599
0.827956
0.82799
0.827741
0.827239
0.826513
0.825581
0.824454
0.823138
0.821636
0.819952
0.818095
0.816073
0.813898
0.811585
0.809152
0.806623
0.80402
0.801373
0.798713
0.796069
0.793475
0.790962
0.788557
0.786286
0.784167
0.782217
0.780442
0.778845
0.777426
0.776175
0.775085
0.774142
0.773333
0.772643
0.77206
0.771569
0.771157
0.770814
0.77053
0.770291
0.770086
0.000891473
0.00290507
0.00519427
0.00780289
0.01078
0.0141804
0.0180651
0.0225011
0.0275614
0.033325
0.0398763
0.047304
0.0557002
0.0651588
0.0757734
0.087635
0.10083
0.115434
0.131514
0.149119
0.168279
0.189002
0.211267
0.235026
0.260198
0.286667
0.314283
0.342865
0.372199
0.402041
0.432114
0.462094
0.491503
0.520722
0.549126
0.576487
0.602606
0.62732
0.650501
0.672061
0.691951
0.710157
0.726697
0.741616
0.754979
0.766868
0.777368
0.786333
0.794138
0.800878
0.806645
0.81153
0.815616
0.818983
0.821702
0.82384
0.825459
0.826615
0.827358
0.827736
0.82779
0.827558
0.827072
0.82636
0.825441
0.824327
0.823023
0.821533
0.819861
0.818015
0.816004
0.81384
0.811537
0.809115
0.806594
0.804
0.801361
0.798707
0.796069
0.79348
0.79097
0.788568
0.786298
0.784181
0.782231
0.780455
0.778858
0.777437
0.776186
0.775094
0.77415
0.773339
0.772649
0.772064
0.771572
0.77116
0.770816
0.770531
0.770292
0.770086
0.000888223
0.00289448
0.00517533
0.00777442
0.0107406
0.0141285
0.0179988
0.0224181
0.0274593
0.033201
0.0397269
0.0471256
0.0554887
0.0649095
0.0754814
0.0872951
0.100436
0.114981
0.130995
0.148529
0.167612
0.188252
0.21043
0.234098
0.259176
0.285549
0.313072
0.341563
0.370813
0.400588
0.430631
0.460422
0.489833
0.519029
0.547414
0.57477
0.600899
0.625636
0.648852
0.670459
0.690406
0.708676
0.725287
0.74028
0.753722
0.765691
0.776276
0.785335
0.79322
0.800034
0.805872
0.810823
0.814971
0.818396
0.821168
0.823356
0.825019
0.826215
0.826995
0.827406
0.827489
0.827283
0.826821
0.82613
0.825231
0.824137
0.822851
0.821379
0.819725
0.817896
0.815902
0.813753
0.811466
0.809058
0.806551
0.80397
0.801342
0.798698
0.796069
0.793487
0.790982
0.788584
0.786318
0.784202
0.782252
0.780476
0.778878
0.777456
0.776202
0.775109
0.774162
0.77335
0.772658
0.772071
0.771578
0.771164
0.770819
0.770533
0.770293
0.770087
0.000883911
0.00288042
0.00515018
0.00773661
0.0106883
0.0140596
0.0179107
0.0223079
0.0273237
0.033036
0.0395284
0.0468885
0.0552076
0.0645784
0.0750936
0.0868436
0.0999133
0.114379
0.130307
0.147746
0.166726
0.187257
0.20932
0.232868
0.257822
0.28407
0.311468
0.339838
0.368973
0.39864
0.428587
0.4583
0.487655
0.516802
0.545158
0.572504
0.598644
0.623411
0.646674
0.668343
0.688365
0.706721
0.723425
0.738519
0.752063
0.764136
0.774827
0.784034
0.792018
0.798926
0.804855
0.809893
0.814124
0.817625
0.820468
0.82272
0.824442
0.825691
0.826519
0.826973
0.827095
0.826924
0.826493
0.82583
0.824958
0.823888
0.822627
0.821179
0.819548
0.817742
0.81577
0.813643
0.811376
0.808988
0.806499
0.803934
0.801321
0.79869
0.796072
0.793499
0.791002
0.788609
0.786346
0.784232
0.782282
0.780506
0.778906
0.777481
0.776225
0.775129
0.774179
0.773364
0.77267
0.772081
0.771585
0.77117
0.770823
0.770536
0.770294
0.770087
0.000878582
0.00286305
0.00511911
0.00768988
0.0106237
0.0139743
0.0178017
0.0221717
0.0271561
0.0328323
0.0392832
0.0465958
0.0548606
0.0641698
0.0746154
0.086287
0.0992692
0.113638
0.129459
0.146782
0.165637
0.186034
0.207955
0.231356
0.256158
0.282253
0.309498
0.337717
0.366706
0.396234
0.42606
0.45572
0.485007
0.514088
0.542404
0.569737
0.595889
0.620691
0.644012
0.665757
0.685871
0.704333
0.721153
0.736369
0.750039
0.762238
0.773052
0.782458
0.790554
0.797577
0.803617
0.808761
0.813092
0.816686
0.819615
0.821946
0.82374
0.825055
0.825941
0.826448
0.826617
0.826488
0.826096
0.825468
0.824628
0.82359
0.822359
0.82094
0.819338
0.81756
0.815615
0.813514
0.811272
0.808908
0.806441
0.803897
0.801302
0.798687
0.796083
0.793521
0.791032
0.788645
0.786385
0.784273
0.782323
0.780545
0.778943
0.777515
0.776256
0.775155
0.774202
0.773383
0.772685
0.772093
0.771595
0.771177
0.770829
0.770539
0.770296
0.770088
0.000872301
0.00284258
0.00508248
0.00763482
0.0105475
0.0138739
0.0176734
0.0220113
0.0269587
0.0325924
0.0389945
0.0462513
0.0544524
0.0636892
0.0740531
0.0856329
0.0985126
0.112768
0.128465
0.145651
0.16436
0.184601
0.206358
0.229587
0.254214
0.280131
0.307199
0.335246
0.364069
0.393436
0.423095
0.452763
0.481933
0.510927
0.539196
0.566515
0.592684
0.617529
0.640918
0.662753
0.682975
0.70156
0.718517
0.733877
0.747695
0.760043
0.771
0.780624
0.788852
0.796009
0.80218
0.807449
0.811897
0.815599
0.818629
0.821051
0.822929
0.824319
0.825273
0.825842
0.826066
0.825988
0.82564
0.825054
0.824252
0.823249
0.822054
0.820669
0.819101
0.817356
0.815443
0.813373
0.811161
0.808824
0.806384
0.803863
0.80129
0.798694
0.796105
0.793556
0.791077
0.788696
0.78644
0.784329
0.782378
0.780598
0.778992
0.777559
0.776295
0.775189
0.774231
0.773408
0.772705
0.77211
0.771607
0.771186
0.770835
0.770543
0.770299
0.770088
0.000865136
0.00281922
0.00504071
0.00757201
0.0104606
0.0137594
0.0175271
0.0218284
0.0267338
0.0323192
0.0386658
0.0458592
0.053988
0.0631428
0.073414
0.0848899
0.0976537
0.111781
0.127337
0.144371
0.162915
0.18298
0.204552
0.227589
0.252019
0.277738
0.30461
0.332468
0.361114
0.390327
0.419869
0.449319
0.478433
0.507358
0.535587
0.562898
0.589089
0.613985
0.637452
0.659388
0.679733
0.698459
0.715569
0.731093
0.745081
0.7576
0.768728
0.778545
0.786937
0.794251
0.800572
0.805982
0.810561
0.814385
0.817527
0.820052
0.822023
0.823498
0.824529
0.825167
0.825455
0.825433
0.825136
0.824597
0.823838
0.822876
0.821721
0.820375
0.818845
0.817138
0.815261
0.813227
0.811049
0.808744
0.806334
0.80384
0.801292
0.798716
0.796145
0.793609
0.79114
0.788766
0.786513
0.784402
0.78245
0.780666
0.779054
0.777616
0.776345
0.775233
0.774268
0.773439
0.77273
0.77213
0.771623
0.771198
0.770844
0.770549
0.770302
0.770089
0.000857166
0.00279324
0.00499424
0.00750216
0.0103639
0.013632
0.0173644
0.0216252
0.0264838
0.0320156
0.0383008
0.0454239
0.0534728
0.0625368
0.0727058
0.084067
0.0967033
0.11069
0.126091
0.142957
0.16132
0.181193
0.202563
0.22539
0.249606
0.275109
0.301768
0.329419
0.357869
0.386898
0.41626
0.445682
0.474663
0.503482
0.531658
0.558958
0.585173
0.610126
0.633678
0.655726
0.676205
0.695085
0.712363
0.728067
0.742242
0.754951
0.76627
0.776276
0.78485
0.792338
0.798823
0.804387
0.809109
0.813065
0.816328
0.818965
0.821038
0.822606
0.823723
0.824437
0.824794
0.824834
0.824595
0.824107
0.823396
0.822481
0.821369
0.820067
0.81858
0.816915
0.815079
0.813084
0.810944
0.808675
0.806297
0.803834
0.801312
0.798759
0.796207
0.793686
0.791227
0.788859
0.786609
0.784497
0.782541
0.780752
0.779133
0.777687
0.776407
0.775287
0.774314
0.773477
0.772761
0.772154
0.771642
0.771212
0.770854
0.770555
0.770305
0.77009
0.000848473
0.00276491
0.00494356
0.00742598
0.0102586
0.0134932
0.0171871
0.0214037
0.0262115
0.031685
0.0379034
0.0449503
0.0529124
0.0618782
0.0719365
0.0831738
0.0956723
0.109507
0.124741
0.141427
0.159596
0.179263
0.200417
0.22302
0.247007
0.27228
0.298713
0.326145
0.354389
0.383228
0.412422
0.441707
0.470592
0.49932
0.52746
0.554758
0.581003
0.606019
0.629663
0.651831
0.672455
0.691498
0.708956
0.724851
0.739224
0.752137
0.763659
0.773866
0.782634
0.790306
0.796964
0.80269
0.807564
0.811661
0.815053
0.817809
0.819991
0.821659
0.822866
0.823663
0.824095
0.824204
0.824027
0.823596
0.822938
0.822072
0.821009
0.819755
0.818314
0.816695
0.814904
0.812952
0.810853
0.808623
0.806282
0.803851
0.801358
0.79883
0.796297
0.793791
0.791343
0.788981
0.786732
0.784618
0.782656
0.780859
0.779231
0.777774
0.776484
0.775353
0.77437
0.773523
0.772799
0.772184
0.771665
0.77123
0.770866
0.770564
0.77031
0.770092
0.000839151
0.00273452
0.00488922
0.00734428
0.0101456
0.0133443
0.016997
0.0211661
0.0259196
0.0313307
0.0374777
0.0444431
0.0523125
0.0611736
0.071114
0.0822195
0.0945716
0.108245
0.123303
0.139798
0.157763
0.177213
0.19814
0.220508
0.244255
0.269289
0.295486
0.322692
0.350726
0.37938
0.408427
0.437628
0.466383
0.49499
0.52308
0.550373
0.57665
0.601731
0.625473
0.647768
0.668542
0.687757
0.705403
0.721496
0.736077
0.7492
0.760934
0.771352
0.780323
0.788187
0.795025
0.800919
0.805949
0.810192
0.813719
0.8166
0.818897
0.82067
0.821974
0.822859
0.823372
0.823554
0.823443
0.823073
0.822472
0.821659
0.820649
0.819446
0.818057
0.816487
0.814744
0.812839
0.810785
0.808597
0.806294
0.803899
0.801436
0.798934
0.796422
0.793931
0.791492
0.789135
0.786885
0.784767
0.782798
0.78099
0.77935
0.77788
0.776577
0.775432
0.774437
0.773579
0.772844
0.77222
0.771693
0.77125
0.770881
0.770573
0.770315
0.770093
0.000829314
0.00270245
0.00483185
0.00725804
0.0100263
0.013187
0.0167962
0.0209153
0.0256113
0.0309565
0.0370281
0.0439075
0.0516793
0.0604301
0.0702465
0.0812136
0.0934122
0.106916
0.121791
0.138086
0.155839
0.175064
0.195755
0.217881
0.241382
0.266169
0.292124
0.319099
0.346916
0.375371
0.404239
0.433268
0.461973
0.490508
0.518572
0.545867
0.572178
0.597329
0.621173
0.643599
0.664529
0.683921
0.701758
0.718055
0.732846
0.746183
0.758134
0.76877
0.777953
0.786013
0.793033
0.799097
0.804286
0.808678
0.812344
0.815354
0.817771
0.819654
0.821059
0.822036
0.822634
0.822894
0.822854
0.822549
0.822008
0.821253
0.820298
0.819151
0.817815
0.816298
0.814607
0.812752
0.810745
0.808602
0.80634
0.803982
0.801551
0.799076
0.796585
0.794109
0.791679
0.789325
0.787074
0.784949
0.782969
0.781148
0.779493
0.778007
0.776687
0.775527
0.774517
0.773644
0.772898
0.772262
0.771726
0.771275
0.770898
0.770584
0.770322
0.770095
0.000819094
0.00266913
0.00477223
0.00716838
0.00990219
0.0130234
0.0165872
0.020654
0.02529
0.0305664
0.0365593
0.043349
0.051019
0.0596549
0.0693423
0.0801655
0.0922048
0.105534
0.120218
0.136308
0.153842
0.172836
0.193286
0.215164
0.238415
0.262953
0.288665
0.315408
0.34301
0.371272
0.399974
0.428874
0.457521
0.485922
0.513994
0.541302
0.567653
0.592877
0.616825
0.639385
0.660475
0.680045
0.698076
0.714576
0.729577
0.743127
0.75529
0.766143
0.775572
0.783819
0.791015
0.797247
0.802596
0.807138
0.810945
0.814087
0.816626
0.818623
0.820132
0.821207
0.821893
0.822235
0.82227
0.822034
0.821557
0.820863
0.819966
0.818876
0.817597
0.816136
0.814499
0.812697
0.81074
0.808644
0.806426
0.804106
0.801709
0.799261
0.796791
0.79433
0.791909
0.789556
0.787301
0.785167
0.783174
0.781336
0.779663
0.778157
0.776818
0.775638
0.77461
0.773722
0.77296
0.772312
0.771764
0.771303
0.770918
0.770597
0.770329
0.770097
0.000808696
0.00263522
0.00471153
0.00707701
0.00977564
0.0128564
0.0163735
0.0203867
0.0249609
0.0301664
0.0360781
0.0427752
0.0503401
0.0588572
0.0684115
0.0790863
0.0909617
0.104111
0.1186
0.13448
0.15179
0.170549
0.190755
0.212384
0.235382
0.25967
0.28514
0.311653
0.339046
0.367127
0.395687
0.424502
0.45315
0.481411
0.509439
0.536745
0.563134
0.588432
0.612488
0.635185
0.656434
0.676183
0.694408
0.711111
0.726319
0.740076
0.752442
0.763488
0.773223
0.781631
0.788994
0.795391
0.800899
0.805591
0.809541
0.812815
0.815479
0.817591
0.819209
0.820383
0.821161
0.821587
0.821701
0.821537
0.821127
0.820495
0.819659
0.818628
0.817408
0.816005
0.814425
0.812678
0.810774
0.808726
0.806553
0.804273
0.801911
0.799491
0.797043
0.794596
0.792181
0.789829
0.787567
0.785421
0.783412
0.781555
0.77986
0.778331
0.776969
0.775767
0.774718
0.773811
0.773032
0.772369
0.771807
0.771336
0.770941
0.770612
0.770337
0.7701
0.000798367
0.00260152
0.00465115
0.00698604
0.00964944
0.0126895
0.0161597
0.0201186
0.0246301
0.0297634
0.0355923
0.0421947
0.049652
0.0580476
0.0674655
0.0779886
0.0896963
0.102662
0.116952
0.132619
0.149702
0.168224
0.188185
0.209563
0.232309
0.256349
0.281578
0.307865
0.33505
0.362952
0.391369
0.420097
0.448754
0.476925
0.504915
0.532227
0.558663
0.584044
0.608214
0.631051
0.652464
0.672392
0.690809
0.707712
0.723124
0.737085
0.749651
0.760888
0.770866
0.779453
0.78699
0.793554
0.79922
0.804063
0.808153
0.81156
0.814348
0.816577
0.818302
0.819577
0.820449
0.820962
0.821156
0.821066
0.820725
0.820157
0.819383
0.818413
0.817253
0.81591
0.814388
0.812697
0.810846
0.808849
0.806722
0.804483
0.802156
0.799764
0.797337
0.794904
0.792496
0.790142
0.787872
0.785712
0.783684
0.781804
0.780084
0.778529
0.777141
0.775914
0.774841
0.773912
0.773113
0.772433
0.771857
0.771372
0.770967
0.770629
0.770347
0.770103
0.000788538
0.00256943
0.00459358
0.00689911
0.00952853
0.0125292
0.0159534
0.0198588
0.0243083
0.0293696
0.0351154
0.0416225
0.0489712
0.0572437
0.0665233
0.0768923
0.0884299
0.10121
0.115298
0.13075
0.147605
0.165889
0.185604
0.206733
0.22923
0.253025
0.278019
0.304082
0.331061
0.358774
0.387022
0.415586
0.444238
0.472511
0.500452
0.527783
0.554284
0.579762
0.604058
0.627043
0.648621
0.668729
0.687336
0.704435
0.720045
0.734206
0.746969
0.7584
0.768566
0.777339
0.78505
0.791777
0.797597
0.802585
0.806812
0.810349
0.813258
0.815601
0.817433
0.818808
0.819773
0.820372
0.820646
0.820631
0.820358
0.819856
0.819143
0.818234
0.817134
0.81585
0.814386
0.812751
0.810954
0.809008
0.806927
0.80473
0.802438
0.800075
0.79767
0.79525
0.792847
0.790491
0.788212
0.786036
0.783986
0.782081
0.780333
0.77875
0.777332
0.776077
0.774978
0.774024
0.773204
0.772504
0.771912
0.771413
0.770996
0.770648
0.770357
0.770106
0.000779668
0.00254044
0.00454145
0.00682016
0.00941823
0.0123821
0.015763
0.0196175
0.024007
0.0289983
0.0346627
0.0410757
0.0483164
0.0564662
0.0656074
0.075822
0.0871889
0.0997824
0.113669
0.128905
0.145534
0.163581
0.183054
0.203939
0.226193
0.249752
0.274519
0.30037
0.327154
0.354692
0.382781
0.411198
0.439698
0.468013
0.496053
0.523471
0.550071
0.575667
0.6001
0.623239
0.644985
0.66527
0.684061
0.701348
0.717149
0.731499
0.744451
0.756067
0.766416
0.775358
0.783231
0.790112
0.796077
0.801202
0.805559
0.809218
0.812243
0.814694
0.816628
0.818099
0.819153
0.819835
0.820187
0.820243
0.820037
0.819596
0.818943
0.818092
0.81705
0.815822
0.814415
0.812835
0.81109
0.809193
0.807158
0.805001
0.802744
0.800411
0.798026
0.79562
0.793222
0.790864
0.788574
0.786382
0.78431
0.782378
0.7806
0.778986
0.777537
0.776252
0.775124
0.774145
0.773301
0.772581
0.77197
0.771456
0.771026
0.770668
0.770368
0.770109
0.000772563
0.00251717
0.00449948
0.00675618
0.00932808
0.0122605
0.0156038
0.0194129
0.0237483
0.0286752
0.0342635
0.0405876
0.0477251
0.0557565
0.0647635
0.0748273
0.0860273
0.0984379
0.112127
0.127152
0.143559
0.161376
0.180614
0.201262
0.223284
0.246618
0.271173
0.296829
0.323439
0.350826
0.378788
0.4071
0.435517
0.463776
0.491902
0.51942
0.546135
0.571861
0.596439
0.619735
0.641647
0.662106
0.681074
0.69854
0.71452
0.729048
0.742176
0.753966
0.764486
0.773587
0.78161
0.788632
0.79473
0.79998
0.804454
0.808223
0.811352
0.8139
0.815927
0.817483
0.818617
0.819374
0.819795
0.819917
0.819771
0.819387
0.818787
0.817988
0.816997
0.815821
0.814464
0.812933
0.811237
0.809385
0.807392
0.805274
0.803051
0.800744
0.79838
0.795987
0.793595
0.791235
0.788936
0.786728
0.784634
0.782676
0.78087
0.779225
0.777745
0.77643
0.775274
0.774268
0.773401
0.772659
0.772031
0.771501
0.771057
0.770688
0.770379
0.770112
0.000767702
0.0025012
0.00447042
0.00671131
0.00926379
0.0121722
0.0154856
0.0192581
0.0235485
0.0284209
0.0339438
0.0401901
0.0472366
0.0551623
0.0640483
0.0739755
0.0850229
0.0972656
0.110772
0.125602
0.141803
0.159407
0.178428
0.198859
0.220669
0.2438
0.268167
0.293656
0.320125
0.347405
0.375303
0.403617
0.432021
0.46025
0.488366
0.515927
0.542725
0.568565
0.593276
0.616719
0.638788
0.659409
0.67854
0.696171
0.712313
0.727002
0.740287
0.752233
0.762906
0.772151
0.780306
0.787449
0.793659
0.799012
0.803584
0.807442
0.810655
0.813282
0.815382
0.817006
0.818204
0.819021
0.819498
0.819671
0.819573
0.819234
0.818677
0.817919
0.816969
0.815834
0.814518
0.813027
0.81137
0.809557
0.8076
0.805514
0.80332
0.801037
0.798692
0.796312
0.793926
0.791565
0.78926
0.787038
0.784926
0.782946
0.781114
0.779441
0.777934
0.776591
0.775409
0.774379
0.77349
0.77273
0.772085
0.771541
0.771085
0.770706
0.770389
0.770115
0.000766076
0.0024957
0.00445982
0.00669371
0.00923659
0.0121321
0.0154285
0.019179
0.0234416
0.0282792
0.0337594
0.039954
0.0469385
0.0547912
0.0635922
0.0734216
0.0843579
0.0964763
0.109846
0.124527
0.140568
0.158003
0.176851
0.197106
0.218741
0.241705
0.265917
0.291268
0.317624
0.344822
0.372678
0.400992
0.42956
0.457718
0.485757
0.513321
0.540172
0.566098
0.59092
0.61449
0.636695
0.657458
0.676732
0.694503
0.710782
0.725604
0.739019
0.75109
0.761886
0.77125
0.779503
0.786731
0.793016
0.798436
0.803068
0.806983
0.810247
0.812922
0.815065
0.81673
0.817967
0.818819
0.819328
0.819531
0.819462
0.819149
0.818617
0.817883
0.816957
0.815846
0.814555
0.813089
0.811456
0.809666
0.807731
0.805667
0.803491
0.801225
0.798893
0.796523
0.794142
0.791783
0.789474
0.787245
0.785122
0.783128
0.78128
0.77959
0.778064
0.776704
0.775504
0.774458
0.773554
0.77278
0.772123
0.771569
0.771105
0.770719
0.770396
0.770117
)
;

boundaryField
{
    fuel
    {
        type            fixedValue;
        value           uniform 0;
    }
    air
    {
        type            fixedValue;
        value           uniform 0.77;
    }
    outlet
    {
        type            inletOutlet;
        inletValue      uniform 1;
        value           nonuniform List<scalar> 
200
(
0.000765103
0.00249249
0.00445392
0.00668448
0.00922316
0.0121134
0.0154031
0.0191452
0.0233973
0.028222
0.0336864
0.0398618
0.0468235
0.0546491
0.0634182
0.0732105
0.0841044
0.0961746
0.10949
0.124111
0.140086
0.157451
0.176222
0.196397
0.21795
0.240829
0.264957
0.290227
0.316505
0.343632
0.371426
0.399688
0.428219
0.456351
0.484376
0.511943
0.538812
0.56477
0.589634
0.613257
0.635522
0.65635
0.675693
0.693535
0.709886
0.724778
0.73826
0.750396
0.761253
0.770674
0.778979
0.786253
0.792579
0.798037
0.802702
0.806646
0.809936
0.812634
0.814798
0.816482
0.817735
0.818601
0.819124
0.819339
0.819281
0.818978
0.818455
0.81773
0.816814
0.815712
0.814429
0.812972
0.811348
0.809568
0.807642
0.805587
0.80342
0.801163
0.79884
0.796478
0.794106
0.791754
0.789452
0.78723
0.785112
0.783123
0.781278
0.779591
0.778067
0.776708
0.775509
0.774463
0.773559
0.772785
0.772127
0.771572
0.771108
0.770721
0.770397
0.770117
0.000766076
0.0024957
0.00445982
0.00669371
0.00923659
0.0121321
0.0154285
0.019179
0.0234416
0.0282792
0.0337594
0.039954
0.0469385
0.0547912
0.0635922
0.0734216
0.0843579
0.0964763
0.109846
0.124527
0.140568
0.158003
0.176851
0.197106
0.218741
0.241705
0.265917
0.291268
0.317624
0.344822
0.372678
0.400992
0.42956
0.457718
0.485757
0.513321
0.540172
0.566098
0.59092
0.61449
0.636695
0.657458
0.676732
0.694503
0.710782
0.725604
0.739019
0.75109
0.761886
0.77125
0.779503
0.786731
0.793016
0.798436
0.803068
0.806983
0.810247
0.812922
0.815065
0.81673
0.817967
0.818819
0.819328
0.819531
0.819462
0.819149
0.818617
0.817883
0.816957
0.815846
0.814555
0.813089
0.811456
0.809666
0.807731
0.805667
0.803491
0.801225
0.798893
0.796523
0.794142
0.791783
0.789474
0.787245
0.785122
0.783128
0.78128
0.77959
0.778064
0.776704
0.775504
0.774458
0.773554
0.77278
0.772123
0.771569
0.771105
0.770719
0.770396
0.770117
)
;
    }
    frontAndBack
    {
        type            empty;
    }
}


// ************************************************************************* //
