/*--------------------------------*- C++ -*----------------------------------*\
| =========                 |                                                 |
| \\      /  F ield         | OpenFOAM: The Open Source CFD Toolbox           |
|  \\    /   O peration     | Version:  2312                                  |
|   \\  /    A nd           | Website:  www.openfoam.com                      |
|    \\/     M anipulation  |                                                 |
\*---------------------------------------------------------------------------*/
FoamFile
{
    version     2.0;
    format      ascii;
    arch        "LSB;label=64;scalar=64";
    class       volScalarField;
    location    "0.15";
    object      O2;
}
// * * * * * * * * * * * * * * * * * * * * * * * * * * * * * * * * * * * * * //

dimensions      [0 0 0 0 0 0 0];

internalField   nonuniform List<scalar> 
4000
(
8.27682e-07
2.71329e-06
4.92599e-06
7.57175e-06
1.07776e-05
1.46952e-05
1.95041e-05
2.54149e-05
3.26719e-05
4.15553e-05
5.23813e-05
6.55016e-05
8.12997e-05
0.000100185
0.000122581
0.000148916
0.000179596
0.00021499
0.000255389
0.00030098
0.000351795
0.000407672
0.000468199
0.000532668
0.000600029
0.000668856
0.000737333
0.00080327
0.000864161
0.000917292
0.000959925
0.000989534
0.00100407
0.00100109
0.000979402
0.000940659
0.000886225
0.000818623
0.000741264
0.000658088
0.000573147
0.000490185
0.0004123
0.000341738
0.000279833
0.000227094
0.000183375
0.000148099
0.000120485
0.000100188
8.58287e-05
7.69726e-05
7.34928e-05
7.57256e-05
8.47277e-05
0.000102754
0.00013413
0.00018679
0.000274839
0.000422596
0.000670903
0.00108704
0.0017806
0.00292917
0.00482028
0.00792123
0.0129985
0.0213149
0.0328145
0.0458891
0.059612
0.0734365
0.0870356
0.100212
0.112844
0.124856
0.136198
0.146835
0.156745
0.165912
0.174329
0.181994
0.188916
0.195112
0.200607
0.205435
0.209637
0.213261
0.216358
0.218984
0.221192
0.223035
0.224565
0.225828
0.226866
0.227715
0.228408
0.228973
0.229437
0.229834
8.38987e-07
2.7508e-06
4.99552e-06
7.68164e-06
1.09392e-05
1.49232e-05
1.98177e-05
2.58381e-05
3.3235e-05
4.22953e-05
5.33432e-05
6.6739e-05
8.28758e-05
0.000102173
0.000125065
0.000151988
0.000183361
0.000219556
0.000260874
0.0003075
0.000359466
0.000416601
0.00047848
0.000544372
0.000613198
0.000683492
0.000753387
0.000820632
0.000882644
0.000936617
0.000979686
0.00100913
0.00102255
0.00101914
0.000997381
0.000957875
0.00090218
0.000832963
0.000753779
0.000668697
0.000581886
0.000497185
0.000417759
0.000345888
0.00028292
0.000229353
0.000185017
0.000149307
0.00012141
0.000100954
8.6571e-05
7.78109e-05
7.45555e-05
7.71746e-05
8.67979e-05
0.000105821
0.000138835
0.000194242
0.000286962
0.000442672
0.000704419
0.00114303
0.00187381
0.00308356
0.00507482
0.00833982
0.0136872
0.0224443
0.0341865
0.0473893
0.0611715
0.0750127
0.0886009
0.101747
0.114336
0.126292
0.137569
0.148132
0.15796
0.167039
0.175363
0.182932
0.189757
0.195856
0.201256
0.205994
0.210112
0.213658
0.216687
0.219251
0.221406
0.223205
0.224697
0.225929
0.226941
0.227769
0.228445
0.228997
0.22945
0.229838
8.60784e-07
2.82257e-06
5.12665e-06
7.885e-06
1.12318e-05
1.53273e-05
2.03613e-05
2.65564e-05
3.41711e-05
4.35016e-05
5.48822e-05
6.86845e-05
8.5313e-05
0.000105199
0.000128788
0.000156528
0.000188844
0.000226116
0.000268646
0.000316617
0.000370053
0.000428766
0.00049231
0.000559922
0.00063048
0.000702469
0.000773961
0.000842638
0.000905843
0.00096069
0.00100423
0.00103365
0.00104646
0.00104174
0.00101913
0.000978116
0.000920458
0.000849005
0.000767463
0.000680039
0.000591017
0.000504324
0.000423182
0.000349895
0.00028581
0.000231405
0.000186479
0.00015039
0.000122296
0.000101791
8.751e-05
7.90115e-05
7.62108e-05
7.95509e-05
9.03034e-05
0.00011113
0.000147107
0.000207503
0.000308721
0.000478878
0.00076495
0.001244
0.00204124
0.00335917
0.00552552
0.00907345
0.0148797
0.024367
0.036501
0.0499007
0.0637635
0.0776133
0.091164
0.104242
0.116739
0.128587
0.139741
0.15017
0.159854
0.168782
0.176949
0.18436
0.191027
0.196971
0.202223
0.206822
0.210811
0.214241
0.217166
0.21964
0.221718
0.223451
0.224888
0.226074
0.227048
0.227846
0.228499
0.229031
0.229468
0.229843
8.89601e-07
2.91718e-06
5.2986e-06
8.14972e-06
1.16094e-05
1.58433e-05
2.10478e-05
2.74532e-05
3.53266e-05
4.4974e-05
5.67406e-05
7.10093e-05
8.81968e-05
0.000108746
0.000133115
0.000161759
0.000195114
0.000233563
0.000277408
0.000326828
0.000381835
0.000442224
0.000507518
0.00057692
0.000649258
0.000722959
0.00079603
0.000866079
0.000930377
0.000985973
0.00102988
0.00105928
0.00107177
0.00106586
0.00104114
0.000997744
0.000937533
0.000863446
0.000779306
0.000689435
0.000598212
0.000509629
0.000426938
0.000352437
0.000287458
0.000232445
0.000187153
0.000150895
0.000122792
0.000102414
8.84005e-05
8.03394e-05
7.8204e-05
8.25476e-05
9.48457e-05
0.000118136
0.000158176
0.000225442
0.000338395
0.000528514
0.000848184
0.00138303
0.00227177
0.00373814
0.00614314
0.0100722
0.0164831
0.0268221
0.0393961
0.0530025
0.0669345
0.0807692
0.0942513
0.107225
0.119592
0.131292
0.142283
0.152538
0.16204
0.170779
0.178756
0.185976
0.192456
0.198221
0.203303
0.207743
0.211587
0.214888
0.217698
0.220072
0.222063
0.223724
0.2251
0.226236
0.227169
0.227934
0.228559
0.229069
0.229489
0.229849
9.23092e-07
3.02699e-06
5.49765e-06
8.45493e-06
1.20425e-05
1.64317e-05
2.18255e-05
2.8462e-05
3.6617e-05
4.66061e-05
5.87852e-05
7.35486e-05
9.13246e-05
0.000112568
0.000137746
0.000167327
0.00020175
0.000241404
0.00028659
0.000337482
0.000394077
0.000456149
0.00052319
0.000594359
0.000668432
0.000743773
0.000818314
0.000889585
0.000954778
0.00101087
0.00105482
0.00108379
0.00109543
0.00108838
0.00106105
0.001015
0.000952034
0.000875194
0.000788425
0.000696171
0.000602896
0.000512629
0.000428661
0.000353301
0.000287784
0.000232471
0.000187059
0.000150829
0.000122884
0.000102771
8.91658e-05
8.16883e-05
8.03872e-05
8.59551e-05
0.000100124
0.0001264
0.000171397
0.0002471
0.000374538
0.000589433
0.000951067
0.00155624
0.00256181
0.00422115
0.00694439
0.0114
0.0186867
0.0297117
0.0426378
0.0563969
0.0703587
0.084146
0.0975304
0.110372
0.122585
0.134112
0.144918
0.154978
0.164279
0.172815
0.180588
0.187607
0.193893
0.199471
0.204379
0.208658
0.212356
0.215526
0.218222
0.220496
0.222403
0.223992
0.225309
0.226395
0.227288
0.22802
0.228619
0.229108
0.22951
0.229855
9.59074e-07
3.14485e-06
5.71093e-06
8.78117e-06
1.2504e-05
1.70564e-05
2.2648e-05
2.95244e-05
3.797e-05
4.83099e-05
6.09105e-05
7.61771e-05
9.45492e-05
0.000116492
0.000142486
0.000173005
0.000208497
0.000249353
0.000295874
0.000348224
0.000406387
0.000470112
0.000538857
0.000611735
0.000687466
0.000764341
0.000840216
0.000912535
0.000978405
0.00103473
0.0010784
0.00110659
0.00111697
0.00110742
0.00107794
0.00102928
0.000963525
0.00088392
0.00079458
0.000700074
0.000604959
0.000513378
0.000428521
0.000352581
0.000286769
0.000231395
0.000186099
0.000150115
0.000122521
0.000102837
8.97719e-05
8.29982e-05
8.26559e-05
8.96003e-05
0.000105857
0.000135471
0.000186021
0.000271201
0.000414917
0.00065764
0.00106637
0.00175046
0.00288726
0.00476393
0.00784708
0.0129018
0.0211904
0.032767
0.045965
0.059825
0.073781
0.0874946
0.100761
0.113456
0.125501
0.136846
0.14746
0.157322
0.166421
0.174753
0.182325
0.189148
0.195245
0.200645
0.205386
0.209513
0.213074
0.216121
0.21871
0.220892
0.22272
0.224243
0.225504
0.226545
0.2274
0.228101
0.228675
0.229144
0.22953
0.229861
9.96177e-07
3.26632e-06
5.93052e-06
9.11658e-06
1.29776e-05
1.76962e-05
2.34884e-05
3.06072e-05
3.93454e-05
5.00375e-05
6.30599e-05
7.88284e-05
9.77937e-05
0.000120432
0.000147233
0.000178679
0.000215225
0.000257264
0.000305094
0.000358871
0.000418562
0.00048389
0.000554276
0.000628784
0.000706071
0.000784356
0.00086141
0.000934585
0.0010009
0.00105717
0.00110021
0.00112712
0.00113548
0.00112393
0.00109199
0.00104059
0.000971992
0.000889651
0.000797844
0.000701311
0.000604707
0.000512041
0.000426525
0.000350314
0.000284518
0.000229357
0.000184398
0.000148824
0.000121831
0.000102675
9.02394e-05
8.42506e-05
8.49467e-05
9.3359e-05
0.00011183
0.000144981
0.000201422
0.000296633
0.000457509
0.000729388
0.0011871
0.0019526
0.00322357
0.00532018
0.00876354
0.0144104
0.0236666
0.0357433
0.0491722
0.0631025
0.0770308
0.0906558
0.103795
0.116338
0.128214
0.139379
0.149805
0.159476
0.168381
0.176522
0.183904
0.190545
0.196468
0.201704
0.206294
0.210282
0.213718
0.216655
0.219147
0.221247
0.223004
0.224467
0.225679
0.226679
0.227501
0.228174
0.228726
0.229176
0.229548
0.229867
1.03333e-06
3.38792e-06
6.15019e-06
9.45182e-06
1.34505e-05
1.83343e-05
2.43254e-05
3.16841e-05
4.07114e-05
5.17508e-05
6.51883e-05
8.14504e-05
0.000100998
0.000124318
0.000151909
0.000184262
0.000221837
0.000265029
0.000314131
0.000369291
0.000430458
0.000497326
0.000569276
0.000645322
0.000724055
0.000803616
0.000881687
0.000955528
0.00102206
0.00107802
0.00112016
0.00114555
0.00115184
0.00113792
0.00110332
0.00104904
0.000977575
0.000892545
0.000798456
0.000700132
0.000602203
0.000508749
0.000422906
0.00034673
0.000281223
0.000226506
0.000182069
0.000147043
0.000120914
0.000102345
9.05987e-05
8.54479e-05
8.7233e-05
9.71704e-05
0.000117938
0.00015476
0.00021732
0.000322949
0.000501591
0.000803529
0.00131148
0.00215997
0.00356669
0.00588378
0.00968381
0.0159064
0.0260328
0.0385435
0.0521588
0.0661304
0.0800133
0.0935404
0.10655
0.118942
0.130655
0.141649
0.1519
0.161393
0.170121
0.178087
0.185299
0.191776
0.197543
0.202634
0.207089
0.210955
0.214282
0.217123
0.219531
0.221558
0.223254
0.224665
0.225833
0.226797
0.227589
0.228239
0.228771
0.229205
0.229564
0.229871
1.06984e-06
3.50739e-06
6.36595e-06
9.78094e-06
1.39145e-05
1.89599e-05
2.51455e-05
3.27385e-05
4.20478e-05
5.34256e-05
6.72675e-05
8.40098e-05
0.000104124
0.000128106
0.000156463
0.000189696
0.000228266
0.000272571
0.0003229
0.000379389
0.000441968
0.000510301
0.000583729
0.00066121
0.000741269
0.000821966
0.000900896
0.000975225
0.00104178
0.00109724
0.0011383
0.00116203
0.00116616
0.00114953
0.0011121
0.00105485
0.000980484
0.000892873
0.000796647
0.000696697
0.000597734
0.000503793
0.000417919
0.000342054
0.000277081
0.00022302
0.000179291
0.000144992
0.000119701
0.00010184
9.08533e-05
8.65874e-05
8.94982e-05
0.000101
0.000124124
0.000164732
0.00023363
0.000350086
0.000547254
0.000880656
0.00144149
0.00237803
0.00393034
0.0064873
0.0106827
0.0175584
0.0283368
0.0411618
0.0548964
0.0688723
0.0826909
0.0961127
0.108992
0.12124
0.1328
0.143636
0.153728
0.16306
0.171631
0.179442
0.186504
0.192838
0.19847
0.203434
0.207774
0.211535
0.214768
0.217525
0.219861
0.221825
0.223468
0.224835
0.225966
0.226899
0.227666
0.228295
0.22881
0.229231
0.229578
0.229876
1.10516e-06
3.62292e-06
6.57456e-06
1.00991e-05
1.43628e-05
1.95642e-05
2.59374e-05
3.37563e-05
4.33374e-05
5.50413e-05
6.92727e-05
8.64772e-05
0.000107136
0.000131754
0.000160849
0.000194925
0.00023445
0.000279821
0.000331321
0.000389075
0.000452992
0.000522706
0.000597514
0.000676318
0.000757576
0.000839268
0.000918898
0.000993543
0.00105995
0.00111472
0.00115455
0.00117652
0.00117831
0.00115903
0.0011185
0.00105818
0.000980945
0.000890863
0.000792654
0.00069133
0.000591607
0.000497457
0.000411821
0.000336509
0.000272282
0.000219057
0.000176186
0.000142736
0.000118262
0.000101187
9.10094e-05
8.76568e-05
9.17073e-05
0.000104781
0.000130273
0.000174694
0.000250006
0.000377452
0.000593482
0.000959053
0.00157428
0.00260213
0.00430707
0.00711906
0.0117424
0.0193394
0.0305557
0.043579
0.0573696
0.0713164
0.0850553
0.0983675
0.11112
0.123232
0.134651
0.145345
0.155293
0.164485
0.172917
0.180594
0.187528
0.193738
0.199255
0.204112
0.208353
0.212025
0.215178
0.217866
0.220141
0.222053
0.223651
0.22498
0.22608
0.226987
0.227732
0.228343
0.228843
0.229252
0.22959
0.229879
1.13885e-06
3.73313e-06
6.77354e-06
1.04025e-05
1.47904e-05
2.01404e-05
2.66923e-05
3.47265e-05
4.45666e-05
5.65812e-05
7.11834e-05
8.88281e-05
0.000110005
0.000135229
0.000165024
0.000199902
0.000240332
0.000286712
0.000339319
0.000398264
0.000463434
0.000534433
0.000610513
0.000690522
0.000772847
0.000855387
0.000935561
0.00101036
0.00107644
0.00113035
0.00116875
0.00118872
0.00118813
0.00116601
0.00112247
0.00105916
0.000979214
0.000886797
0.000786825
0.000684375
0.00058415
0.000490046
0.00040488
0.000330326
0.000267014
0.000214762
0.00017285
0.000140317
0.000116692
0.000100432
9.10799e-05
8.86403e-05
9.38116e-05
0.000108417
0.000136206
0.000184327
0.000265854
0.000403932
0.000638167
0.00103472
0.00170223
0.00281771
0.0046689
0.00772479
0.0127563
0.0210366
0.0325903
0.0457512
0.0595626
0.0734619
0.0871139
0.100317
0.112949
0.124935
0.136226
0.146793
0.156616
0.165685
0.173998
0.18156
0.188384
0.194491
0.199911
0.204678
0.208837
0.212435
0.215522
0.218151
0.220375
0.222244
0.223804
0.225102
0.226175
0.22706
0.227787
0.228384
0.228872
0.22927
0.2296
0.229882
1.17052e-06
3.83675e-06
6.96061e-06
1.06877e-05
1.51923e-05
2.0682e-05
2.7402e-05
3.56386e-05
4.57222e-05
5.80288e-05
7.29797e-05
9.10381e-05
0.000112702
0.000138495
0.000168948
0.000204577
0.000245855
0.000293178
0.000346816
0.000406867
0.000473197
0.000545376
0.000622613
0.0007037
0.000786956
0.000870202
0.000950771
0.00102557
0.00109118
0.00114409
0.00118095
0.00119882
0.00119582
0.00117089
0.00112437
0.00105819
0.00097561
0.000881056
0.000779551
0.000676218
0.000575729
0.000481888
0.000397382
0.000323741
0.000261468
0.000210277
0.000169388
0.000137809
0.000115054
9.96141e-05
9.1081e-05
8.95306e-05
9.57768e-05
0.000111835
0.000141791
0.000193386
0.000280725
0.000428696
0.000679787
0.00110487
0.0018203
0.00301574
0.00499986
0.00827666
0.0136766
0.0225609
0.034399
0.0476649
0.0614788
0.0753222
0.0888861
0.101984
0.114504
0.126375
0.137552
0.148006
0.15772
0.166684
0.174895
0.182361
0.189093
0.195114
0.200452
0.205146
0.209237
0.212773
0.215806
0.218387
0.220569
0.222402
0.223932
0.225203
0.226255
0.227122
0.227834
0.228418
0.228895
0.229286
0.229609
0.229885
1.19983e-06
3.93263e-06
7.13371e-06
1.09516e-05
1.55642e-05
2.11833e-05
2.80589e-05
3.64828e-05
4.67917e-05
5.93687e-05
7.46425e-05
9.30838e-05
0.000115199
0.000141518
0.000172579
0.000208901
0.000250961
0.000299152
0.000353737
0.0004148
0.000482185
0.00055543
0.000633702
0.000715738
0.000799789
0.000883603
0.00096443
0.00103909
0.00110412
0.00115593
0.00119118
0.00120693
0.00120149
0.0011738
0.00112443
0.00105551
0.000970536
0.000874078
0.000771275
0.000667285
0.000566738
0.000473336
0.000389629
0.000317005
0.00025584
0.000205756
0.000165913
0.000135297
0.000113409
9.87762e-05
9.10376e-05
9.03381e-05
9.75999e-05
0.000115018
0.000146991
0.0002018
0.000294493
0.000451521
0.000717948
0.00116883
0.00192737
0.00319439
0.00529697
0.00876994
0.0144959
0.0239081
0.035987
0.0493333
0.0631373
0.0769207
0.0903982
0.103398
0.115814
0.12758
0.138655
0.149012
0.158631
0.167505
0.175632
0.183016
0.189672
0.195622
0.200894
0.205527
0.209563
0.21305
0.216038
0.218581
0.220728
0.222531
0.224037
0.225287
0.22632
0.227172
0.227872
0.228446
0.228915
0.229298
0.229616
0.229887
1.22643e-06
4.01967e-06
7.29085e-06
1.11912e-05
1.59019e-05
2.16384e-05
2.86552e-05
3.72493e-05
4.77631e-05
6.05858e-05
7.61528e-05
9.4942e-05
0.000117467
0.000144264
0.000175875
0.000212826
0.000255594
0.000304568
0.000360006
0.000421978
0.000490305
0.000564495
0.000643675
0.000726528
0.000811244
0.000895499
0.000976468
0.0010509
0.00111526
0.00116594
0.00119957
0.00121329
0.00120547
0.00117513
0.00112309
0.00105163
0.000964484
0.000866356
0.000762483
0.000658037
0.000557597
0.000464756
0.00038193
0.000310369
0.000250329
0.000201347
0.000162534
0.000132873
0.000111824
9.79664e-05
9.09837e-05
9.10882e-05
9.9304e-05
0.000117995
0.000151848
0.000209651
0.000307309
0.000472701
0.000753229
0.00122773
0.00202554
0.00335745
0.00556684
0.00921543
0.0152301
0.0250963
0.0373739
0.0507782
0.0645621
0.0782834
0.0916777
0.104585
0.116906
0.12858
0.139566
0.149837
0.159376
0.168174
0.176229
0.183546
0.19014
0.196032
0.201251
0.205834
0.209826
0.213273
0.216225
0.218736
0.220857
0.222636
0.224121
0.225354
0.226374
0.227214
0.227903
0.228469
0.228931
0.229309
0.229622
0.229888
1.25001e-06
4.09681e-06
7.43012e-06
1.14036e-05
1.62012e-05
2.20419e-05
2.9184e-05
3.79291e-05
4.86245e-05
6.16651e-05
7.74923e-05
9.65901e-05
0.000119478
0.000146698
0.000178798
0.000216306
0.000259699
0.000309364
0.000365553
0.000428321
0.00049747
0.000572479
0.000652437
0.000735977
0.000821234
0.000905817
0.000986833
0.00106097
0.00112462
0.00117418
0.00120625
0.00121803
0.00120799
0.00117521
0.00112072
0.001047
0.000957948
0.000858402
0.000753674
0.000648942
0.000548727
0.000456515
0.000374593
0.00030408
0.000245124
0.000197179
0.000159301
0.000130706
0.000110394
9.72404e-05
9.09552e-05
9.18067e-05
0.000100913
0.000120797
0.000156422
0.00021705
0.000319405
0.000492726
0.000786652
0.00128368
0.00211913
0.00351367
0.00582703
0.00964841
0.0159504
0.0261658
0.0385878
0.0520232
0.0657762
0.0794338
0.0927488
0.105571
0.117807
0.129399
0.140307
0.150505
0.159975
0.16871
0.176706
0.183969
0.190512
0.196357
0.201534
0.206078
0.210034
0.213449
0.216374
0.21886
0.220959
0.22272
0.224189
0.225409
0.226417
0.227247
0.227928
0.228487
0.228944
0.229317
0.229626
0.22989
1.27027e-06
4.16308e-06
7.54978e-06
1.15861e-05
1.64584e-05
2.23886e-05
2.96384e-05
3.85132e-05
4.93649e-05
6.25929e-05
7.86438e-05
9.80069e-05
0.000121207
0.000148791
0.00018131
0.000219295
0.000263224
0.000313481
0.00037031
0.000433755
0.0005036
0.000579298
0.000659902
0.000744005
0.000829688
0.000914504
0.0009955
0.0010693
0.00113227
0.00118077
0.0012114
0.00122143
0.0012094
0.00117444
0.0011178
0.00104213
0.00095145
0.000850733
0.000745345
0.00064046
0.000540538
0.000448966
0.000367911
0.000298378
0.000240419
0.000193419
0.000156397
0.000128787
0.000109144
9.66224e-05
9.09657e-05
9.24953e-05
0.000102417
0.000123403
0.000160676
0.000223949
0.000330722
0.000511536
0.000818193
0.00133677
0.00220856
0.00366419
0.00608029
0.0100751
0.0166708
0.0271262
0.0396383
0.05308
0.0667935
0.0803882
0.0936299
0.106376
0.118538
0.130058
0.140899
0.151036
0.16045
0.169133
0.177081
0.1843
0.190803
0.196611
0.201754
0.206268
0.210197
0.213587
0.21649
0.218957
0.221039
0.222786
0.224242
0.225451
0.22645
0.227273
0.227948
0.228501
0.228954
0.229324
0.22963
0.229891
1.28693e-06
4.21759e-06
7.6482e-06
1.17362e-05
1.66699e-05
2.26738e-05
3.00123e-05
3.8994e-05
4.99742e-05
6.33566e-05
7.95917e-05
9.91734e-05
0.00012263
0.000150514
0.000183378
0.000221755
0.000266124
0.000316866
0.000374218
0.000438216
0.000508626
0.00058488
0.000666002
0.000750546
0.000836552
0.000921524
0.00100246
0.00107594
0.00113828
0.00118584
0.00121521
0.00122373
0.00120999
0.0011732
0.00111476
0.00103747
0.000945475
0.000843834
0.000737959
0.000633015
0.000533406
0.000442431
0.000362154
0.000293484
0.000236394
0.000190213
0.000153939
0.000127155
0.000108095
9.61209e-05
9.10081e-05
9.31273e-05
0.000103764
0.000125722
0.000164458
0.000230088
0.00034081
0.000528333
0.000846411
0.00138436
0.00228887
0.00379962
0.00630856
0.0104602
0.017321
0.0279442
0.040511
0.0539453
0.0676177
0.0811547
0.094332
0.107013
0.119111
0.130573
0.141359
0.151446
0.160814
0.169456
0.177366
0.184551
0.191023
0.196803
0.20192
0.206411
0.210319
0.213691
0.216578
0.21903
0.2211
0.222835
0.224282
0.225483
0.226475
0.227292
0.227963
0.228512
0.228962
0.229329
0.229633
0.229892
1.29977e-06
4.2596e-06
7.72405e-06
1.18518e-05
1.6833e-05
2.28937e-05
3.03005e-05
3.93646e-05
5.04441e-05
6.39456e-05
8.0323e-05
0.000100073
0.000123729
0.000151843
0.000184973
0.000223653
0.00026836
0.000319475
0.00037723
0.000441651
0.000512492
0.000589168
0.000670678
0.000755549
0.000841786
0.000926855
0.00100771
0.00108091
0.00114273
0.00118952
0.00121788
0.00122518
0.0012101
0.00117186
0.00111201
0.00103346
0.000940464
0.000838137
0.000731923
0.000626977
0.000527656
0.000437187
0.000357552
0.000289585
0.000233199
0.000187686
0.000152034
0.000125827
0.00010726
9.57345e-05
9.1063e-05
9.366e-05
0.000104877
0.000127629
0.000167562
0.000235127
0.000349091
0.000542123
0.000869577
0.00142343
0.00235478
0.00391077
0.00649589
0.0107762
0.0178545
0.0285912
0.04119
0.0546112
0.0682468
0.0817356
0.0948607
0.107489
0.119538
0.130953
0.141697
0.151745
0.16108
0.16969
0.177572
0.184732
0.191181
0.196941
0.202039
0.206514
0.210407
0.213766
0.21664
0.219083
0.221143
0.222871
0.224311
0.225506
0.226494
0.227307
0.227974
0.22852
0.228967
0.229332
0.229635
0.229892
1.30859e-06
4.28847e-06
7.77618e-06
1.19314e-05
1.69451e-05
2.30449e-05
3.04989e-05
3.96199e-05
5.07679e-05
6.43516e-05
8.08272e-05
0.000100694
0.000124486
0.00015276
0.000186074
0.000224963
0.000269904
0.000321276
0.000379307
0.000444018
0.000515154
0.000592116
0.000673889
0.000758979
0.000845365
0.000930488
0.00101128
0.00108426
0.0011457
0.00119193
0.00121957
0.00122601
0.00120997
0.00117071
0.00110988
0.00103047
0.000936784
0.000833997
0.00072757
0.000622647
0.000523551
0.000433455
0.000354286
0.000286825
0.000230943
0.000185907
0.000150696
0.00012489
0.000106673
9.5468e-05
9.11117e-05
9.40501e-05
0.000105682
0.000129003
0.000169797
0.000238749
0.000355039
0.000552019
0.000886186
0.00145141
0.00240196
0.00399024
0.00662975
0.0110019
0.0182349
0.0290435
0.0416596
0.0550684
0.0686761
0.0821298
0.0952174
0.107809
0.119823
0.131206
0.141921
0.151942
0.161253
0.169842
0.177706
0.184849
0.191283
0.19703
0.202116
0.20658
0.210463
0.213814
0.216681
0.219116
0.221171
0.222894
0.22433
0.225521
0.226506
0.227316
0.227981
0.228526
0.228971
0.229335
0.229636
0.229893
1.31329e-06
4.30384e-06
7.80395e-06
1.19737e-05
1.70049e-05
2.31256e-05
3.06049e-05
3.97563e-05
5.09411e-05
6.4569e-05
8.10974e-05
0.000101027
0.000124893
0.000153253
0.000186665
0.000225666
0.000270733
0.000322243
0.000380422
0.000445289
0.000516582
0.000593697
0.000675608
0.00076081
0.000847272
0.000932417
0.00101316
0.00108601
0.00114724
0.00119316
0.0012204
0.00122637
0.0012098
0.00116999
0.00110863
0.00102875
0.000934701
0.000831673
0.00072514
0.000620242
0.000521278
0.000431395
0.000352488
0.000285308
0.000229706
0.000184933
0.000149964
0.000124374
0.000106348
9.53202e-05
9.1137e-05
9.42621e-05
0.000106121
0.000129751
0.00017101
0.000240714
0.00035826
0.000557371
0.000895157
0.0014665
0.00242739
0.00403305
0.00670182
0.0111234
0.0184396
0.029284
0.0419075
0.0553083
0.0688999
0.0823341
0.0954011
0.107973
0.119968
0.131333
0.142033
0.152041
0.161339
0.169917
0.177772
0.184906
0.191333
0.197073
0.202154
0.206612
0.210491
0.213837
0.216701
0.219133
0.221185
0.222905
0.224339
0.225529
0.226512
0.227321
0.227984
0.228528
0.228973
0.229336
0.229637
0.229893
1.31383e-06
4.3056e-06
7.80714e-06
1.19787e-05
1.70119e-05
2.31352e-05
3.06176e-05
3.97729e-05
5.09624e-05
6.45961e-05
8.11315e-05
0.000101069
0.000124945
0.000153317
0.000186743
0.000225759
0.000270843
0.000322372
0.000380572
0.000445459
0.000516774
0.000593909
0.000675838
0.000761054
0.000847523
0.000932667
0.0010134
0.00108623
0.00114742
0.00119329
0.00122046
0.00122636
0.00120972
0.00116982
0.00110839
0.00102844
0.000934344
0.000831287
0.000724746
0.000619859
0.000520922
0.000431077
0.000352214
0.000285079
0.000229521
0.000184789
0.000149855
0.000124296
0.000106297
9.52912e-05
9.11285e-05
9.42737e-05
0.000106154
0.000129811
0.000171109
0.000240872
0.000358513
0.000557783
0.000895836
0.00146764
0.00242928
0.00403626
0.00670725
0.0111327
0.0184553
0.0293017
0.0419245
0.0553233
0.0689124
0.0823439
0.0954084
0.107978
0.119971
0.131335
0.142033
0.15204
0.161337
0.169915
0.17777
0.184904
0.191331
0.197071
0.202152
0.206611
0.21049
0.213836
0.2167
0.219132
0.221185
0.222905
0.224339
0.225529
0.226512
0.227321
0.227984
0.228528
0.228973
0.229336
0.229637
0.229893
1.31019e-06
4.29372e-06
7.78572e-06
1.1946e-05
1.6966e-05
2.30734e-05
3.05368e-05
3.96693e-05
5.08314e-05
6.44323e-05
8.09287e-05
0.000100821
0.000124643
0.000152951
0.000186305
0.00022524
0.000270232
0.00032166
0.000379752
0.000444526
0.000515726
0.000592748
0.000674574
0.000759704
0.000846114
0.000931236
0.001012
0.00108491
0.00114624
0.00119233
0.00121977
0.001226
0.00120973
0.00117023
0.00110917
0.00102957
0.000935736
0.000832863
0.00072641
0.00062152
0.000522502
0.000432516
0.000353476
0.000286148
0.000230395
0.000185478
0.000150373
0.000124659
0.000106519
9.53814e-05
9.10853e-05
9.40823e-05
0.000105778
0.000129178
0.000170082
0.000239204
0.000355768
0.000553204
0.000888138
0.00145466
0.00240741
0.00399943
0.00664532
0.0110284
0.0182801
0.0290945
0.0417088
0.0551119
0.0687122
0.0821582
0.0952384
0.107823
0.119832
0.13121
0.141921
0.15194
0.161249
0.169837
0.1777
0.184843
0.191277
0.197024
0.202112
0.206576
0.21046
0.213811
0.216679
0.219115
0.22117
0.222893
0.22433
0.225521
0.226506
0.227316
0.227981
0.228526
0.228971
0.229335
0.229636
0.229893
1.3024e-06
4.26824e-06
7.73974e-06
1.1876e-05
1.68674e-05
2.29406e-05
3.03629e-05
3.9446e-05
5.05488e-05
6.40786e-05
8.04903e-05
0.000100282
0.000123986
0.000152158
0.000185354
0.00022411
0.000268902
0.00032011
0.000377965
0.000442491
0.000513437
0.000590213
0.000671812
0.000756753
0.000843032
0.000928103
0.00100892
0.001082
0.00114366
0.00119021
0.00121826
0.00122521
0.00120974
0.00117111
0.00111089
0.00103203
0.000938786
0.000836313
0.000730054
0.000625155
0.000525958
0.000435665
0.000356237
0.000288486
0.000232308
0.000186988
0.000151508
0.000125452
0.00010701
9.55921e-05
9.10164e-05
9.37058e-05
0.000105022
0.000127897
0.000168001
0.000235827
0.000350212
0.000543944
0.000872575
0.00142842
0.00236316
0.0039249
0.00651986
0.0108171
0.0179241
0.0286709
0.0412671
0.0546794
0.0683034
0.08178
0.0948933
0.107511
0.119551
0.130959
0.141697
0.151741
0.161072
0.169681
0.177562
0.184722
0.191172
0.196932
0.202032
0.206508
0.210402
0.213761
0.216637
0.21908
0.221141
0.22287
0.224311
0.225506
0.226494
0.227307
0.227974
0.228521
0.228967
0.229333
0.229635
0.229892
1.29054e-06
4.22944e-06
7.66973e-06
1.17693e-05
1.67171e-05
2.27383e-05
3.00979e-05
3.91057e-05
5.01179e-05
6.35392e-05
7.98214e-05
9.94596e-05
0.000122984
0.000150946
0.000183901
0.000222383
0.000266868
0.000317739
0.00037523
0.000439372
0.000509928
0.000586322
0.000667569
0.000752213
0.00083828
0.000923261
0.00100414
0.00107748
0.0011396
0.00118684
0.00121581
0.00122385
0.00120961
0.00117228
0.00111333
0.00103561
0.000943277
0.00084143
0.000735482
0.000630591
0.000531139
0.000440396
0.000360393
0.00029201
0.000235198
0.000189273
0.00015323
0.000126651
0.000107757
9.59247e-05
9.09376e-05
9.31767e-05
0.000103941
0.000126053
0.000165002
0.000230956
0.000342199
0.000530585
0.000850117
0.00139053
0.00229924
0.00381718
0.00633844
0.0105113
0.0174088
0.028046
0.04061
0.054033
0.0676903
0.0812114
0.0943733
0.10704
0.119127
0.130579
0.141358
0.151439
0.160804
0.169443
0.177353
0.184537
0.19101
0.196791
0.20191
0.206403
0.210312
0.213686
0.216574
0.219027
0.221098
0.222834
0.224282
0.225483
0.226475
0.227292
0.227963
0.228513
0.228962
0.229329
0.229633
0.229892
1.27479e-06
4.17793e-06
7.57674e-06
1.16276e-05
1.65175e-05
2.24693e-05
2.97457e-05
3.86531e-05
4.95448e-05
6.28216e-05
7.89315e-05
9.83656e-05
0.00012165
0.000149333
0.000181966
0.000220082
0.000264158
0.000314577
0.00037158
0.000435208
0.000505238
0.000581115
0.00066188
0.000746114
0.000831881
0.000916717
0.000997653
0.0010713
0.00113401
0.00118212
0.00121227
0.00122172
0.00120907
0.00117346
0.00111619
0.00103997
0.000948873
0.000847886
0.000742391
0.000637554
0.00053781
0.000446508
0.000365779
0.00029659
0.000238965
0.00019227
0.000155517
0.000128189
0.000108735
9.63785e-05
9.08688e-05
9.25375e-05
0.000102605
0.000123763
0.00016127
0.000224893
0.000332226
0.000513962
0.000822167
0.00134337
0.00221962
0.0036829
0.00611213
0.0101296
0.0167644
0.0272403
0.039751
0.0531805
0.0668767
0.0804529
0.0936766
0.106407
0.118554
0.130064
0.140896
0.151026
0.160437
0.169117
0.177064
0.184283
0.190787
0.196597
0.201742
0.206258
0.210189
0.213581
0.216486
0.218954
0.221037
0.222784
0.224242
0.225451
0.22645
0.227273
0.227948
0.228502
0.228954
0.229324
0.22963
0.229891
1.25536e-06
4.11437e-06
7.46202e-06
1.14527e-05
1.62711e-05
2.21374e-05
2.93109e-05
3.80946e-05
4.88374e-05
6.19358e-05
7.78329e-05
9.70147e-05
0.000120002
0.00014734
0.000179576
0.000217239
0.000260806
0.000310665
0.000367061
0.000430048
0.000499419
0.000574644
0.000654799
0.000738502
0.000823869
0.00090849
0.000989451
0.00106342
0.00112679
0.00117592
0.00120745
0.00121858
0.00120783
0.00117429
0.00111907
0.00104471
0.000955152
0.000855271
0.000750395
0.000645694
0.000545661
0.000453742
0.00037218
0.000302052
0.000243473
0.000195873
0.000158297
0.00013002
0.000109922
9.69524e-05
9.08298e-05
9.18322e-05
0.000101092
0.000121153
0.000157012
0.000217984
0.000320879
0.000495083
0.000790477
0.00128998
0.00212964
0.00353134
0.00585698
0.00969948
0.0160379
0.0262822
0.0387061
0.0521297
0.0658645
0.0795021
0.0927976
0.105602
0.117824
0.129403
0.140301
0.150493
0.159959
0.168691
0.176687
0.18395
0.190495
0.196342
0.201521
0.206068
0.210026
0.213443
0.21637
0.218858
0.220958
0.222719
0.224189
0.225409
0.226417
0.227247
0.227929
0.228487
0.228944
0.229318
0.229627
0.22989
1.23252e-06
4.03965e-06
7.32714e-06
1.12471e-05
1.59814e-05
2.17471e-05
2.87996e-05
3.74377e-05
4.80054e-05
6.08938e-05
7.65405e-05
9.54254e-05
0.000118064
0.000144994
0.000176761
0.00021389
0.000256857
0.000306053
0.000361729
0.000423953
0.000492536
0.000566978
0.00064639
0.000729439
0.000814294
0.000898609
0.000979537
0.00105381
0.00111786
0.0011681
0.00120115
0.00121416
0.00120557
0.0011744
0.00112154
0.00104937
0.000961636
0.000863111
0.000759042
0.000654597
0.000554327
0.000461784
0.000379335
0.000308182
0.000248547
0.000199937
0.000161448
0.000132122
0.000111302
9.7642e-05
9.08315e-05
9.10923e-05
9.94626e-05
0.000118326
0.0001524
0.000210517
0.000308661
0.000474836
0.000756654
0.00123332
0.00203477
0.00337285
0.00559276
0.00925931
0.0153046
0.0252084
0.0374917
0.0508854
0.0646512
0.0783519
0.0917259
0.104615
0.116921
0.128582
0.139558
0.149822
0.159357
0.168153
0.176207
0.183526
0.190121
0.196015
0.201237
0.205824
0.209818
0.213267
0.216222
0.218734
0.220856
0.222636
0.224122
0.225355
0.226375
0.227215
0.227904
0.228469
0.228932
0.229309
0.229622
0.229888
1.20656e-06
3.95471e-06
7.17382e-06
1.10133e-05
1.56522e-05
2.13034e-05
2.82185e-05
3.6691e-05
4.70596e-05
5.97094e-05
7.50712e-05
9.36185e-05
0.00011586
0.000142327
0.000173559
0.000210079
0.000252361
0.000300797
0.000355649
0.000416994
0.000484668
0.000558198
0.000636736
0.000719001
0.000803222
0.000887124
0.000967933
0.00104245
0.00110717
0.00115854
0.00119318
0.0012082
0.00120195
0.00117337
0.00112314
0.00105343
0.000967802
0.000870883
0.000767832
0.000663803
0.000563401
0.000470283
0.00038695
0.000314742
0.000253993
0.000204298
0.000164803
0.000134488
0.00011285
9.84261e-05
9.08644e-05
9.03217e-05
9.7734e-05
0.000115314
0.000147488
0.000202578
0.000295696
0.0004534
0.000720936
0.00117368
0.00193535
0.00320772
0.00531947
0.00880821
0.0145613
0.0240151
0.0361016
0.0494382
0.0632244
0.0769873
0.0904444
0.103425
0.115826
0.12758
0.138646
0.148996
0.158611
0.167484
0.17561
0.182995
0.189654
0.195606
0.200882
0.205517
0.209556
0.213045
0.216035
0.218579
0.220728
0.222532
0.224038
0.225288
0.226322
0.227174
0.227873
0.228447
0.228916
0.229299
0.229616
0.229887
1.17779e-06
3.86061e-06
7.00395e-06
1.07544e-05
1.52873e-05
2.08118e-05
2.75746e-05
3.58637e-05
4.60117e-05
5.8397e-05
7.34433e-05
9.16163e-05
0.000113417
0.000139371
0.00017001
0.000205852
0.000247372
0.000294962
0.000348891
0.000409252
0.0004759
0.000548394
0.000625931
0.00070728
0.000790739
0.000874105
0.000954684
0.00102935
0.00109469
0.00114716
0.00118342
0.00120053
0.0011967
0.00117086
0.00112343
0.00105641
0.000973129
0.000878058
0.000776251
0.000672831
0.000572448
0.000478863
0.000394713
0.000321477
0.000259615
0.000208813
0.000168272
0.000136993
0.000114487
9.92552e-05
9.08968e-05
8.94988e-05
9.58881e-05
0.000112096
0.000142234
0.000194076
0.000281786
0.000430344
0.000682399
0.00110911
0.00182732
0.00302756
0.00502
0.00831131
0.0137367
0.022663
0.0345093
0.0477661
0.0615626
0.0753859
0.0889299
0.10201
0.114515
0.126374
0.137541
0.14799
0.1577
0.166662
0.174874
0.182341
0.189076
0.1951
0.200441
0.205138
0.209232
0.21277
0.215805
0.218388
0.220571
0.222404
0.223934
0.225206
0.226257
0.227124
0.227836
0.228419
0.228896
0.229287
0.229609
0.229885
1.14657e-06
3.75846e-06
6.81955e-06
1.04732e-05
1.48913e-05
2.02782e-05
2.68755e-05
3.49655e-05
4.48741e-05
5.69723e-05
7.16759e-05
8.94424e-05
0.000110765
0.00013616
0.000166154
0.000201259
0.000241947
0.000288613
0.000341532
0.00040081
0.000466325
0.000537668
0.000614078
0.000694382
0.000776944
0.000859639
0.000939857
0.00101456
0.00108039
0.00113388
0.00117168
0.00119085
0.00118948
0.00116646
0.00112199
0.00105781
0.000977106
0.000884119
0.00078379
0.000681201
0.000581034
0.000487144
0.000402301
0.000328127
0.000265208
0.000213331
0.000171758
0.000139517
0.000116136
0.000100077
9.08932e-05
8.85985e-05
9.39035e-05
0.000108646
0.000136598
0.000184936
0.000266786
0.000405376
0.000640457
0.00103845
0.00170846
0.00282831
0.00468719
0.00775664
0.0128122
0.0211338
0.0326958
0.0458482
0.0596432
0.0735232
0.0871562
0.100342
0.11296
0.124934
0.136217
0.146778
0.156598
0.165666
0.17398
0.181544
0.18837
0.19448
0.199903
0.204673
0.208835
0.212434
0.215524
0.218154
0.220379
0.222247
0.223809
0.225106
0.226179
0.227063
0.22779
0.228386
0.228873
0.229272
0.229601
0.229882
1.11323e-06
3.64941e-06
6.6227e-06
1.01731e-05
1.44684e-05
1.97084e-05
2.61291e-05
3.40065e-05
4.36594e-05
5.54509e-05
6.97884e-05
8.71206e-05
0.000107931
0.000132729
0.000162033
0.000196348
0.000236145
0.000281818
0.000333648
0.000391756
0.00045604
0.000526124
0.00060129
0.00068042
0.000761949
0.00084383
0.000923542
0.000998134
0.00106433
0.00111873
0.00115802
0.00117933
0.00118025
0.00116003
0.00111853
0.00105731
0.000979303
0.000888599
0.000789978
0.000688459
0.000588738
0.000494753
0.000409396
0.000334428
0.000270565
0.000217693
0.000175142
0.000141971
0.000117729
0.000100846
9.08269e-05
8.76094e-05
9.17826e-05
0.00010498
0.000130614
0.000175225
0.000250814
0.000378698
0.000595457
0.000962283
0.00157971
0.00261148
0.0043234
0.00714785
0.0117935
0.0194302
0.0306558
0.043672
0.0574477
0.0713766
0.0850977
0.0983938
0.111133
0.123234
0.134645
0.145334
0.15528
0.164471
0.172904
0.180582
0.187518
0.193732
0.199251
0.204111
0.208354
0.212028
0.215183
0.217872
0.220147
0.222059
0.223657
0.224985
0.226085
0.226991
0.227735
0.228346
0.228845
0.229254
0.229591
0.229879
1.07819e-06
3.53477e-06
6.41572e-06
9.85752e-06
1.40237e-05
1.9109e-05
2.53438e-05
3.29973e-05
4.23808e-05
5.38493e-05
6.78012e-05
8.46757e-05
0.000104947
0.000129115
0.00015769
0.000191171
0.000230024
0.000274644
0.000325318
0.000382178
0.000445143
0.000513869
0.000587681
0.000665516
0.000745877
0.000826799
0.000905847
0.000980162
0.00104655
0.00110166
0.00114222
0.00116528
0.00116862
0.00115118
0.00111271
0.00105452
0.000979329
0.000891079
0.000794389
0.000694187
0.00059517
0.000501337
0.000415693
0.000340127
0.000275481
0.000221743
0.000178308
0.000144271
0.000119203
0.000101521
9.068e-05
8.65374e-05
8.95587e-05
0.00010117
0.000124417
0.000165183
0.00023431
0.000351124
0.000548884
0.000883305
0.00144593
0.00238567
0.0039437
0.00651091
0.0107247
0.0176331
0.0284279
0.0412503
0.0549731
0.0689334
0.0827359
0.0961429
0.10901
0.121247
0.1328
0.143632
0.153721
0.163053
0.171624
0.179436
0.186501
0.192837
0.198472
0.203439
0.20778
0.211542
0.214776
0.217534
0.21987
0.221834
0.223477
0.224842
0.225973
0.226905
0.227671
0.228299
0.228812
0.229232
0.229579
0.229876
1.04188e-06
3.41595e-06
6.20113e-06
9.53024e-06
1.35623e-05
1.8487e-05
2.45285e-05
3.19492e-05
4.10526e-05
5.21849e-05
6.57352e-05
8.21329e-05
0.000101842
0.000125353
0.000153167
0.000185777
0.000223642
0.000267159
0.000316619
0.000372163
0.000433733
0.000501013
0.000573369
0.000649794
0.000728859
0.000808677
0.000886904
0.00096077
0.00102717
0.00108283
0.0011245
0.00114924
0.00115474
0.0011398
0.00110437
0.00104922
0.000976932
0.000891215
0.000796642
0.00069801
0.000599968
0.000506566
0.000420899
0.000344975
0.000279755
0.000225326
0.000181155
0.000146361
0.000120463
0.000102051
9.04357e-05
8.53963e-05
8.72804e-05
9.73136e-05
0.000118186
0.00015514
0.000217884
0.000323795
0.000502896
0.000805614
0.00131492
0.00216582
0.0035768
0.0059014
0.00971457
0.01596
0.0261142
0.038629
0.0522365
0.0661953
0.0800641
0.0935776
0.106575
0.118958
0.130664
0.141654
0.151902
0.161394
0.170123
0.17809
0.185305
0.191784
0.197553
0.202645
0.207102
0.210969
0.214296
0.217137
0.219544
0.22157
0.223264
0.224674
0.225841
0.226804
0.227595
0.228243
0.228774
0.229208
0.229566
0.229872
1.00485e-06
3.29479e-06
5.98225e-06
9.19621e-06
1.30912e-05
1.78514e-05
2.36948e-05
3.08765e-05
3.96921e-05
5.04787e-05
6.36157e-05
7.95223e-05
9.86523e-05
0.000121485
0.000148513
0.000180221
0.000217064
0.000259436
0.000307632
0.000361804
0.000421912
0.000487668
0.000558478
0.000633387
0.000711032
0.000789605
0.000866848
0.000940087
0.00100631
0.00106232
0.00110493
0.00113121
0.00113879
0.0011264
0.00109357
0.00104128
0.000971851
0.000888799
0.000796443
0.000699573
0.000602801
0.000510129
0.000424735
0.000348729
0.000283181
0.000228275
0.000183556
0.000148191
0.00012141
0.000102398
9.00837e-05
8.41974e-05
8.49837e-05
9.3482e-05
0.000112046
0.00014531
0.000201907
0.000297356
0.000458616
0.00073115
0.00119001
0.00195755
0.00323215
0.00533525
0.00879009
0.0144572
0.0237467
0.0358314
0.0492556
0.0631752
0.077091
0.0907036
0.103832
0.116366
0.128235
0.139396
0.14982
0.159489
0.168394
0.176536
0.18392
0.190562
0.196486
0.201723
0.206313
0.210301
0.213737
0.216674
0.219164
0.221262
0.223018
0.224479
0.225689
0.226687
0.227507
0.22818
0.22873
0.229179
0.22955
0.229867
9.67826e-07
3.17356e-06
5.76311e-06
8.86151e-06
1.26185e-05
1.7213e-05
2.28562e-05
2.97962e-05
3.83198e-05
4.87553e-05
6.14717e-05
7.68778e-05
9.54164e-05
0.000117556
0.00014378
0.000174564
0.000210357
0.000251552
0.000298445
0.000351199
0.000409789
0.000473954
0.000543138
0.000616436
0.000692546
0.000769734
0.00084583
0.000918248
0.000984072
0.00104018
0.00108347
0.0011111
0.00112076
0.00111036
0.00108
0.00103045
0.000963843
0.000883498
0.000793574
0.00069866
0.000603334
0.000511709
0.000426928
0.000351149
0.000285548
0.000230401
0.000185324
0.000149537
0.000122115
0.000102571
8.9621e-05
8.29439e-05
8.26861e-05
8.97106e-05
0.000106053
0.000135772
0.000186469
0.000271872
0.000415954
0.000659304
0.00106914
0.00175524
0.00289564
0.00477881
0.00787364
0.0129493
0.0212747
0.0328624
0.0460581
0.0599093
0.073854
0.0875561
0.100812
0.113499
0.125537
0.136877
0.147488
0.157348
0.166446
0.174779
0.182351
0.189175
0.195272
0.200672
0.205414
0.209539
0.213099
0.216145
0.218731
0.220911
0.222737
0.224257
0.225516
0.226555
0.227408
0.228107
0.228679
0.229147
0.229532
0.229862
9.31876e-07
3.05581e-06
5.55003e-06
8.53557e-06
1.21575e-05
1.65888e-05
2.20345e-05
2.87349e-05
3.69683e-05
4.70532e-05
5.93488e-05
7.42524e-05
9.21958e-05
0.000113637
0.000139047
0.000168894
0.000203621
0.000243617
0.00028918
0.00034048
0.000397509
0.000460029
0.00052752
0.000599122
0.000673592
0.000749267
0.000824053
0.000895453
0.000960633
0.00101655
0.00106016
0.00108862
0.00109959
0.00109176
0.00106353
0.00101656
0.000952728
0.000875127
0.000787745
0.00069505
0.000601513
0.000511145
0.000427215
0.000351989
0.000286655
0.000231544
0.000186331
0.000150283
0.000122496
0.000102515
8.90185e-05
8.1633e-05
8.04126e-05
8.60576e-05
0.000100309
0.000126688
0.000171829
0.000247754
0.000375558
0.000591085
0.000953842
0.00156104
0.00257026
0.00423622
0.00697137
0.0114484
0.0187738
0.0298148
0.0427421
0.0564947
0.0704466
0.0842233
0.0975977
0.110431
0.122637
0.134159
0.144961
0.155019
0.164319
0.172854
0.180626
0.187645
0.19393
0.199508
0.204415
0.208692
0.212388
0.215556
0.218248
0.22052
0.222424
0.22401
0.225324
0.226407
0.227298
0.228027
0.228624
0.229111
0.229512
0.229856
8.98386e-07
2.946e-06
5.35098e-06
8.23036e-06
1.17244e-05
1.60005e-05
2.12569e-05
2.77261e-05
3.5678e-05
4.54212e-05
5.73041e-05
7.1713e-05
8.9068e-05
0.000109815
0.000134415
0.000163327
0.000196987
0.000235778
0.000280002
0.000329833
0.000385277
0.00044612
0.000511871
0.000581715
0.000654461
0.00072851
0.000801843
0.000872041
0.000936347
0.000991792
0.00103537
0.00106427
0.00107609
0.00106933
0.00104381
0.000999548
0.000938482
0.000863629
0.000778859
0.000688525
0.000597012
0.000508299
0.00042561
0.000351206
0.000286385
0.000231556
0.000186451
0.000150365
0.000122414
0.000102161
8.82535e-05
8.02817e-05
7.82252e-05
8.26443e-05
9.5024e-05
0.000118415
0.000158596
0.00022608
0.000339389
0.000530117
0.000850855
0.0013876
0.0022797
0.00375203
0.00616755
0.0101151
0.0165584
0.0269271
0.0395096
0.0531136
0.0670379
0.0808632
0.0943358
0.107301
0.119661
0.131355
0.142342
0.152594
0.162093
0.170831
0.178806
0.186025
0.192504
0.198267
0.203347
0.207784
0.211626
0.214923
0.217729
0.220099
0.222088
0.223744
0.225117
0.22625
0.22718
0.227942
0.228565
0.229073
0.229491
0.22985
8.69557e-07
2.85135e-06
5.17895e-06
7.96553e-06
1.13467e-05
1.54842e-05
2.05699e-05
2.68287e-05
3.45216e-05
4.39476e-05
5.54441e-05
6.93861e-05
8.61814e-05
0.000106264
0.000130084
0.000158091
0.000190711
0.000228325
0.000271233
0.000319616
0.000373489
0.000432658
0.000496661
0.00056472
0.000635692
0.000708036
0.000779801
0.000848637
0.000911865
0.000966574
0.0010098
0.00103874
0.00105088
0.00104553
0.00102201
0.000980089
0.00092157
0.000849345
0.000767162
0.00067926
0.000589931
0.000503089
0.000421929
0.000348722
0.000284778
0.000230544
0.000185792
0.000149868
0.00012192
0.000101539
8.73614e-05
7.89511e-05
7.62286e-05
7.96437e-05
9.04773e-05
0.000111404
0.00014752
0.000208128
0.000309692
0.000480432
0.000767509
0.00124832
0.00204862
0.00337189
0.00554747
0.00911129
0.0149447
0.0244745
0.0366241
0.0500252
0.0638823
0.0777236
0.0912651
0.104334
0.116824
0.128666
0.139815
0.15024
0.159921
0.168847
0.177012
0.18442
0.191085
0.197026
0.202276
0.20687
0.210856
0.214282
0.217202
0.219672
0.221745
0.223474
0.224907
0.226089
0.227061
0.227856
0.228505
0.229035
0.229471
0.229844
8.47748e-07
2.77954e-06
5.04775e-06
7.76204e-06
1.10538e-05
1.50798e-05
2.00258e-05
2.61097e-05
3.35844e-05
4.27396e-05
5.39028e-05
6.74374e-05
8.37399e-05
0.000103233
0.000126354
0.000153542
0.000185217
0.000221752
0.000263446
0.000310482
0.000362884
0.000420473
0.00048281
0.000549149
0.00061839
0.000689041
0.000759211
0.000826621
0.000888663
0.000942511
0.000985294
0.0010143
0.00102715
0.00102294
0.00100032
0.000959926
0.00090337
0.000833379
0.00075355
0.000667984
0.000580857
0.000495998
0.000416544
0.000344744
0.000281909
0.000228504
0.000184338
0.000148788
0.000121034
0.000100701
8.64212e-05
7.77491e-05
7.4572e-05
7.72666e-05
8.69717e-05
0.000106096
0.000139251
0.000194872
0.00028794
0.000444237
0.000706993
0.00114736
0.00188121
0.00309631
0.0050969
0.00837812
0.0137538
0.0225589
0.0343201
0.0475264
0.0613042
0.0751373
0.0887163
0.101854
0.114434
0.126384
0.137655
0.148214
0.158038
0.167114
0.175435
0.183001
0.189823
0.195919
0.201315
0.206049
0.210162
0.213704
0.216727
0.219286
0.221437
0.223231
0.224719
0.225946
0.226954
0.227779
0.228453
0.229002
0.229452
0.229838
8.36451e-07
2.74205e-06
4.97826e-06
7.65218e-06
1.08922e-05
1.48517e-05
1.9712e-05
2.56861e-05
3.30207e-05
4.19987e-05
5.29395e-05
6.61979e-05
8.21608e-05
0.000101241
0.000123865
0.000150463
0.000181444
0.000217175
0.000257948
0.000303946
0.000355194
0.000411522
0.000472504
0.000537416
0.000605189
0.000674372
0.000743122
0.000809224
0.000870146
0.000923155
0.000965502
0.000994657
0.00100858
0.00100485
0.000982322
0.000942705
0.000887425
0.000819059
0.000741063
0.000657405
0.000572148
0.000489025
0.000411109
0.000340613
0.000278836
0.000226255
0.000182702
0.000147584
0.000120111
9.99355e-05
8.56794e-05
7.69112e-05
7.35101e-05
7.58193e-05
8.49046e-05
0.000103034
0.000134554
0.000187434
0.000275841
0.000424202
0.00067355
0.0010915
0.00178824
0.00294236
0.00484314
0.007961
0.0130679
0.0214353
0.0329556
0.0460348
0.0597539
0.0735705
0.0871605
0.100328
0.112952
0.124957
0.136292
0.146925
0.156831
0.165994
0.174407
0.182069
0.188988
0.19518
0.20067
0.205494
0.209691
0.213309
0.216401
0.219021
0.221224
0.223063
0.224588
0.225846
0.22688
0.227725
0.228416
0.228978
0.22944
0.229835
)
;

boundaryField
{
    fuel
    {
        type            fixedValue;
        value           uniform 0;
    }
    air
    {
        type            fixedValue;
        value           uniform 0.23;
    }
    outlet
    {
        type            inletOutlet;
        inletValue      uniform 0;
        value           nonuniform List<scalar> 
200
(
8.27682e-07
2.71329e-06
4.92599e-06
7.57175e-06
1.07776e-05
1.46952e-05
1.95041e-05
2.54149e-05
3.26719e-05
4.15553e-05
5.23813e-05
6.55016e-05
8.12997e-05
0.000100185
0.000122581
0.000148916
0.000179596
0.00021499
0.000255389
0.00030098
0.000351795
0.000407672
0.000468199
0.000532668
0.000600029
0.000668856
0.000737333
0.00080327
0.000864161
0.000917292
0.000959925
0.000989534
0.00100407
0.00100109
0.000979402
0.000940659
0.000886225
0.000818623
0.000741264
0.000658088
0.000573147
0.000490185
0.0004123
0.000341738
0.000279833
0.000227094
0.000183375
0.000148099
0.000120485
0.000100188
8.58287e-05
7.69726e-05
7.34928e-05
7.57256e-05
8.47277e-05
0.000102754
0.00013413
0.00018679
0.000274839
0.000422596
0.000670903
0.00108704
0.0017806
0.00292917
0.00482028
0.00792123
0.0129985
0.0213149
0.0328145
0.0458891
0.059612
0.0734365
0.0870356
0.100212
0.112844
0.124856
0.136198
0.146835
0.156745
0.165912
0.174329
0.181994
0.188916
0.195112
0.200607
0.205435
0.209637
0.213261
0.216358
0.218984
0.221192
0.223035
0.224565
0.225828
0.226866
0.227715
0.228408
0.228973
0.229437
0.229834
8.36451e-07
2.74205e-06
4.97826e-06
7.65218e-06
1.08922e-05
1.48517e-05
1.9712e-05
2.56861e-05
3.30207e-05
4.19987e-05
5.29395e-05
6.61979e-05
8.21608e-05
0.000101241
0.000123865
0.000150463
0.000181444
0.000217175
0.000257948
0.000303946
0.000355194
0.000411522
0.000472504
0.000537416
0.000605189
0.000674372
0.000743122
0.000809224
0.000870146
0.000923155
0.000965502
0.000994657
0.00100858
0.00100485
0.000982322
0.000942705
0.000887425
0.000819059
0.000741063
0.000657405
0.000572148
0.000489025
0.000411109
0.000340613
0.000278836
0.000226255
0.000182702
0.000147584
0.000120111
9.99355e-05
8.56794e-05
7.69112e-05
7.35101e-05
7.58193e-05
8.49046e-05
0.000103034
0.000134554
0.000187434
0.000275841
0.000424202
0.00067355
0.0010915
0.00178824
0.00294236
0.00484314
0.007961
0.0130679
0.0214353
0.0329556
0.0460348
0.0597539
0.0735705
0.0871605
0.100328
0.112952
0.124957
0.136292
0.146925
0.156831
0.165994
0.174407
0.182069
0.188988
0.19518
0.20067
0.205494
0.209691
0.213309
0.216401
0.219021
0.221224
0.223063
0.224588
0.225846
0.22688
0.227725
0.228416
0.228978
0.22944
0.229835
)
;
    }
    frontAndBack
    {
        type            empty;
    }
}


// ************************************************************************* //
