/*--------------------------------*- C++ -*----------------------------------*\
| =========                 |                                                 |
| \\      /  F ield         | OpenFOAM: The Open Source CFD Toolbox           |
|  \\    /   O peration     | Version:  2312                                  |
|   \\  /    A nd           | Website:  www.openfoam.com                      |
|    \\/     M anipulation  |                                                 |
\*---------------------------------------------------------------------------*/
FoamFile
{
    version     2.0;
    format      ascii;
    arch        "LSB;label=64;scalar=64";
    class       volScalarField;
    location    "500";
    object      rDeltaT;
}
// * * * * * * * * * * * * * * * * * * * * * * * * * * * * * * * * * * * * * //

dimensions      [0 0 -1 0 0 0 0];

internalField   nonuniform List<scalar> 
100
(
18145.3
18598.9
19063.9
19540.5
20029
20529.7
21043
21569.1
22108.3
22661
23227.5
23808.2
24403.4
25013.5
25638.8
26279.8
26936.8
27610.2
28300.5
29008
29733.2
30476.5
31238.4
32019.4
32819.9
33640.4
34481.4
35343.4
36227
37132.7
38061
39012.5
39987.8
40987.5
42012.2
43062.5
44139.1
45242.6
46373.6
47533
48721.3
49939.3
51187.8
52467.5
53779.2
55123.7
56501.8
57914.3
59362.2
60846.2
62367.4
63926.6
65524.7
67162.8
69225.8
70952.5
72467.6
73816.5
75030.2
76132.9
77143.2
78075.6
78941.3
79749.2
80506.8
81220.1
81894
82532.9
83140.1
83718.5
84272.1
84798
85312.7
85783.4
86279.5
86706.7
87099.5
88196.4
86045.2
83946.6
81899.1
79901.6
77952.7
76051.5
74196.5
72386.9
70621.3
68898.9
67218.4
65578.9
63979.4
62419
60896.6
59411.3
57962.2
56548.5
55169.3
53823.7
52510.9
51230.2
)
;

boundaryField
{
    inlet
    {
        type            extrapolatedCalculated;
        value           uniform 18145.3;
    }
    outlet
    {
        type            extrapolatedCalculated;
        value           uniform 51230.2;
    }
    upperWall
    {
        type            extrapolatedCalculated;
        value           nonuniform List<scalar> 
100
(
18145.3
18598.9
19063.9
19540.5
20029
20529.7
21043
21569.1
22108.3
22661
23227.5
23808.2
24403.4
25013.5
25638.8
26279.8
26936.8
27610.2
28300.5
29008
29733.2
30476.5
31238.4
32019.4
32819.9
33640.4
34481.4
35343.4
36227
37132.7
38061
39012.5
39987.8
40987.5
42012.2
43062.5
44139.1
45242.6
46373.6
47533
48721.3
49939.3
51187.8
52467.5
53779.2
55123.7
56501.8
57914.3
59362.2
60846.2
62367.4
63926.6
65524.7
67162.8
69225.8
70952.5
72467.6
73816.5
75030.2
76132.9
77143.2
78075.6
78941.3
79749.2
80506.8
81220.1
81894
82532.9
83140.1
83718.5
84272.1
84798
85312.7
85783.4
86279.5
86706.7
87099.5
88196.4
86045.2
83946.6
81899.1
79901.6
77952.7
76051.5
74196.5
72386.9
70621.3
68898.9
67218.4
65578.9
63979.4
62419
60896.6
59411.3
57962.2
56548.5
55169.3
53823.7
52510.9
51230.2
)
;
    }
    lowerWall
    {
        type            extrapolatedCalculated;
        value           nonuniform List<scalar> 
100
(
18145.3
18598.9
19063.9
19540.5
20029
20529.7
21043
21569.1
22108.3
22661
23227.5
23808.2
24403.4
25013.5
25638.8
26279.8
26936.8
27610.2
28300.5
29008
29733.2
30476.5
31238.4
32019.4
32819.9
33640.4
34481.4
35343.4
36227
37132.7
38061
39012.5
39987.8
40987.5
42012.2
43062.5
44139.1
45242.6
46373.6
47533
48721.3
49939.3
51187.8
52467.5
53779.2
55123.7
56501.8
57914.3
59362.2
60846.2
62367.4
63926.6
65524.7
67162.8
69225.8
70952.5
72467.6
73816.5
75030.2
76132.9
77143.2
78075.6
78941.3
79749.2
80506.8
81220.1
81894
82532.9
83140.1
83718.5
84272.1
84798
85312.7
85783.4
86279.5
86706.7
87099.5
88196.4
86045.2
83946.6
81899.1
79901.6
77952.7
76051.5
74196.5
72386.9
70621.3
68898.9
67218.4
65578.9
63979.4
62419
60896.6
59411.3
57962.2
56548.5
55169.3
53823.7
52510.9
51230.2
)
;
    }
    frontAndBack
    {
        type            empty;
    }
}


// ************************************************************************* //
