/*--------------------------------*- C++ -*----------------------------------*\
| =========                 |                                                 |
| \\      /  F ield         | OpenFOAM: The Open Source CFD Toolbox           |
|  \\    /   O peration     | Version:  2312                                  |
|   \\  /    A nd           | Website:  www.openfoam.com                      |
|    \\/     M anipulation  |                                                 |
\*---------------------------------------------------------------------------*/
FoamFile
{
    version     2.0;
    format      ascii;
    arch        "LSB;label=64;scalar=64";
    class       volVectorField;
    location    "0.35";
    object      U;
}
// * * * * * * * * * * * * * * * * * * * * * * * * * * * * * * * * * * * * * //

dimensions      [0 1 -1 0 0 0 0];

internalField   nonuniform List<vector> 
150
(
(5.70725e-05 0 0)
(0.000159664 0 0)
(0.00024386 0 0)
(0.000331961 0 0)
(0.000424824 0 0)
(0.000516375 0 0)
(0.000608661 0 0)
(0.000699508 0 0)
(0.000791583 0 0)
(0.000881688 0 0)
(0.00097297 0 0)
(0.00106183 0 0)
(0.00115233 0 0)
(0.00123951 0 0)
(0.00132908 0 0)
(0.00141426 0 0)
(0.00150277 0 0)
(0.00158564 0 0)
(0.00167296 0 0)
(0.00175321 0 0)
(0.00183923 0 0)
(0.0019166 0 0)
(0.00200114 0 0)
(0.00207544 0 0)
(0.00215826 0 0)
(0.00222938 0 0)
(0.00231021 0 0)
(0.002378 0 0)
(0.0024567 0 0)
(0.00252088 0 0)
(0.00259741 0 0)
(0.00265776 0 0)
(0.00273196 0 0)
(0.00278836 0 0)
(0.00285998 0 0)
(0.00291247 0 0)
(0.00298116 0 0)
(0.00302983 0 0)
(0.0030952 0 0)
(0.00314023 0 0)
(0.00320188 0 0)
(0.00324344 0 0)
(0.00330096 0 0)
(0.00333921 0 0)
(0.00339225 0 0)
(0.00342732 0 0)
(0.00347565 0 0)
(0.00350761 0 0)
(0.00355105 0 0)
(0.00357992 0 0)
(0.00361839 0 0)
(0.00364415 0 0)
(0.00367765 0 0)
(0.00370008 0 0)
(0.00372848 0 0)
(0.00374857 0 0)
(0.00377249 0 0)
(0.00378756 0 0)
(0.00380805 0 0)
(0.00381761 0 0)
(0.00383581 0 0)
(0.00383969 0 0)
(0.00385544 0 0)
(0.00385418 0 0)
(0.0038669 0 0)
(0.00386121 0 0)
(0.00387029 0 0)
(0.00386069 0 0)
(0.00386587 0 0)
(0.00385271 0 0)
(0.00385386 0 0)
(0.0038374 0 0)
(0.00383443 0 0)
(0.00381494 0 0)
(0.00380782 0 0)
(0.00378555 0 0)
(0.00377427 0 0)
(0.00374941 0 0)
(0.00373405 0 0)
(0.00370673 0 0)
(0.00368743 0 0)
(0.00365775 0 0)
(0.00363469 0 0)
(0.00360271 0 0)
(0.00357612 0 0)
(0.00354188 0 0)
(0.00351199 0 0)
(0.00347552 0 0)
(0.00344257 0 0)
(0.00340393 0 0)
(0.00336816 0 0)
(0.00332741 0 0)
(0.00328902 0 0)
(0.00324624 0 0)
(0.00320551 0 0)
(0.00316081 0 0)
(0.00311787 0 0)
(0.00307131 0 0)
(0.00302636 0 0)
(0.00297804 0 0)
(0.0029312 0 0)
(0.00288127 0 0)
(0.00283264 0 0)
(0.00278127 0 0)
(0.00273097 0 0)
(0.00267829 0 0)
(0.00262643 0 0)
(0.00257255 0 0)
(0.00251926 0 0)
(0.00246431 0 0)
(0.0024097 0 0)
(0.00235377 0 0)
(0.00229797 0 0)
(0.00224115 0 0)
(0.00218428 0 0)
(0.00212664 0 0)
(0.00206883 0 0)
(0.00201043 0 0)
(0.00195181 0 0)
(0.00189271 0 0)
(0.00183338 0 0)
(0.00177364 0 0)
(0.0017137 0 0)
(0.00165339 0 0)
(0.00159292 0 0)
(0.0015321 0 0)
(0.00147116 0 0)
(0.0014099 0 0)
(0.00134857 0 0)
(0.00128693 0 0)
(0.00122524 0 0)
(0.00116328 0 0)
(0.00110129 0 0)
(0.00103907 0 0)
(0.000976818 0 0)
(0.000914403 0 0)
(0.000851921 0 0)
(0.00078936 0 0)
(0.000726698 0 0)
(0.000664022 0 0)
(0.000601275 0 0)
(0.000538516 0 0)
(0.000475704 0 0)
(0.000413053 0 0)
(0.000350316 0 0)
(0.000287961 0 0)
(0.000224545 0 0)
(0.000165616 0 0)
(0.000107426 0 0)
(3.90149e-05 0 0)
)
;

boundaryField
{
    leftAndRight
    {
        type            fixedValue;
        value           uniform (0 0 0);
    }
    frontAndBack
    {
        type            empty;
    }
    topAndBottom
    {
        type            empty;
    }
}


// ************************************************************************* //
