# Pressure coeff. along the side walls, separated into wall parts
# file name : pressure-tab.dat

# X : Coordinate along the inside wall
#     whose origin is at the beginning of the bend
#     normalized by duct width
# Cp : (P-Po)/(dynamic pressure of the free steam at station U1)
#      where Po is pressure on the inside wall
#      at the beginning of the bend (X=0,Y=0,Z=3)

#   Upstream (straight)         90 deg. bend            Downstream (straight)
#  Inside       Outside      Convex       Concave       Inside        Outside
# X    Cp      X     Cp     X     Cp     X     Cp      X     Cp      X     Cp
-7.09 0.169  -7.09  0.185  0.13 -0.062  0.06  0.241   4.78 -0.089   4.71  0.189
-6.34 0.141  -6.34  0.149  0.25 -0.105  0.12  0.249   4.88 -0.070   4.82  0.153
-5.59 0.117  -5.59  0.125  0.38 -0.145  0.21  0.265   5.00 -0.046   4.95  0.129
-4.84 0.106  -4.84  0.110  0.50 -0.189  0.31  0.274   5.13 -0.034   5.07  0.117
-4.09 0.094  -4.09  0.102  0.63 -0.229  0.40  0.285   5.25 -0.018   5.20  0.098
-3.34 0.086  -3.34  0.094  0.75 -0.253  0.49  0.297   5.38 -0.006   5.32  0.078
-2.59 0.082  -2.59  0.090  0.88 -0.265  0.59  0.304   5.50 -0.006   5.45  0.066
-1.84 0.074  -1.84  0.094  1.00 -0.277  0.68  0.312   5.63 -0.006   5.57  0.046
-1.22 0.082  -1.22  0.106  1.38 -0.221  0.78  0.301   5.75 -0.010   5.70  0.026
-1.13 0.078  -1.12  0.102  1.75 -0.209  0.87  0.309   5.88 -0.010   5.82  0.010
-1.00 0.074  -0.99  0.110  2.13 -0.265  0.96  0.312   5.97 -0.010   5.95 -0.002
-0.88 0.074  -0.87  0.102  2.50 -0.269  1.06  0.305   6.59 -0.006   6.57 -0.010
-0.75 0.078  -0.74  0.114  2.88 -0.249  1.15  0.312   7.34 -0.022   7.32 -0.018
-0.63 0.078  -0.62  0.121  3.25 -0.241  1.24  0.312   8.09 -0.038   8.07 -0.034
-0.50 0.070  -0.49  0.133  3.63 -0.261  1.34  0.301   8.84 -0.050   8.82 -0.042
-0.38 0.066  -0.37  0.145  4.00 -0.241  1.43  0.309   9.59 -0.058   9.57 -0.062
-0.25 0.050  -0.24  0.169  4.13 -0.229  1.53  0.285  10.34 -0.070  10.32 -0.062
-0.13 0.034  -0.12  0.201  4.25 -0.201  1.71  0.289  11.09 -0.078  11.07 -0.074
-0.03 0.002  -0.03  0.217  4.38 -0.173  1.81  0.309  11.84 -0.082  11.82 -0.078
                           4.50 -0.153  1.90  0.309  12.59 -0.089  12.57 -0.058
                           4.59 -0.129  1.99  0.309  13.34 -0.129  13.32 -0.097
                           4.66 -0.109  2.09  0.309  14.09 -0.105  14.07 -0.100
                                        2.18  0.310  14.84 -0.109  14.82 -0.101
                                        2.28  0.312  15.59 -0.113  15.57 -0.112
                                        2.37  0.305  16.34 -0.113  16.32 -0.125
                                        2.46  0.301  17.09 -0.121  17.07 -0.113
                                        2.56  0.301  17.84 -0.093  17.82 -0.118
                                        2.65  0.301  18.59 -0.117  18.57 -0.125
                                        2.74  0.285  19.34 -0.129  19.32 -0.145
                                        2.84  0.297  20.09 -0.145  20.07 -0.137
                                        2.93  0.281  20.84 -0.149  20.82 -0.141
                                        3.03  0.293  21.59 -0.157  21.57 -0.150
                                        3.12  0.285  22.34 -0.161  22.32 -0.157
                                        3.31  0.293  23.09 -0.173  23.07 -0.165
                                        3.40  0.301  23.84 -0.169  23.82 -0.172
                                        3.49  0.297  24.59 -0.185  24.57 -0.181
                                        3.59  0.301  25.34 -0.189  25.32 -0.193
                                        3.68  0.301  26.09 -0.193  26.07 -0.193
                                        3.78  0.297  26.87 -0.197  26.82 -0.193
                                        3.87  0.297
                                        3.96  0.285
                                        4.06  0.285
                                        4.15  0.281
                                        4.24  0.281
                                        4.34  0.249
                                        4.43  0.257
                                        4.53  0.205
                                        4.62  0.193
