/*--------------------------------*- C++ -*----------------------------------*\
| =========                 |                                                 |
| \\      /  F ield         | OpenFOAM: The Open Source CFD Toolbox           |
|  \\    /   O peration     | Version:  2312                                  |
|   \\  /    A nd           | Website:  www.openfoam.com                      |
|    \\/     M anipulation  |                                                 |
\*---------------------------------------------------------------------------*/
FoamFile
{
    version     2.0;
    format      ascii;
    arch        "LSB;label=64;scalar=64";
    class       volScalarField;
    location    "0.0085";
    object      p;
}
// * * * * * * * * * * * * * * * * * * * * * * * * * * * * * * * * * * * * * //

dimensions      [1 -1 -2 0 0 0 0];

internalField   nonuniform List<scalar> 
8475
(
101350
101350
101350
101350
101350
101350
101350
101350
101350
101350
101350
101350
101350
101350
101350
101350
101350
101350
101350
101350
101350
101350
101350
101350
101350
101350
101350
101350
101350
101350
101350
101350
101350
101350
101350
101350
101358
101872
101350
101350
101350
101350
101350
101350
101350
101350
101350
101350
101350
101350
101350
101350
101350
101350
101350
101350
101350
101350
101350
101350
101350
101350
101350
101350
101350
101350
101350
101350
101350
101350
101350
101350
101350
101350
101354
101486
101350
101350
101350
101350
101350
101350
101350
101350
101350
101350
101350
101350
101350
101350
101350
101350
101350
101350
101350
101350
101350
101350
101350
101350
101350
101350
101350
101350
101350
101350
101350
101350
101350
101350
101350
101350
101351
101369
101350
101350
101350
101350
101350
101350
101350
101350
101350
101350
101350
101350
101350
101350
101350
101350
101350
101350
101350
101350
101350
101350
101350
101350
101350
101350
101350
101350
101350
101350
101350
101350
101350
101350
101350
101350
101350
101352
101350
101350
101350
101350
101350
101350
101350
101350
101350
101350
101350
101350
101350
101350
101350
101350
101350
101350
101350
101350
101350
101350
101350
101350
101350
101350
101350
101350
101350
101350
101350
101350
101350
101350
101350
101350
101350
101350
101350
101350
101350
101350
101350
101350
101350
101350
101350
101350
101350
101350
101350
101350
101350
101350
101350
101350
101350
101350
101350
101350
101350
101350
101350
101350
101350
101350
101350
101350
101350
101350
101350
101350
101350
101350
101350
101350
101350
101350
101350
101350
101350
101350
101350
101350
101350
101350
101350
101350
101350
101350
101350
101350
101350
101350
101350
101350
101350
101350
101350
101350
101350
101350
101350
101350
101350
101350
101350
101350
101350
101350
101350
101350
101350
101350
101350
101350
101350
101350
101350
101350
101350
101350
101350
101350
101350
101350
101350
101350
101350
101350
101350
101350
101350
101350
101350
101350
101350
101350
101350
101350
101350
101350
101350
101350
101350
101350
101350
101350
101350
101350
101350
101350
101350
101350
101350
101350
101350
101350
101350
101350
101350
101350
101350
101350
101350
101350
101350
101350
101350
101350
101350
101350
101350
101350
101350
101350
101350
101350
101350
101350
101350
101350
101350
101350
101350
101350
101350
101350
101350
101350
101350
101350
101350
101350
101350
101350
101350
101350
101350
101350
101350
101350
101350
101350
101350
101350
101350
101350
101350
101350
101350
101350
101350
101350
101350
101350
101350
101350
101350
101350
101350
101350
101350
101350
101350
101350
101350
101350
101350
101350
101350
101350
101350
101350
101350
101350
101350
101350
101350
101350
101350
101350
101350
101350
101350
101350
101350
101350
101350
101350
101350
101350
101350
101350
101350
101350
101350
101350
101350
101350
101350
101350
101350
101350
101350
101350
101350
101350
101350
101350
101350
101350
101350
101350
101350
101350
101350
101350
101350
101350
101350
101350
101350
101350
101350
101350
101350
101350
101350
101350
101350
101350
101350
101350
101350
101350
101350
101350
101350
101350
101350
101350
101350
101350
101350
101350
101350
101350
101350
101350
101350
101350
101350
101350
101350
101350
101350
101350
101350
101350
101350
101350
101350
101350
101350
101350
101350
101350
101350
101350
101350
101350
101350
101350
101350
101350
101350
101350
101350
101350
101350
101350
101350
101350
101350
101350
101350
101350
101350
101350
101350
101350
101350
101350
101350
101350
101350
101350
101350
101350
101350
101350
101350
101350
101350
101350
101350
101350
101350
101350
101350
101350
101350
101350
101350
101350
101350
101350
101350
101350
101350
101350
101350
101350
101350
101350
101350
101350
101350
101350
101350
101350
101350
101350
101350
101350
101350
101350
101350
101350
101350
101350
101350
101350
101350
101350
101350
101350
101350
101350
101350
101350
101350
101350
101350
101350
101350
101350
101350
101350
101350
101350
101350
101350
101350
101350
101350
101350
101350
101350
101350
101350
101350
101350
101350
101350
101350
101350
101350
101350
101350
101350
101350
101350
101350
101350
101350
101350
101350
101350
101350
101350
101350
101350
101350
101350
101350
101350
101350
101350
101350
101350
101350
101350
101350
101350
101350
101350
101350
101350
101350
101350
101350
101350
101350
101350
101350
101350
101350
101350
101350
101350
101350
101350
101350
101350
101350
101350
101350
101350
101350
101350
101350
101350
101350
101350
101350
101350
101350
101350
101350
101350
101350
101350
101350
101350
101350
101350
101350
101350
101350
101350
101350
101350
101350
101350
101350
101350
101350
101350
101350
101350
101350
101350
101350
101350
101350
101350
101350
101350
101350
101350
101350
101350
101350
101350
101350
101350
101350
101350
101350
101350
101350
101350
101350
101350
101350
101350
101350
101350
101350
101350
101350
101350
101350
101350
101350
101350
101350
101350
101350
101350
101350
101350
101350
101350
101350
101350
101350
101350
101350
101350
101350
101350
101350
101350
101350
101350
101350
101350
101350
101350
101350
101350
101350
101350
101350
101350
101350
101350
101350
101350
101350
101350
101350
101350
101350
101350
101350
101350
101350
101350
101350
101350
101350
101350
101350
101350
101350
101350
101350
101350
101350
101350
101350
101350
101350
101350
101350
101350
101350
101350
101350
101350
101350
101350
101350
101350
101350
101350
101350
101350
101350
101350
101350
101350
101350
101350
101350
101350
101350
101350
101350
101350
101350
101350
101350
101350
101350
101350
101350
101350
101350
101350
101350
101350
101350
101350
101350
101350
101350
101350
101350
101350
101350
101350
101350
101350
101350
101350
101350
101350
101350
101350
101350
101350
101350
101350
101350
101350
101350
101350
101350
101350
101350
101350
101350
101350
101350
101350
101350
101350
101350
101350
101350
101350
101350
101350
101350
101350
101350
101350
101350
101350
101350
101350
101350
101350
101350
101350
101350
101350
101350
101350
101350
101350
101350
101350
101350
101350
101350
101350
101350
101350
101350
101350
101350
101350
101350
101350
101350
101350
101350
101350
101350
101350
101350
101350
101350
101350
101350
101350
101350
101350
101350
101350
101350
101350
101350
101350
101350
101350
101350
101350
101350
101350
101350
101350
101350
101350
101350
101350
101350
101350
101350
101350
101350
101350
101350
101350
101350
101350
101350
101350
101350
101350
101350
101350
101350
101350
101350
101350
101350
101350
101350
101350
101350
101350
101350
101350
101350
101350
101350
101350
101350
101350
101350
101350
101350
101350
101350
101350
101350
101350
101350
101350
101350
101350
101350
101350
101350
101350
101350
101350
101350
101350
101350
101350
101350
101350
101350
101350
101350
101350
101350
101350
101350
101350
101350
101350
101350
101350
101350
101350
101350
101350
101350
101350
101350
101350
101350
101350
101350
101350
101350
101350
101350
101350
101350
101350
101350
101350
101350
101350
101350
101350
101350
101350
101350
101350
101350
101350
101350
101350
101350
101350
101350
101350
101350
101350
101350
101350
101350
101350
101350
101350
101350
101350
101350
101350
101350
101350
101350
101350
101350
101350
101350
101350
101350
101350
101350
101350
101350
101350
101350
101350
101350
101350
101350
101350
101350
101350
101350
101350
101350
101350
101350
101350
101350
101350
101350
101350
101350
101350
101350
101350
101350
101350
101350
101350
101350
101350
101350
101350
101350
101350
101350
101350
101350
101350
101350
101350
101350
101350
101350
101350
101350
101350
101350
101350
101350
101350
101350
101350
101350
101350
101350
101350
101350
101350
101350
101350
101350
101350
101350
101350
101350
101350
101350
101350
101350
101350
101350
101350
101350
101350
101350
101350
101350
101350
101350
101350
101350
101350
101350
101350
101350
101350
101350
101350
101350
101350
101350
101350
101350
101350
101350
101350
101350
101350
101350
101350
101350
101350
101350
101350
101350
101350
101350
101350
101350
101350
101350
101350
101350
101350
101350
101350
101350
101350
101350
101350
101350
101350
101350
101350
101350
101350
101350
101350
101350
101350
101350
101350
101350
101350
101350
101350
101350
101350
101350
101350
101350
101350
101350
101350
101350
101350
101350
101350
101350
101350
101350
101350
101350
101350
101350
101350
101350
101350
101350
101350
101350
101350
101350
101350
101350
101350
101350
101350
101350
101350
101350
101350
101350
101350
101350
101350
101350
101350
101350
101350
101350
101350
101350
101350
101350
101350
101350
101350
101350
101350
101350
101350
101350
101350
101350
101350
101350
101350
101350
101350
101350
101350
101350
101350
101350
101350
101350
101350
101350
101350
101350
101350
101350
101350
101350
101350
101350
101350
101350
101350
101350
101350
101350
101350
101350
101350
101350
101350
101350
101350
101350
101350
101350
101350
101350
101350
101350
101350
101350
101350
101350
101350
101350
101350
101350
101350
101350
101350
101350
101350
101350
101350
101350
101350
101350
101350
101350
101350
101350
101350
101350
101350
101350
101350
101350
101350
101350
101350
101350
101350
101350
101350
101350
101350
101350
101350
101350
101350
101350
101350
101350
101350
101350
101350
101350
101350
101350
101350
101350
101350
101350
101350
101350
101350
101350
101350
101350
101350
101350
101350
101350
101350
101350
101350
101350
101350
101350
101350
101350
101350
101350
101350
101350
101350
101350
101350
101350
101350
101350
101350
101350
101350
101350
101350
101350
101350
101350
101350
101350
101350
101350
101350
101350
101350
101350
101350
101350
101350
101350
101350
101350
101350
101350
101350
101350
101350
101350
101350
101350
101350
101350
101350
101350
101350
101350
101350
101350
101350
101350
101350
101350
101350
101350
101350
101350
101350
101350
101350
101350
101350
101350
101350
101350
101350
101350
101350
101350
101350
101350
101350
101350
101350
101350
101350
101350
101350
101350
101350
101350
101350
101350
101350
101350
101350
101350
101350
101350
101350
101350
101350
101350
101350
101350
101350
101350
101350
101350
101350
101350
101350
101350
101350
101350
101350
101350
101350
101350
101350
101350
101350
101350
101350
101350
101350
101350
101350
101350
101350
101350
101350
101350
101350
101350
101350
101350
101350
101350
101350
101350
101350
101350
101350
101350
101350
101350
101350
101350
101350
101350
101350
101350
101350
101350
101350
101350
101350
101350
101350
101350
101350
101350
101350
101350
101350
101350
101350
101350
101350
101350
101350
101350
101350
101350
101350
101350
101350
101350
101350
101350
101350
101350
101350
101350
101350
101350
101350
101350
101350
101350
101350
101350
101350
101350
101350
101350
101350
101350
101350
101350
101350
101350
101350
101350
101350
101350
101350
101350
101350
101350
101350
101350
101350
101350
101350
101350
101350
101350
101350
101350
101350
101350
101350
101350
101350
101350
101350
101350
101350
101350
101350
101350
101350
101350
101350
101350
101350
101350
101350
101350
101350
101350
101350
101350
101350
101350
101350
101350
101350
101350
101350
101350
101350
101350
101350
101350
101350
101350
101350
101350
101350
101350
101350
101350
101350
101350
101350
101350
101350
101350
101350
101350
101350
101350
101350
101350
101350
101350
101350
101350
101350
101350
101350
101350
101350
101350
101350
101350
101350
101350
101350
101350
101350
101350
101350
101350
101350
101350
101350
101350
101350
101350
101350
101350
101350
101350
101350
101350
101350
101350
101350
101350
101350
101350
101350
101350
101350
101350
101350
101350
101350
101350
101350
101350
101350
101350
101350
101350
101350
101350
101350
101350
101350
101350
101350
101350
101350
101350
101350
101350
101350
101350
101350
101350
101350
101350
101350
101350
101350
101350
101350
101350
101350
101350
101350
101350
101350
101350
101350
101350
101350
101350
101350
101350
101350
101350
101350
101350
101350
101350
101350
101350
101350
101350
101350
101350
101350
101350
101350
101350
101350
101350
101350
101350
101350
101350
101350
101350
101350
101350
101350
101350
101350
101350
101350
101350
101350
101350
101350
101350
101350
101350
101350
101350
101350
101350
101350
101350
101350
101350
101350
101350
101350
101350
101350
101350
101350
101350
101350
101350
101350
101350
101350
101350
101350
101350
101350
101350
101350
101350
101350
101350
101350
101350
101350
101350
101350
101350
101350
101350
101350
101350
101350
101350
101350
101350
101350
101350
101350
101350
101350
101350
101350
101350
101350
101350
101350
101350
101350
101350
101350
101350
101350
101350
101350
101350
101350
101350
101350
101350
101350
101350
101350
101350
101350
101350
101350
101350
101350
101350
101350
101350
101350
101350
101350
101350
101350
101350
101350
101350
101350
101350
101350
101350
101350
101350
101350
101350
101350
101350
101350
101350
101350
101350
101350
101350
101350
101350
101350
101350
101350
101350
101350
101350
101350
101350
101350
101350
101350
101350
101350
101350
101350
101350
101350
101350
101350
101350
101350
101350
101350
101350
101350
101350
101350
101350
101350
101350
101350
101350
101350
101350
101350
101350
101350
101350
101350
101350
101350
101350
101350
101350
101350
101350
101350
101350
101350
101350
101350
101350
101350
101350
101350
101350
101350
101350
101350
101350
101350
101350
101350
101350
101350
101350
101350
101350
101350
101350
101350
101350
101350
101350
101350
101350
101350
101350
101350
101350
101350
101350
101350
101350
101350
101350
101350
101350
101350
101350
101350
101350
101350
101350
101350
101350
101350
101350
101350
101350
101350
101350
101350
101350
101350
101350
101350
101350
101350
101350
101350
101350
101350
101350
101350
101350
101350
101350
101350
101350
101350
101350
101350
101350
101350
101350
101350
101350
101350
101350
101350
101350
101350
101350
101350
101350
101350
101350
101350
101350
101350
101350
101350
101350
101350
101350
101350
101350
101350
101350
101350
101350
101350
101350
101350
101350
101350
101350
101350
101350
101350
101350
101350
101350
101350
101350
101350
101350
101350
101350
101350
101350
101350
101350
101350
101350
101350
101350
101350
101350
101350
101350
101350
101350
101350
101350
101350
101350
101350
101350
101350
101350
101350
101350
101350
101350
101350
101350
101350
101350
101350
101350
101350
101350
101350
101350
101350
101350
101350
101350
101350
101350
101350
101350
101350
101350
101350
101350
101350
101350
101350
101350
101350
101350
101350
101350
101350
101350
101350
101350
101350
101350
101350
101350
101350
101350
101350
101350
101350
101350
101350
101350
101350
101350
101350
101350
101350
101350
101350
101350
101350
101350
101350
101350
101350
101350
101350
101350
101350
101350
101350
101350
101350
101350
101350
101350
101350
101350
101350
101350
101350
101350
101350
101350
101350
101350
101350
101350
101350
101350
101350
101350
101350
101350
101350
101350
101350
101350
101350
101350
101350
101350
101350
101350
101350
101350
101350
101350
101350
101350
101350
101350
101350
101350
101350
101350
101350
101350
101350
101350
101350
101350
101350
101350
101350
101350
101350
101350
101350
101350
101350
101350
101350
101350
101350
101350
101350
101350
101350
101350
101350
101350
101350
101350
101350
101350
101350
101350
101350
101350
101350
101350
101350
101350
101350
101350
101350
101350
101350
101350
101350
101350
101350
101350
101350
101350
101350
101350
101350
101350
101350
101350
101350
101350
101350
101350
101350
101350
101350
101350
101350
101350
101350
101350
101350
101350
101350
101350
101350
101350
101350
101350
101350
101350
101350
101350
101350
101350
101350
101350
101350
101350
101350
101350
101350
101350
101350
101350
101350
101350
101350
101350
101350
101350
101350
101350
101350
101350
101350
101350
101350
101350
101350
101350
101350
101350
101350
101350
101350
101350
101350
101350
101350
101350
101350
101350
101350
101350
101350
101350
101350
101350
101350
101350
101350
101350
101350
101350
101350
101350
101350
101350
101350
101350
101350
101350
101350
101350
101350
101350
101350
101350
101350
101350
101350
101350
101350
101350
101350
101350
101350
101350
101350
101350
101350
101350
101350
101350
101350
101350
101350
101350
101350
101350
101350
101350
101350
101350
101350
101350
101350
101350
101350
101350
101350
101350
101350
101350
101350
101350
101350
101350
101350
101350
101350
101350
101350
101350
101350
101350
101350
101350
101350
101350
101350
101350
101350
101350
101350
101350
101350
101350
101350
101350
101350
101350
101350
101350
101350
101350
101350
101350
101350
101350
101350
101350
101350
101350
101350
101350
101350
101350
101350
101350
101350
101350
101350
101350
101350
101350
101350
101350
101350
101350
101350
101350
101350
101350
101350
101350
101350
101350
101350
101350
101350
101350
101350
101350
101350
101350
101350
101350
101350
101350
101350
101350
101350
101350
101350
101350
101350
101350
101350
101350
101350
101350
101350
101350
101350
101350
101350
101350
101350
101350
101350
101350
101350
101350
101350
101350
101350
101350
101350
101350
101350
101350
101350
101350
101350
101350
101350
101350
101350
101350
101350
101350
101350
101350
101350
101350
101350
101350
101350
101350
101350
101350
101350
101350
101350
101350
101350
101350
101350
101350
101350
101350
101350
101350
101350
101350
101350
101350
101350
101350
101350
101350
101350
101350
101350
101350
101350
101350
101350
101350
101350
101350
101350
101350
101350
101350
101350
101350
101350
101350
101350
101350
101350
101350
101350
101350
101350
101350
101350
101350
101350
101350
101350
101350
101350
101350
101350
101350
101350
101350
101350
101350
101350
101350
101350
101350
101350
101350
101350
101350
101350
101350
101350
101350
101350
101350
101350
101350
101350
101350
101350
101350
101350
101350
101350
101350
101350
101350
101350
101350
101350
101350
101350
101350
101350
101350
101350
101350
101350
101350
101350
101350
101350
101350
101350
101350
101350
101350
101350
101350
101350
101350
101350
101350
101350
101350
101350
101350
101350
101350
101350
101350
101350
101350
101350
101350
101350
101350
101350
101350
101350
101350
101350
101350
101350
101350
101350
101350
101350
101350
101350
101350
101350
101350
101350
101350
101350
101350
101350
101350
101350
101350
101350
101350
101350
101350
101350
101350
101350
101350
101350
101350
101350
101350
101350
101350
101350
101350
101350
101350
101350
101350
101350
101350
101350
101350
101350
101350
101350
101350
101350
101350
101350
101350
101350
101350
101350
101350
101350
101350
101350
101350
101350
101350
101350
101350
101350
101350
101350
101350
101350
101350
101350
101350
101350
101350
101350
101350
101350
101350
101350
101350
101350
101350
101350
101350
101350
101350
101350
101350
101350
101350
101350
101350
101350
101350
101350
101350
101350
101350
101350
101350
101350
101350
101350
101350
101350
101350
101350
101350
101350
101350
101350
101350
101350
101350
101350
101350
101350
101350
101350
101350
101350
101350
101350
101350
101350
101350
101350
101350
101350
101350
101350
101350
101350
101350
101350
101350
101350
101350
101350
101350
101350
101350
101350
101350
101350
101350
101350
101350
101350
101350
101350
101350
101350
101350
101350
101350
101350
101350
101350
101350
101350
101350
101350
101350
101350
101350
101350
101350
101350
101350
101350
101350
101350
101350
101350
101350
101350
101350
101350
101350
101350
101350
101350
101350
101350
101350
101350
101350
101350
101350
101350
101350
101350
101350
101350
101350
101350
101350
101350
101350
101350
101350
101350
101350
101350
101350
101350
101350
101350
101350
101350
101350
101350
101350
101350
101350
101350
101350
101350
101350
101350
101350
101350
101350
101350
101350
101350
101350
101350
101350
101350
101350
101350
101350
101350
101350
101350
101350
101350
101350
101350
101350
101350
101350
101350
101350
101350
101350
101350
101350
101350
101350
101350
132986
173094
223863
251006
277923
284613
289893
276884
263245
264548
262416
259448
256247
253166
251170
249996
249762
249949
250131
249902
249589
249481
249568
249835
249994
249909
249790
249750
249797
249954
250128
250268
250313
250287
250200
250178
250218
250258
250248
250211
250142
250100
250124
250190
250299
250428
250484
250485
250456
250377
250270
250164
250089
250053
250013
249977
249944
249911
249894
249887
249893
249916
249965
250035
250102
250157
250199
250231
250231
250216
250186
250158
250154
250144
250170
104286
111805
131197
159844
194322
213646
245246
250615
251530
258333
262062
260092
255707
251848
250447
250402
250987
251428
251056
250113
249387
249228
249326
249597
249750
249758
249752
249814
249999
250267
250320
250379
250315
250178
250049
250047
250151
250215
250264
250244
250202
250177
250208
250291
250390
250486
250490
250471
250417
250316
250197
250106
250058
250027
250001
249984
249969
249950
249954
249944
249949
249974
250020
250073
250124
250168
250187
250206
250199
250182
250161
250147
250151
250166
250207
101487
102003
104676
111991
135234
163584
213747
244974
250411
261135
261000
258026
253806
252016
251974
252276
252951
252746
251721
250226
249103
248919
249068
249315
249576
249797
249989
250229
250526
250719
250633
250425
250216
249971
249901
249977
250130
250291
250418
250416
250387
250348
250361
250405
250465
250503
250491
250451
250371
250266
250169
250108
250093
250070
250055
250049
250038
250035
250042
250015
250014
250023
250046
250080
250118
250149
250161
250178
250176
250182
250187
250192
250204
250227
250272
101356
101377
101496
101999
104325
112459
131713
175971
202921
242253
252528
251998
252261
253753
254032
254514
253888
252744
251592
250453
249420
249379
249409
249468
249567
249770
250059
250348
250570
250660
250584
250397
250134
249944
249960
250068
250250
250436
250544
250585
250557
250519
250502
250506
250507
250497
250472
250423
250345
250239
250142
250110
250112
250111
250121
250131
250127
250133
250131
250095
250070
250070
250074
250085
250109
250129
250154
250177
250181
250188
250201
250223
250245
250278
250324
101350
101351
101355
101377
101476
101986
103811
113901
132908
179603
220943
239916
255834
256336
254532
254076
253795
253591
252817
251818
250531
249963
249848
249782
249799
249973
250278
250508
250603
250551
250427
250255
250116
250092
250164
250280
250426
250536
250560
250562
250531
250494
250479
250482
250478
250462
250430
250375
250291
250189
250122
250105
250117
250141
250181
250222
250224
250231
250215
250167
250117
250093
250084
250079
250093
250108
250131
250156
250174
250197
250229
250267
250301
250344
250377
101350
101350
101350
101351
101355
101375
101466
102006
104230
113808
142388
177731
229603
242296
248886
252144
253151
254731
254251
253008
251134
250245
250074
249946
249962
250005
250122
250258
250371
250315
250226
250182
250182
250216
250297
250415
250528
250578
250558
250524
250467
250422
250417
250425
250437
250428
250404
250358
250282
250194
250149
250148
250164
250200
250254
250312
250321
250318
250290
250235
250166
250121
250087
250069
250064
250072
250092
250119
250147
250178
250217
250270
250335
250408
250426
101350
101350
101350
101350
101350
101351
101355
101374
101486
102018
105343
114873
150763
184229
231057
251901
252307
254615
254299
252693
251353
250687
250433
250235
250098
249969
249913
249951
250070
250170
250158
250183
250176
250208
250255
250347
250439
250457
250442
250402
250348
250317
250329
250364
250409
250409
250390
250342
250263
250193
250166
250183
250211
250266
250341
250400
250407
250370
250310
250238
250160
250104
250069
250054
250053
250061
250080
250107
250143
250187
250236
250296
250370
250452
250469
101350
101350
101350
101350
101350
101350
101350
101351
101355
101379
101526
102180
106739
119612
155436
202120
226272
245677
250624
250986
251968
252534
251698
251222
250795
250278
249947
249825
249880
250033
250100
250079
249966
249957
249995
250105
250253
250327
250357
250342
250304
250283
250301
250339
250393
250404
250384
250331
250246
250186
250175
250198
250247
250331
250417
250452
250436
250388
250314
250229
250145
250083
250055
250042
250044
250052
250069
250099
250141
250188
250239
250310
250389
250476
250465
101350
101350
101350
101350
101350
101350
101350
101350
101350
101351
101356
101390
101582
102671
107373
127662
157726
216700
242407
248983
254951
254617
253294
252195
251466
250740
250153
249852
249866
249896
249841
249726
249649
249703
249824
250006
250201
250324
250341
250320
250250
250208
250220
250275
250354
250404
250387
250330
250243
250179
250181
250206
250269
250370
250462
250469
250435
250372
250287
250191
250117
250064
250047
250040
250047
250056
250077
250113
250156
250205
250263
250334
250406
250474
250448
101350
101350
101350
101350
101350
101350
101350
101350
101350
101350
101350
101352
101359
101407
101651
103375
108660
135541
173404
213701
248599
248466
251223
252083
251776
251182
250448
249953
249944
249879
249707
249525
249517
249574
249822
250100
250301
250326
250310
250223
250101
250065
250103
250201
250329
250402
250397
250343
250262
250190
250195
250218
250282
250378
250451
250444
250403
250329
250238
250149
250099
250061
250057
250061
250072
250088
250114
250150
250186
250229
250286
250351
250402
250445
250415
101350
101350
101350
101350
101350
101350
101350
101350
101350
101350
101350
101350
101350
101352
101363
101432
101776
104120
114076
139584
192016
215158
243593
252210
251360
250362
250449
250645
250895
250701
250262
249720
249660
249755
249993
250241
250325
250292
250177
249996
249919
249934
250018
250175
250340
250431
250419
250378
250306
250230
250224
250237
250287
250360
250396
250390
250340
250271
250192
250121
250095
250078
250086
250104
250127
250151
250177
250210
250240
250264
250297
250346
250372
250393
250361
101350
101350
101350
101350
101350
101350
101350
101350
101350
101350
101350
101350
101350
101350
101351
101353
101370
101470
102135
105063
121591
148030
201801
235069
241368
247717
249817
251601
252204
251664
250792
250144
249965
249925
250015
250177
250196
250115
249959
249822
249848
249910
250031
250204
250368
250472
250460
250424
250373
250316
250278
250275
250284
250303
250313
250297
250256
250204
250143
250093
250093
250105
250129
250162
250202
250232
250257
250277
250278
250283
250298
250309
250312
250320
250295
101350
101350
101350
101350
101350
101350
101350
101350
101350
101350
101350
101350
101350
101350
101350
101350
101351
101355
101383
101539
102749
107078
127917
166668
205361
242793
248589
251169
252128
251620
250659
250104
250035
249901
249818
249864
249937
249921
249822
249782
249845
249974
250134
250290
250422
250516
250511
250484
250439
250365
250285
250251
250242
250232
250224
250203
250175
250137
250097
250065
250080
250117
250185
250264
250309
250312
250333
250319
250293
250272
250252
250231
250233
250241
250230
101350
101350
101350
101350
101350
101350
101350
101350
101350
101350
101350
101350
101350
101350
101350
101350
101350
101350
101351
101359
101407
101671
103420
111606
133846
185220
213792
239603
248595
249108
249149
249697
250011
249824
249639
249691
249882
249856
249844
249872
249926
250046
250198
250340
250469
250560
250554
250528
250443
250329
250226
250192
250188
250177
250167
250154
250131
250092
250060
250076
250116
250188
250270
250350
250380
250388
250363
250322
250269
250217
250172
250150
250162
250181
250185
101350
101350
101350
101350
101350
101350
101350
101350
101350
101350
101350
101350
101350
101350
101350
101350
101350
101350
101350
101350
101352
101365
101442
101971
104418
119279
144900
199565
233167
240088
246096
249641
249848
249849
249805
249838
249995
249976
249847
249834
249872
249977
250151
250347
250502
250572
250557
250470
250323
250196
250135
250144
250166
250198
250200
250187
250154
250101
250076
250102
250154
250250
250328
250402
250421
250405
250366
250294
250207
250133
250102
250103
250118
250150
250158
101350
101350
101350
101350
101350
101350
101350
101350
101350
101350
101350
101350
101350
101350
101350
101350
101350
101350
101350
101350
101350
101351
101354
101377
101511
102619
106625
127511
165767
204533
242541
246873
247156
249495
249979
250062
250290
250174
249889
249675
249674
249837
250110
250345
250516
250504
250440
250283
250121
250087
250124
250181
250236
250290
250283
250253
250202
250137
250125
250144
250202
250287
250360
250426
250443
250404
250336
250229
250131
250088
250081
250099
250131
250153
250142
101350
101350
101350
101350
101350
101350
101350
101350
101350
101350
101350
101350
101350
101350
101350
101350
101350
101350
101350
101350
101350
101350
101350
101351
101358
101403
101662
103426
111923
134860
187567
215376
236224
247326
249630
249643
250266
250229
249926
249634
249679
249845
250126
250358
250425
250367
250240
250117
250045
250081
250162
250250
250346
250415
250401
250362
250290
250212
250195
250209
250262
250327
250397
250444
250434
250381
250274
250163
250089
250100
250112
250140
250184
250180
250143
101350
101350
101350
101350
101350
101350
101350
101350
101350
101350
101350
101350
101350
101350
101350
101350
101350
101350
101350
101350
101350
101350
101350
101350
101350
101352
101365
101445
102027
104690
121052
148832
204552
237332
241803
247201
249707
250052
250047
250005
249941
250044
250249
250325
250300
250236
250131
250102
250158
250191
250247
250333
250434
250518
250502
250452
250373
250289
250263
250271
250313
250365
250419
250430
250405
250332
250214
250136
250114
250143
250175
250224
250242
250215
250136
101350
101350
101350
101350
101350
101350
101350
101350
101350
101350
101350
101350
101350
101350
101350
101350
101350
101350
101350
101350
101350
101350
101350
101350
101350
101350
101351
101354
101380
101535
102877
107540
131431
171896
208001
241105
247205
248578
250460
250383
250133
250027
250247
250293
250258
250250
250285
250296
250267
250220
250239
250311
250438
250550
250550
250522
250463
250393
250353
250344
250363
250389
250411
250401
250362
250279
250180
250149
250168
250212
250258
250313
250297
250244
250132
101350
101350
101350
101350
101350
101350
101350
101350
101350
101350
101350
101350
101350
101350
101350
101350
101350
101350
101350
101350
101350
101350
101350
101350
101350
101350
101350
101350
101351
101359
101415
101754
103902
114970
139449
197558
223450
242356
251072
250387
248758
249406
250053
250248
250406
250482
250484
250371
250195
250039
250076
250189
250371
250518
250587
250573
250508
250449
250394
250360
250361
250368
250373
250358
250317
250235
250181
250185
250228
250289
250348
250380
250347
250264
250141
101350
101350
101350
101350
101350
101350
101350
101350
101350
101350
101350
101350
101350
101350
101350
101350
101350
101350
101350
101350
101350
101350
101350
101350
101350
101350
101350
101350
101350
101350
101353
101369
101477
102315
105586
126331
157292
212520
240953
243105
246051
249232
249740
249848
250293
250474
250395
250104
249739
249758
249894
250095
250322
250510
250609
250601
250522
250454
250375
250319
250301
250310
250318
250310
250274
250212
250202
250232
250295
250366
250422
250420
250382
250281
250164
101350
101350
101350
101350
101350
101350
101350
101350
101350
101350
101350
101350
101350
101350
101350
101350
101350
101350
101350
101350
101350
101350
101350
101350
101350
101350
101350
101350
101350
101350
101350
101351
101356
101394
101609
103559
110903
140178
188253
217243
245311
248352
246718
248282
249789
250230
249953
249488
249412
249544
249816
250125
250389
250558
250619
250572
250473
250365
250260
250200
250208
250246
250280
250275
250247
250214
250225
250271
250347
250419
250472
250457
250415
250305
250193
101350
101350
101350
101350
101350
101350
101350
101350
101350
101350
101350
101350
101350
101350
101350
101350
101350
101350
101350
101350
101350
101350
101350
101350
101350
101350
101350
101350
101350
101350
101350
101350
101350
101352
101364
101456
102039
105539
122915
153906
215264
230114
240779
247094
250120
249903
249354
249214
249386
249724
250030
250243
250425
250528
250521
250458
250324
250183
250076
250082
250138
250225
250271
250270
250242
250220
250232
250284
250366
250462
250510
250497
250449
250328
250214
101350
101350
101350
101350
101350
101350
101350
101350
101350
101350
101350
101350
101350
101350
101350
101350
101350
101350
101350
101350
101350
101350
101350
101350
101350
101350
101350
101350
101350
101350
101350
101350
101350
101350
101351
101355
101385
101589
103257
109633
143093
181449
225795
248514
247044
246514
248482
249167
249710
250143
250159
250234
250350
250402
250388
250297
250129
249983
249958
250029
250151
250286
250315
250297
250242
250187
250203
250265
250378
250513
250549
250533
250471
250328
250208
101350
101350
101350
101350
101350
101350
101350
101350
101350
101350
101350
101350
101350
101350
101350
101350
101350
101350
101350
101350
101350
101350
101350
101350
101350
101350
101350
101350
101350
101350
101350
101350
101350
101350
101350
101350
101352
101362
101448
101940
106201
120212
162149
213235
227851
241550
248083
249504
249980
250241
250074
250081
250224
250335
250298
250142
249945
249878
249958
250105
250330
250426
250392
250306
250179
250081
250125
250231
250415
250565
250575
250540
250453
250280
250175
101350
101350
101350
101350
101350
101350
101350
101350
101350
101350
101350
101350
101350
101350
101350
101350
101350
101350
101350
101350
101350
101350
101350
101350
101350
101350
101350
101350
101350
101350
101350
101350
101350
101350
101350
101350
101350
101351
101355
101382
101635
103014
111894
141478
183230
233572
245184
246487
249729
250039
249764
249857
250194
250365
250178
249926
249836
249890
250074
250369
250555
250517
250378
250183
249989
250007
250093
250283
250507
250585
250582
250514
250366
250171
250143
101350
101350
101350
101350
101350
101350
101350
101350
101350
101350
101350
101350
101350
101350
101350
101350
101350
101350
101350
101350
101350
101350
101350
101350
101350
101350
101350
101350
101350
101350
101350
101350
101350
101350
101350
101350
101350
101350
101350
101352
101363
101447
102083
106222
121269
170220
205876
232803
246723
248812
248934
249761
250314
250134
249664
249762
249872
250091
250435
250630
250616
250480
250195
249925
249929
249996
250168
250423
250568
250581
250523
250374
250205
250101
250138
101350
101350
101350
101350
101350
101350
101350
101350
101350
101350
101350
101350
101350
101350
101350
101350
101350
101350
101350
101350
101350
101350
101350
101350
101350
101350
101350
101350
101350
101350
101350
101350
101350
101350
101350
101350
101350
101350
101350
101350
101351
101355
101387
101655
103164
114958
140141
197357
234774
239533
247323
249843
249771
249101
249261
249655
250092
250576
250791
250711
250544
250206
249911
249800
249913
250098
250347
250533
250548
250491
250333
250159
250084
250099
250176
101350
101350
101350
101350
101350
101350
101350
101350
101350
101350
101350
101350
101350
101350
101350
101350
101350
101350
101350
101350
101350
101350
101350
101350
101350
101350
101350
101350
101350
101350
101350
101350
101350
101350
101350
101350
101350
101350
101350
101350
101350
101350
101352
101365
101459
102410
106595
128854
174295
208145
243765
248396
247092
247962
249178
249912
250538
250932
250807
250571
250169
249856
249776
249875
250062
250302
250478
250504
250438
250284
250111
250028
250054
250105
250271
101350
101350
101350
101350
101350
101350
101350
101350
101350
101350
101350
101350
101350
101350
101350
101350
101350
101350
101350
101350
101350
101350
101350
101350
101350
101350
101350
101350
101350
101350
101350
101350
101350
101350
101350
101350
101350
101350
101350
101350
101350
101350
101350
101351
101356
101402
101717
104063
117353
146071
207856
229580
241799
247758
250304
250411
250896
250818
250401
250041
249838
249829
249919
250087
250275
250432
250457
250374
250257
250111
250016
250004
250044
250205
250346
101350
101350
101350
101350
101350
101350
101350
101350
101350
101350
101350
101350
101350
101350
101350
101350
101350
101350
101350
101350
101350
101350
101350
101350
101350
101350
101350
101350
101350
101350
101350
101350
101350
101350
101350
101350
101350
101350
101350
101350
101350
101350
101350
101350
101350
101352
101370
101509
102718
108210
138563
178806
226668
249392
247911
246750
249336
249737
249665
249783
249999
250050
250092
250175
250324
250321
250279
250225
250159
250049
250014
250076
250161
250293
250350
101350
101350
101350
101350
101350
101350
101350
101350
101350
101350
101350
101350
101350
101350
101350
101350
101350
101350
101350
101350
101350
101350
101350
101350
101350
101350
101350
101350
101350
101350
101350
101350
101350
101350
101350
101350
101350
101350
101350
101350
101350
101350
101350
101350
101350
101350
101351
101358
101425
101854
105844
119839
165712
216965
229485
241211
247644
249383
249764
250546
250598
250340
250194
250081
250120
250099
250156
250244
250238
250217
250187
250197
250215
250286
250245
101350
101350
101350
101350
101350
101350
101350
101350
101350
101350
101350
101350
101350
101350
101350
101350
101350
101350
101350
101350
101350
101350
101350
101350
101350
101350
101350
101350
101350
101350
101350
101350
101350
101350
101350
101350
101350
101350
101350
101350
101350
101350
101350
101350
101350
101350
101350
101350
101354
101379
101633
103164
113634
148465
189948
235101
245649
248568
250987
251384
250756
249917
249651
249767
249852
250031
250244
250513
250513
250424
250285
250225
250175
250143
250082
101350
101350
101350
101350
101350
101350
101350
101350
101350
101350
101350
101350
101350
101350
101350
101350
101350
101350
101350
101350
101350
101350
101350
101350
101350
101350
101350
101350
101350
101350
101350
101350
101350
101350
101350
101350
101350
101350
101350
101350
101350
101350
101350
101350
101350
101350
101350
101350
101350
101352
101363
101468
102301
108614
128080
186181
217922
242251
252539
251710
249087
248299
248926
249493
249841
250206
250636
250816
250703
250471
250266
250128
249968
249976
249983
101350
101350
101350
101350
101350
101350
101350
101350
101350
101350
101350
101350
101350
101350
101350
101350
101350
101350
101350
101350
101350
101350
101350
101350
101350
101350
101350
101350
101350
101350
101350
101350
101350
101350
101350
101350
101350
101350
101350
101350
101350
101350
101350
101350
101350
101350
101350
101350
101350
101350
101351
101356
101404
101879
104312
122822
156333
213265
244596
245425
245697
246983
248855
249484
250029
250740
251099
250992
250692
250332
250079
249915
249846
249916
250001
101350
101350
101350
101350
101350
101350
101350
101350
101350
101350
101350
101350
101350
101350
101350
101350
101350
101350
101350
101350
101350
101350
101350
101350
101350
101350
101350
101350
101350
101350
101350
101350
101350
101350
101350
101350
101350
101350
101350
101350
101350
101350
101350
101350
101350
101350
101350
101350
101350
101350
101350
101350
101353
101378
101554
103553
112113
147744
201824
225303
242258
248602
248853
249531
250784
251442
251210
250824
250392
250063
249887
249809
249829
249949
250139
101350
101350
101350
101350
101350
101350
101350
101350
101350
101350
101350
101350
101350
101350
101350
101350
101350
101350
101350
101350
101350
101350
101350
101350
101350
101350
101350
101350
101350
101350
101350
101350
101350
101350
101350
101350
101350
101350
101350
101350
101350
101350
101350
101350
101350
101350
101350
101350
101350
101350
101350
101350
101350
101351
101362
101480
102317
108459
135153
178920
232973
246128
246807
250070
251327
251148
250775
250200
249966
249857
249820
249845
249949
250161
250438
101350
101350
101350
101350
101350
101350
101350
101350
101350
101350
101350
101350
101350
101350
101350
101350
101350
101350
101350
101350
101350
101350
101350
101350
101350
101350
101350
101350
101350
101350
101350
101350
101350
101350
101350
101350
101350
101350
101350
101350
101350
101350
101350
101350
101350
101350
101350
101350
101350
101350
101350
101350
101350
101350
101351
101356
101414
101862
105795
120491
176512
213053
237674
251459
251725
249607
249182
249495
249743
249737
249793
250014
250229
250516
250714
101350
101350
101350
101350
101350
101350
101350
101350
101350
101350
101350
101350
101350
101350
101350
101350
101350
101350
101350
101350
101350
101350
101350
101350
101350
101350
101350
101350
101350
101350
101350
101350
101350
101350
101350
101350
101350
101350
101350
101350
101350
101350
101350
101350
101350
101350
101350
101350
101350
101350
101350
101350
101350
101350
101350
101350
101354
101380
101672
103322
118652
151655
205885
243102
245378
246350
247953
249676
249923
249886
250112
250342
250513
250765
250854
101350
101350
101350
101350
101350
101350
101350
101350
101350
101350
101350
101350
101350
101350
101350
101350
101350
101350
101350
101350
101350
101350
101350
101350
101350
101350
101350
101350
101350
101350
101350
101350
101350
101350
101350
101350
101350
101350
101350
101350
101350
101350
101350
101350
101350
101350
101350
101350
101350
101350
101350
101350
101350
101350
101350
101350
101350
101352
101368
101493
103041
111015
141902
199553
222946
241850
250434
250340
250096
250218
250648
250640
250650
250851
250880
101350
101350
101350
101350
101350
101350
101350
101350
101350
101350
101350
101350
101350
101350
101350
101350
101350
101350
101350
101350
101350
101350
101350
101350
101350
101350
101350
101350
101350
101350
101350
101350
101350
101350
101350
101350
101350
101350
101350
101350
101350
101350
101350
101350
101350
101350
101350
101350
101350
101350
101350
101350
101350
101350
101350
101350
101350
101350
101351
101359
101450
102244
107372
134646
175645
231942
248601
247521
249502
250629
250593
250440
250525
250825
250854
101350
101350
101350
101350
101350
101350
101350
101350
101350
101350
101350
101350
101350
101350
101350
101350
101350
101350
101350
101350
101350
101350
101350
101350
101350
101350
101350
101350
101350
101350
101350
101350
101350
101350
101350
101350
101350
101350
101350
101350
101350
101350
101350
101350
101350
101350
101350
101350
101350
101350
101350
101350
101350
101350
101350
101350
101350
101350
101350
101351
101355
101408
101818
105855
120254
177882
220131
238456
247978
251283
250381
249293
250033
250680
250721
101350
101350
101350
101350
101350
101350
101350
101350
101350
101350
101350
101350
101350
101350
101350
101350
101350
101350
101350
101350
101350
101350
101350
101350
101350
101350
101350
101350
101350
101350
101350
101350
101350
101350
101350
101350
101350
101350
101350
101350
101350
101350
101350
101350
101350
101350
101350
101350
101350
101350
101350
101350
101350
101350
101350
101350
101350
101350
101350
101350
101350
101353
101380
101691
103436
119437
157158
211039
246955
247497
247226
248175
249747
250544
250442
101350
101350
101350
101350
101350
101350
101350
101350
101350
101350
101350
101350
101350
101350
101350
101350
101350
101350
101350
101350
101350
101350
101350
101350
101350
101350
101350
101350
101350
101350
101350
101350
101350
101350
101350
101350
101350
101350
101350
101350
101350
101350
101350
101350
101350
101350
101350
101350
101350
101350
101350
101350
101350
101350
101350
101350
101350
101350
101350
101350
101350
101350
101352
101370
101510
103228
112881
149070
211242
228253
242886
249775
250658
250127
249983
101350
101350
101350
101350
101350
101350
101350
101350
101350
101350
101350
101350
101350
101350
101350
101350
101350
101350
101350
101350
101350
101350
101350
101350
101350
101350
101350
101350
101350
101350
101350
101350
101350
101350
101350
101350
101350
101350
101350
101350
101350
101350
101350
101350
101350
101350
101350
101350
101350
101350
101350
101350
101350
101350
101350
101350
101350
101350
101350
101350
101350
101350
101350
101351
101361
101470
102539
109489
145245
185897
236770
250295
247581
248047
249296
101350
101350
101350
101350
101350
101350
101350
101350
101350
101350
101350
101350
101350
101350
101350
101350
101350
101350
101350
101350
101350
101350
101350
101350
101350
101350
101350
101350
101350
101350
101350
101350
101350
101350
101350
101350
101350
101350
101350
101350
101350
101350
101350
101350
101350
101350
101350
101350
101350
101350
101350
101350
101350
101350
101350
101350
101350
101350
101350
101350
101350
101350
101350
101350
101351
101357
101432
102076
108711
129335
191910
231385
239001
246548
249903
101350
101350
101350
101350
101350
101350
101350
101350
101350
101350
101350
101350
101350
101350
101350
101350
101350
101350
101350
101350
101350
101350
101350
101350
101350
101350
101350
101350
101350
101350
101350
101350
101350
101350
101350
101350
101350
101350
101350
101350
101350
101350
101350
101350
101350
101350
101350
101350
101350
101350
101350
101350
101350
101350
101350
101350
101350
101350
101350
101350
101350
101350
101350
101350
101350
101350
101355
101400
101987
105391
129727
177565
221784
245081
249767
101350
101350
101350
101350
101350
101350
101350
101350
101350
101350
101350
101350
101350
101350
101350
101350
101350
101350
101350
101350
101350
101350
101350
101350
101350
101350
101350
101350
101350
101350
101350
101350
101350
101350
101350
101350
101350
101350
101350
101350
101350
101350
101350
101350
101350
101350
101350
101350
101350
101350
101350
101350
101350
101350
101350
101350
101350
101350
101350
101350
101350
101350
101350
101350
101350
101350
101350
101353
101390
101688
105276
120758
173048
223976
245285
101350
101350
101350
101350
101350
101350
101350
101350
101350
101350
101350
101350
101350
101350
101350
101350
101350
101350
101350
101350
101350
101350
101350
101350
101350
101350
101350
101350
101350
101350
101350
101350
101350
101350
101350
101350
101350
101350
101350
101350
101350
101350
101350
101350
101350
101350
101350
101350
101350
101350
101350
101350
101350
101350
101350
101350
101350
101350
101350
101350
101350
101350
101350
101350
101350
101350
101350
101350
101352
101375
101646
103729
118907
162727
226034
101350
101350
101350
101350
101350
101350
101350
101350
101350
101350
101350
101350
101350
101350
101350
101350
101350
101350
101350
101350
101350
101350
101350
101350
101350
101350
101350
101350
101350
101350
101350
101350
101350
101350
101350
101350
101350
101350
101350
101350
101350
101350
101350
101350
101350
101350
101350
101350
101350
101350
101350
101350
101350
101350
101350
101350
101350
101350
101350
101350
101350
101350
101350
101350
101350
101350
101350
101350
101350
101352
101369
101533
103304
114211
178198
101350
101350
101350
101350
101350
101350
101350
101350
101350
101350
101350
101350
101350
101350
101350
101350
101350
101350
101350
101350
101350
101350
101350
101350
101350
101350
101350
101350
101350
101350
101350
101350
101350
101350
101350
101350
101350
101350
101350
101350
101350
101350
101350
101350
101350
101350
101350
101350
101350
101350
101350
101350
101350
101350
101350
101350
101350
101350
101350
101350
101350
101350
101350
101350
101350
101350
101350
101350
101350
101350
101351
101364
101483
103057
129856
101350
101350
101350
101350
101350
101350
101350
101350
101350
101350
101350
101350
101350
101350
101350
101350
101350
101350
101350
101350
101350
101350
101350
101350
101350
101350
101350
101350
101350
101350
101350
101350
101350
101350
101350
101350
101350
101350
101350
101350
101350
101350
101350
101350
101350
101350
101350
101350
101350
101350
101350
101350
101350
101350
101350
101350
101350
101350
101350
101350
101350
101350
101350
101350
101350
101350
101350
101350
101350
101350
101350
101351
101360
101587
107882
101350
101350
101350
101350
101350
101350
101350
101350
101350
101350
101350
101350
101350
101350
101350
101350
101350
101350
101350
101350
101350
101350
101350
101350
101350
101350
101350
101350
101350
101350
101350
101350
101350
101350
101350
101350
101350
101350
101350
101350
101350
101350
101350
101350
101350
101350
101350
101350
101350
101350
101350
101350
101350
101350
101350
101350
101350
101350
101350
101350
101350
101350
101350
101350
101350
101350
101350
101350
101350
101350
101350
101350
101351
101386
102411
101350
101350
101350
101350
101350
101350
101350
101350
101350
101350
101350
101350
101350
101350
101350
101350
101350
101350
101350
101350
101350
101350
101350
101350
101350
101350
101350
101350
101350
101350
101350
101350
101350
101350
101350
101350
101350
101350
101350
101350
101350
101350
101350
101350
101350
101350
101350
101350
101350
101350
101350
101350
101350
101350
101350
101350
101350
101350
101350
101350
101350
101350
101350
101350
101350
101350
101350
101350
101350
101350
101350
101350
101350
101355
101490
101350
101350
101350
101350
101350
101350
101350
101350
101350
101350
101350
101350
101350
101350
101350
101350
101350
101350
101350
101350
101350
101350
101350
101350
101350
101350
101350
101350
101350
101350
101350
101350
101350
101350
101350
101350
101350
101350
101350
101350
101350
101350
101350
101350
101350
101350
101350
101350
101350
101350
101350
101350
101350
101350
101350
101350
101350
101350
101350
101350
101350
101350
101350
101350
101350
101350
101350
101350
101350
101350
101350
101350
101350
101351
101367
101350
101350
101350
101350
101350
101350
101350
101350
101350
101350
101350
101350
101350
101350
101350
101350
101350
101350
101350
101350
101350
101350
101350
101350
101350
101350
101350
101350
101350
101350
101350
101350
101350
101350
101350
101350
101350
101350
101350
101350
101350
101350
101350
101350
101350
101350
101350
101350
101350
101350
101350
101350
101350
101350
101350
101350
101350
101350
101350
101350
101350
101350
101350
101350
101350
101350
101350
101350
101350
101350
101350
101350
101350
101350
101352
101350
101350
101350
101350
101350
101350
101350
101350
101350
101350
101350
101350
101350
101350
101350
101350
101350
101350
101350
101350
101350
101350
101350
101350
101350
101350
101350
101350
101350
101350
101350
101350
101350
101350
101350
101350
101350
101350
101350
101350
101350
101350
101350
101350
101350
101350
101350
101350
101350
101350
101350
101350
101350
101350
101350
101350
101350
101350
101350
101350
101350
101350
101350
101350
101350
101350
101350
101350
101350
101350
101350
101350
101350
101350
101350
101350
101350
101350
101350
101350
101350
101350
101350
101350
101350
101350
101350
101350
101350
101350
101350
101350
101350
101350
101350
101350
101350
101350
101350
101350
101350
101350
101350
101350
101350
101350
101350
101350
101350
101350
101350
101350
101350
101350
101350
101350
101350
101350
101350
101350
101350
101350
101350
101350
101350
101350
101350
101350
101350
101350
101350
101350
101350
101350
101350
101350
101350
101350
101350
101350
101350
101350
101350
101350
101350
101350
101350
101350
101350
101350
101350
101350
101350
101350
101350
101350
101350
101350
101350
101350
101350
101350
101350
101350
101350
101350
101350
101350
101350
101350
101350
101350
101350
101350
101350
101350
101350
101350
101350
101350
101350
101350
101350
101350
101350
101350
101350
101350
101350
101350
101350
101350
101350
101350
101350
101350
101350
101350
101350
101350
101350
101350
101350
101350
101350
101350
101350
101350
101350
101350
101350
101350
101350
101350
101350
101350
101350
101350
101350
101350
101350
101350
101350
101350
101350
101350
101350
101350
101350
101350
101350
101350
101350
101350
101350
101350
101350
101350
101350
101350
101350
101350
101350
101350
101350
101350
101350
101350
101350
101350
101350
101350
101350
101350
101350
101350
101350
101350
101350
101350
101350
101350
101350
101350
101350
101350
101350
101350
101350
101350
101350
101350
101350
101350
101350
101350
101350
101350
101350
101350
101350
101350
101350
101350
101350
101350
101350
101350
101350
101350
101350
101350
101350
101350
101350
101350
101350
101350
101350
101350
101350
101350
101350
101350
101350
101350
101350
101350
101350
101350
101350
101350
101350
101350
101350
101350
101350
101350
101350
101350
101350
101350
101350
101350
101350
101350
101350
101350
101350
101350
101350
101350
101350
101350
101350
101350
101350
101350
101350
101350
101350
101350
101350
101350
101350
101350
101350
101350
101350
101350
101350
101350
101350
101350
101350
101350
101350
101350
101350
101350
101350
101350
101350
101350
101350
101350
101350
101350
101350
101350
101350
101350
101350
101350
101350
101350
101350
101350
101350
101350
101350
101350
101350
101350
101350
101350
101350
101350
101350
101350
101350
101350
101350
101350
101350
101350
101350
101350
101350
101350
101350
101350
101350
101350
101350
101350
101350
101350
101350
101350
101350
101350
101350
101350
101350
101350
101350
101350
101350
101350
101350
101350
101350
101350
101350
101350
101350
101350
101350
101350
101350
101350
101350
101350
101350
101350
101350
101350
101350
101350
101350
101350
101350
101350
101350
101350
101350
101350
101350
101350
101350
101350
101350
101350
101350
101350
101350
101350
101350
101350
101350
101350
101350
101350
101350
101350
101350
101350
101350
101350
101350
101350
101350
101350
101350
101350
101350
101350
101350
101350
101350
101350
101350
101350
101350
101350
101350
101350
101350
101350
101350
101350
101350
101350
101350
101350
101350
101350
101350
101350
101350
101350
101350
101350
101350
101350
101350
101350
101350
101350
101350
101350
101350
101350
101350
101350
101350
101350
101350
101350
101350
101350
101350
101350
101350
101350
101350
101350
101350
101350
101350
101350
101350
101350
101350
101350
101350
101350
101350
101350
101350
101350
101350
101350
101350
101350
101350
101350
101350
101350
101350
101350
101350
101350
101350
101350
101350
101350
101350
101350
101350
101350
101350
101350
101350
101350
101350
101350
101350
101350
101350
101350
101350
101350
101350
101350
101350
101350
101350
101350
101350
101350
101350
101350
101350
101350
101350
101350
101350
101350
101350
101350
101350
101350
101350
101350
101350
101350
101350
101350
101350
101350
101350
101350
101350
101350
101350
101350
101350
101350
101350
101350
101350
101350
101350
101350
101350
101350
101350
101350
101350
101350
101350
101350
101350
101350
101350
101350
101350
101350
101350
101350
101350
101350
101350
101350
101350
101350
101350
101350
101350
101350
101350
101350
101350
101350
101350
101350
101350
101350
101350
101350
101350
101350
101350
101350
101350
101350
101350
101350
101350
101350
101350
101350
101350
101350
101350
101350
101350
101350
101350
101350
101350
101350
101350
101350
101350
101350
101350
101350
101350
101350
101350
101350
101350
101350
101350
101350
101350
101350
101350
101350
101350
101350
101350
101350
101350
101350
101350
101350
101350
101350
101350
101350
101350
101350
101350
101350
101350
101350
101350
101350
101350
101350
101350
101350
101350
101350
101350
101350
101350
101350
101350
101350
101350
101350
101350
101350
101350
101350
101350
101350
101350
101350
101350
101350
101350
101350
101350
101350
101350
101350
101350
101350
101350
101350
101350
101350
101350
101350
101350
101350
101350
101350
101350
101350
101350
101350
101350
101350
101350
101350
101350
101350
101350
101350
101350
101350
101350
101350
101350
101350
101350
101350
101350
101350
101350
101350
101350
101350
101350
101350
101350
101350
101350
101350
101350
101350
101350
101350
101350
101350
101350
101350
101350
101350
101350
101350
101350
101350
101350
101350
101350
101350
101350
101350
101350
101350
101350
101350
101350
101350
101350
101350
101350
101350
101350
101350
101350
101350
101350
101350
101350
101350
101350
101350
101350
101350
101350
101350
101350
101350
101350
101350
101350
101350
101350
101350
101350
101350
101350
101350
101350
101350
101350
101350
101350
101350
101350
101350
101350
101350
101350
101350
101350
101350
101350
101350
101350
101350
101350
101350
101350
101350
101350
101350
101350
101350
101350
101350
101350
101350
101350
101350
101350
101350
101350
101350
101350
101350
101350
101350
101350
101350
101350
101350
101350
101350
101350
101350
101350
101350
101350
101350
101350
101350
101350
101350
101350
101350
101350
101350
101350
101350
101350
101350
101350
101350
101350
101350
101350
101350
101350
101350
101350
101350
101350
101350
101350
101350
101350
101350
101350
101350
101350
101350
101350
101350
101350
101350
101350
101350
101350
101350
101350
101350
101350
101350
101350
101350
101350
101350
101350
101350
101350
101350
101350
101350
101350
101350
101350
101350
101350
101350
101350
101350
101350
101350
101350
101350
101350
101350
101350
101350
101350
101350
101350
101350
101350
101350
101350
101350
101350
101350
101350
101350
101350
101350
101350
101350
101350
101350
101350
101350
101350
101350
101350
101350
101350
101350
101350
101350
101350
101350
101350
101350
101350
101350
101350
101350
101350
101350
101350
101350
101350
101350
101350
101350
101350
101350
101350
101350
101350
101350
101350
101350
101350
101350
101350
101350
101350
101350
101350
101350
101350
101350
101350
101350
101350
101350
101350
101350
101350
101350
101350
101350
101350
101350
101350
101350
101350
101350
101350
101350
101350
101350
101350
101350
101350
101350
101350
101350
101350
101350
101350
101350
101350
101350
101350
101350
101350
101350
101350
101350
101350
101350
101350
101350
101350
101350
101350
101350
101350
101350
101350
101350
101350
101350
101350
101350
101350
101350
101350
101350
101350
101350
101350
101350
101350
101350
101350
101350
101350
101350
101350
101350
101350
101350
101350
101350
101350
101350
101350
101350
101350
101350
101350
101350
101350
101350
101350
101350
101350
101350
101350
101350
101350
101350
101350
101350
101350
101350
101350
101350
101350
101350
101350
101350
101350
101350
101350
101350
101350
101350
101350
101350
101350
101350
101350
101350
101350
101350
101350
101350
101350
101350
101350
101350
101350
101350
101350
101350
101350
101350
101350
101350
101350
101350
101350
101350
101350
101350
101350
101350
101350
101350
101350
101350
101350
101350
101350
101350
101350
101350
101350
101350
101350
101350
101350
101350
101350
101350
101350
101350
101350
101350
101350
101350
101350
101350
101350
101350
101350
101350
101350
101350
101350
101350
101350
101350
101350
101350
101350
101350
101350
101350
101350
101350
101350
101350
101350
101350
101350
101350
101350
101350
101350
101350
101350
101350
101350
101350
101350
101350
101350
101350
101350
101350
101350
101350
101350
101350
101350
101350
101350
101350
101350
101350
101350
101350
101350
101350
101350
101350
101350
101350
101350
101350
101350
101350
101350
101350
101350
101350
101350
101350
101350
101350
101350
101350
101350
101350
101350
101350
101350
101350
101350
101350
101350
101350
101350
101350
101350
101350
101350
101350
101350
101350
101350
101350
101350
101350
101350
101350
101350
101350
101350
101350
101350
101350
101350
101350
101350
101350
101350
101350
101350
101350
101350
101350
101350
101350
101350
101350
101350
101350
101350
101350
101350
101350
101350
101350
101350
101350
101350
101350
101350
101350
101350
101350
101350
101350
101350
101350
101350
101350
101350
101350
101350
101350
101350
101350
101350
101350
101350
101350
101350
101350
101350
101350
101350
101350
101350
101350
101350
101350
101350
101350
101350
101350
101350
101350
101350
101350
101350
101350
101350
101350
101350
101350
101350
101350
101350
101350
101350
101350
101350
101350
101350
101350
101350
101350
101350
101350
101350
101350
101350
101350
101350
101350
101350
101350
101350
101350
101350
101350
101350
101350
101350
101350
101350
101350
101350
101350
101350
101350
101350
101350
101350
101350
101350
101350
101350
101350
101350
101350
101350
101350
101350
101350
101350
101350
101350
101350
101350
101350
101350
101350
101350
101350
101350
101350
101350
101350
101350
)
;

boundaryField
{
    inlet
    {
        type            fixedValue;
        value           uniform 101350;
    }
    outlet
    {
        type            zeroGradient;
    }
    bottom
    {
        type            symmetryPlane;
    }
    top
    {
        type            symmetryPlane;
    }
    obstacle
    {
        type            zeroGradient;
    }
    defaultFaces
    {
        type            empty;
    }
}


// ************************************************************************* //
