# File Name: BLLT.dat
# Large Tunnel boundary layer at cube location                                    
#
#         "Uh, m/s"       "d, mm"     "h, mm"         
#          4.22            6.0         240.0           
# (z-d)/h  U/Uh          u'2bar/Uh2      v'2bar/Uh2   w'2bar/Uh2      -u'w'bar/Uh2
  0.163   7.270E-01       2.419E-02       9999.9       7.255E-03       5.101E-03
  0.183   7.501E-01       2.294E-02       9999.9       7.336E-03       4.683E-03
  0.225   7.812E-01       2.345E-02       9999.9       8.001E-03       5.025E-03
  0.267   7.887E-01       2.204E-02       9999.9       7.942E-03       4.901E-03
  0.308   8.361E-01       2.113E-02       9999.9       8.111E-03       4.415E-03
  0.350   8.493E-01       2.146E-02       9999.9       8.140E-03       4.616E-03
  0.392   8.689E-01       1.999E-02       9999.9       8.089E-03       4.522E-03
  0.475   8.918E-01       1.816E-02       9999.9       8.457E-03       3.977E-03
  0.600   9.318E-01       1.823E-02       9999.9       8.603E-03       4.166E-03
  0.808   9.658E-01       1.594E-02       9999.9       8.784E-03       3.817E-03
  1.017   9.894E-01       1.528E-02       9999.9       8.672E-03       3.648E-03
  1.225   1.028E+00       1.508E-02       9999.9       8.895E-03       3.611E-03
  1.433   1.052E+00       1.506E-02       9999.9       9.214E-03       4.351E-03
  1.642   1.067E+00       1.440E-02       9999.9       8.411E-03       4.213E-03
  1.850   1.097E+00       1.342E-02       9999.9       8.229E-03       3.654E-03
  2.058   1.124E+00       1.250E-02       9999.9       7.818E-03       3.747E-03
#  
#          "Uh, m/s"       "d, mm"     "h, mm"              
#           8.45            6.0         240.0                
# (z-d)/h  U/Uh          u'2bar/Uh2      v'2bar/Uh2   w'2bar/Uh2      -u'w'bar/Uh2
  0.163   7.471E-01       2.459E-02       9999.9       7.255E-03       5.101E-03
  0.183   7.502E-01       2.557E-02       9999.9       7.336E-03       4.683E-03
  0.225   7.843E-01       2.440E-02       9999.9       8.001E-03       5.025E-03
  0.267   8.129E-01       2.273E-02       9999.9       7.942E-03       4.901E-03
  0.308   8.394E-01       2.204E-02       9999.9       8.111E-03       4.415E-03
  0.350   8.588E-01       2.057E-02       9999.9       8.140E-03       4.616E-03
  0.392   8.719E-01       2.021E-02       9999.9       8.089E-03       4.522E-03
  0.475   8.977E-01       2.027E-02       9999.9       8.457E-03       3.977E-03
  0.600   9.357E-01       1.809E-02       9999.9       8.603E-03       4.166E-03
  0.808   9.696E-01       1.662E-02       9999.9       8.784E-03       3.817E-03
  1.017   1.001E+00       1.681E-02       9999.9       8.672E-03       3.648E-03
  1.225   1.040E+00       1.555E-02       9999.9       8.895E-03       3.611E-03
  1.433   1.067E+00       1.519E-02       9999.9       9.214E-03       4.351E-03
  1.642   1.096E+00       1.379E-02       9999.9       8.411E-03       4.213E-03
  1.850   1.117E+00       1.262E-02       9999.9       8.229E-03       3.654E-03
  2.058   1.143E+00       1.171E-02       9999.9       7.818E-03       3.747E-03
#                                          
#          "Uh, m/s"       "d, mm"     "h, mm"              
#           12.70           6.0         240.0                
# (z-d)/h  U/Uh          u'2bar/Uh2      v'2bar/Uh2   w'2bar/Uh2      -u'w'bar/Uh2
  0.163   7.190E-01       2.576E-02       9999.9       8.367E-03       5.279E-03
  0.183   7.482E-01       2.610E-02       9999.9       8.114E-03       5.207E-03
  0.225   7.698E-01       2.480E-02       9999.9       8.182E-03       5.144E-03
  0.267   8.023E-01       2.355E-02       9999.9       8.360E-03       5.176E-03
  0.308   8.278E-01       2.304E-02       9999.9       8.371E-03       4.803E-03
  0.350   8.474E-01       2.183E-02       9999.9       8.487E-03       4.916E-03
  0.392   8.743E-01       2.176E-02       9999.9       9.075E-03       4.766E-03
  0.475   9.017E-01       1.936E-02       9999.9       9.493E-03       4.927E-03
  0.600   9.328E-01       1.956E-02       9999.9       9.532E-03       4.650E-03
  0.808   9.745E-01       1.761E-02       9999.9       9.527E-03       4.490E-03
  1.017   1.011E+00       1.570E-02       9999.9       9.572E-03       4.460E-03
  1.225   1.050E+00       1.568E-02       9999.9       9.024E-03       4.161E-03
  1.433   1.070E+00       1.486E-02       9999.9       8.916E-03       4.103E-03
  1.642   1.092E+00       1.471E-02       9999.9       8.430E-03       4.184E-03
  1.850   1.115E+00       1.323E-02       9999.9       7.991E-03       3.773E-03
  2.058   1.144E+00       1.172E-02       9999.9       7.279E-03       3.261E-03
#                                          
#          "Uh, m/s"       "d, mm"     "h, mm"              
#           16.90           6.0         240.0                
# (z-d)/h  U/Uh          u'2bar/Uh2      v'2bar/Uh2   w'2bar/Uh2      -u'w'bar/Uh2
  0.163   7.167E-01       2.519E-02       9999.9       8.346E-03       5.184E-03
  0.183   7.323E-01       2.563E-02       9999.9       8.625E-03       5.578E-03
  0.225   7.640E-01       2.394E-02       9999.9       8.901E-03       5.581E-03
  0.267   8.033E-01       2.369E-02       9999.9       8.774E-03       5.052E-03
  0.308   8.248E-01       2.474E-02       9999.9       8.591E-03       5.211E-03
  0.350   8.349E-01       2.267E-02       9999.9       8.742E-03       5.310E-03
  0.392   8.650E-01       2.078E-02       9999.9       8.474E-03       4.535E-03
  0.475   8.856E-01       2.085E-02       9999.9       9.433E-03       4.999E-03
  0.600   9.243E-01       1.898E-02       9999.9       9.335E-03       4.334E-03
  0.808   9.639E-01       1.785E-02       9999.9       9.382E-03       4.378E-03
  1.017   1.003E+00       1.717E-02       9999.9       9.433E-03       4.440E-03
  1.225   1.038E+00       1.602E-02       9999.9       9.361E-03       4.187E-03
  1.433   1.061E+00       1.619E-02       9999.9       9.054E-03       4.488E-03
  1.642   1.093E+00       1.405E-02       9999.9       8.532E-03       4.168E-03
  1.850   1.114E+00       1.339E-02       9999.9       7.942E-03       3.673E-03
  2.058   1.141E+00       1.204E-02       9999.9       7.131E-03       3.317E-03
#  
#          "Uh, m/s"       "d, mm"     "h, mm"              
#           2.180E+01       6.0         240.0                
# (z-d)/h  U/Uh          u'2bar/Uh2      v'2bar/Uh2   w'2bar/Uh2      -u'w'bar/Uh2
  0.163   7.024E-01       2.760E-02       9999.9       8.026E-03       5.474E-03
  0.183   7.256E-01       2.657E-02       9999.9       8.228E-03       5.397E-03
  0.225   7.681E-01       2.538E-02       9999.9       8.148E-03       5.315E-03
  0.267   7.841E-01       2.351E-02       9999.9       8.002E-03       4.946E-03
  0.308   8.119E-01       2.285E-02       9999.9       7.929E-03       4.794E-03
  0.350   8.425E-01       2.204E-02       9999.9       8.391E-03       4.832E-03
  0.392   8.509E-01       2.130E-02       9999.9       8.565E-03       4.757E-03
  0.475   8.826E-01       2.007E-02       9999.9       8.687E-03       4.605E-03
  0.600   9.156E-01       1.941E-02       9999.9       8.909E-03       4.592E-03
  0.808   9.612E-01       1.643E-02       9999.9       9.036E-03       4.194E-03
  1.017   9.950E-01       1.594E-02       9999.9       9.027E-03       4.228E-03
  1.225   1.020E+00       1.524E-02       9999.9       8.875E-03       4.058E-03
  1.433   1.046E+00       1.501E-02       9999.9       8.574E-03       4.068E-03
  1.642   1.073E+00       1.322E-02       9999.9       7.981E-03       3.536E-03
  1.850   1.102E+00       1.225E-02       9999.9       7.408E-03       3.359E-03
  2.058   1.118E+00       1.124E-02       9999.9       6.957E-03       3.164E-03
